7.581501068000000000e+09	2.186890600000000132e-03	1.980287399999999982e-03
7.581505068000000000e+09	2.394848499999999939e-03	1.468470400000000068e-03
7.581509068000000000e+09	2.585621399999999889e-03	2.003031900000000042e-03
7.581513068000000000e+09	2.059758499999999812e-03	1.907547600000000093e-03
7.581517068000000000e+09	2.288654099999999809e-03	1.738528999999999942e-03
7.581521068000000000e+09	2.414420899999999894e-03	1.468474700000000016e-03
7.581525068000000000e+09	2.231673200000000058e-03	1.397041500000000078e-03
7.581529068000000000e+09	2.531764100000000184e-03	1.631011599999999907e-03
7.581533068000000000e+09	2.453066099999999874e-03	1.747207400000000107e-03
7.581537068000000000e+09	2.307053400000000018e-03	1.690147400000000053e-03
7.581541068000000000e+09	2.149893200000000011e-03	1.622522900000000030e-03
7.581545068000000000e+09	2.551860799999999818e-03	1.618115500000000002e-03
7.581549068000000000e+09	2.217848399999999831e-03	1.777029899999999938e-03
7.581553068000000000e+09	2.384225199999999868e-03	1.382473900000000038e-03
7.581557068000000000e+09	2.269271199999999857e-03	1.785321400000000006e-03
7.581561068000000000e+09	2.220338799999999925e-03	1.680738300000000083e-03
7.581565068000000000e+09	2.509581299999999980e-03	1.456957800000000100e-03
7.581569068000000000e+09	3.016455099999999952e-03	1.599163000000000017e-03
7.581573068000000000e+09	2.433486299999999998e-03	1.981562999999999988e-03
7.581577068000000000e+09	2.867079800000000081e-03	1.482420500000000089e-03
7.581581068000000000e+09	2.256141499999999873e-03	1.625412899999999997e-03
7.581585068000000000e+09	2.399267999999999974e-03	1.332796200000000092e-03
7.581589068000000000e+09	2.668565199999999981e-03	1.848669100000000084e-03
7.581593068000000000e+09	2.801668800000000053e-03	1.579151599999999980e-03
7.581597068000000000e+09	2.490771299999999799e-03	2.009510999999999849e-03
7.581601068000000000e+09	2.836528000000000053e-03	1.564070899999999960e-03
7.581605068000000000e+09	2.528871399999999946e-03	1.699911400000000050e-03
7.581609068000000000e+09	2.627060000000000072e-03	1.625014199999999997e-03
7.581613068000000000e+09	2.437087499999999844e-03	1.609636999999999917e-03
7.581617068000000000e+09	2.388686300000000210e-03	1.334677100000000076e-03
7.581621068000000000e+09	2.594414599999999953e-03	1.421853199999999900e-03
7.581625068000000000e+09	2.635470200000000068e-03	1.394867799999999994e-03
7.581629068000000000e+09	2.774464400000000060e-03	1.334217699999999977e-03
7.581633068000000000e+09	2.646026699999999912e-03	1.545919900000000072e-03
7.581637068000000000e+09	2.692398600000000131e-03	1.223945500000000108e-03
7.581641068000000000e+09	2.785738199999999911e-03	1.412378400000000077e-03
7.581645068000000000e+09	2.410016400000000204e-03	1.489724599999999984e-03
7.581649068000000000e+09	2.642115200000000070e-03	1.338728800000000023e-03
7.581653068000000000e+09	2.637885400000000106e-03	1.399643199999999962e-03
7.581657068000000000e+09	2.345099900000000102e-03	1.264830900000000081e-03
7.581661068000000000e+09	2.806749099999999910e-03	1.557107199999999917e-03
7.581665068000000000e+09	2.377496000000000210e-03	1.676673600000000040e-03
7.581669068000000000e+09	2.556600599999999789e-03	1.885783100000000068e-03
7.581673068000000000e+09	2.214016200000000142e-03	1.577179699999999973e-03
7.581677068000000000e+09	2.929869199999999944e-03	1.318195500000000041e-03
7.581681068000000000e+09	2.951693899999999898e-03	1.613930099999999999e-03
7.581685068000000000e+09	2.420553199999999835e-03	1.491828099999999982e-03
7.581689068000000000e+09	2.650194299999999916e-03	1.660266799999999925e-03
7.581693068000000000e+09	2.317227900000000135e-03	1.471601600000000103e-03
7.581697068000000000e+09	2.299983700000000041e-03	1.468366000000000029e-03
7.581701068000000000e+09	2.840469799999999819e-03	1.434938900000000059e-03
7.581705068000000000e+09	2.580301100000000156e-03	1.405126499999999985e-03
7.581709068000000000e+09	2.668986700000000167e-03	1.229955700000000046e-03
7.581713068000000000e+09	2.443013799999999795e-03	1.455768999999999987e-03
7.581717068000000000e+09	2.861583899999999882e-03	1.378444599999999924e-03
7.581721068000000000e+09	2.525518899999999907e-03	9.388903000000000526e-04
7.581725068000000000e+09	2.648686500000000093e-03	1.383918899999999914e-03
7.581729068000000000e+09	2.625507200000000083e-03	1.424683900000000029e-03
7.581733068000000000e+09	3.147816900000000202e-03	1.468538699999999940e-03
7.581737068000000000e+09	2.758203299999999972e-03	1.145856900000000091e-03
7.581741068000000000e+09	2.699263099999999957e-03	1.024952399999999901e-03
7.581745068000000000e+09	2.420004500000000076e-03	9.992148000000000609e-04
7.581749068000000000e+09	2.717443700000000181e-03	1.331637600000000086e-03
7.581753068000000000e+09	2.288649600000000010e-03	1.521278299999999925e-03
7.581757068000000000e+09	2.607091199999999817e-03	1.196650000000000057e-03
7.581761068000000000e+09	2.581070799999999818e-03	1.032451900000000075e-03
7.581765068000000000e+09	2.733149900000000129e-03	1.285282700000000026e-03
7.581769068000000000e+09	2.656126100000000007e-03	1.363152000000000070e-03
7.581773068000000000e+09	2.436029499999999882e-03	1.046559299999999960e-03
7.581777068000000000e+09	2.479066199999999890e-03	1.438142299999999995e-03
7.581781068000000000e+09	2.751141400000000053e-03	9.593470999999999683e-04
7.581785068000000000e+09	2.651510799999999991e-03	1.340571299999999922e-03
7.581789068000000000e+09	2.504969499999999856e-03	1.094806600000000022e-03
7.581793068000000000e+09	2.867718699999999808e-03	1.339648500000000094e-03
7.581797068000000000e+09	2.528152899999999963e-03	1.363815800000000049e-03
7.581801068000000000e+09	3.117795799999999867e-03	1.329689599999999989e-03
7.581805068000000000e+09	2.589142699999999811e-03	1.175747800000000046e-03
7.581809068000000000e+09	2.817628799999999812e-03	1.271145700000000022e-03
7.581813068000000000e+09	2.504970799999999866e-03	1.397128899999999958e-03
7.581817068000000000e+09	2.594958799999999913e-03	1.235680999999999976e-03
7.581821068000000000e+09	2.407920500000000196e-03	1.297627499999999936e-03
7.581825068000000000e+09	2.446741599999999878e-03	1.385135299999999898e-03
7.581829068000000000e+09	2.951866999999999946e-03	1.130778499999999989e-03
7.581833068000000000e+09	2.564992700000000118e-03	9.194815000000000496e-04
7.581837068000000000e+09	2.742404600000000140e-03	1.126283999999999966e-03
7.581841068000000000e+09	2.927665199999999936e-03	9.140370999999999566e-04
7.581845068000000000e+09	2.744858099999999794e-03	1.273813699999999964e-03
7.581849068000000000e+09	2.979034299999999864e-03	1.451705300000000068e-03
7.581853068000000000e+09	2.574048199999999856e-03	8.314905000000000039e-04
7.581857068000000000e+09	2.659532799999999881e-03	7.575611999999999797e-04
7.581861068000000000e+09	2.856015999999999850e-03	8.731356999999999487e-04
7.581865068000000000e+09	2.408447099999999792e-03	9.305135999999999876e-04
7.581869068000000000e+09	2.870646200000000203e-03	1.216787599999999978e-03
7.581873068000000000e+09	2.705240900000000122e-03	8.405440999999999607e-04
7.581877068000000000e+09	2.521948400000000121e-03	8.639694999999999753e-04
7.581881068000000000e+09	2.778665400000000178e-03	1.455777799999999952e-03
7.581885068000000000e+09	2.589226100000000062e-03	7.216736999999999545e-04
7.581889068000000000e+09	2.801957999999999793e-03	8.980944000000000253e-04
7.581893068000000000e+09	2.664483899999999916e-03	1.012346899999999996e-03
7.581897068000000000e+09	2.792892700000000183e-03	9.530922999999999956e-04
7.581901068000000000e+09	2.679066300000000015e-03	1.233808999999999991e-03
7.581905068000000000e+09	2.687454200000000213e-03	1.061580400000000039e-03
7.581909068000000000e+09	3.356453000000000127e-03	1.129628599999999913e-03
7.581913068000000000e+09	2.942425600000000020e-03	1.197047300000000014e-03
7.581917068000000000e+09	2.784708900000000195e-03	6.410540999999999852e-04
7.581921068000000000e+09	2.932329200000000080e-03	7.750327999999999905e-04
7.581925068000000000e+09	2.909070699999999950e-03	5.525118000000000520e-04
7.581929068000000000e+09	2.823176499999999894e-03	8.826136999999999958e-04
7.581933068000000000e+09	2.695644599999999849e-03	1.067092699999999976e-03
7.581937068000000000e+09	2.790771899999999923e-03	6.520461000000000182e-04
7.581941068000000000e+09	2.733932200000000184e-03	1.281503299999999911e-03
7.581945068000000000e+09	2.560986700000000144e-03	1.178476400000000052e-03
7.581949068000000000e+09	2.899530400000000126e-03	6.809112000000000411e-04
7.581953068000000000e+09	3.021708499999999856e-03	9.462888999999999719e-04
7.581957068000000000e+09	2.829672000000000090e-03	9.125223999999999488e-04
7.581961068000000000e+09	2.618600999999999915e-03	7.312211000000000318e-04
7.581965068000000000e+09	3.052914999999999796e-03	6.821162000000000405e-04
7.581969068000000000e+09	2.588824799999999825e-03	9.582316999999999484e-04
7.581973068000000000e+09	2.728782099999999943e-03	6.001512000000000079e-04
7.581977068000000000e+09	2.579093599999999955e-03	7.101259000000000174e-04
7.581981068000000000e+09	2.649827899999999872e-03	9.040120000000000447e-04
7.581985068000000000e+09	2.711658799999999876e-03	1.198117899999999935e-03
7.581989068000000000e+09	2.802733400000000097e-03	7.214513000000000089e-04
7.581993068000000000e+09	2.461342599999999815e-03	6.503691999999999937e-04
7.581997068000000000e+09	2.661314499999999864e-03	1.122749699999999948e-03
7.582001068000000000e+09	2.660643700000000101e-03	7.644770999999999858e-04
7.582005068000000000e+09	2.640494100000000208e-03	9.227368000000000115e-04
7.582009068000000000e+09	2.553782499999999837e-03	9.069583000000000202e-04
7.582013068000000000e+09	2.836861999999999891e-03	9.661379999999999578e-04
7.582017068000000000e+09	2.649560100000000057e-03	9.060112999999999630e-04
7.582021068000000000e+09	2.658147899999999900e-03	7.423565999999999932e-04
7.582025068000000000e+09	2.462692600000000037e-03	4.246381000000000027e-04
7.582029068000000000e+09	2.620005700000000142e-03	9.245818000000000049e-04
7.582033068000000000e+09	2.720295800000000017e-03	8.191516000000000465e-04
7.582037068000000000e+09	2.919029200000000136e-03	9.804696999999998937e-04
7.582041068000000000e+09	2.861187600000000050e-03	8.037323000000000297e-04
7.582045068000000000e+09	2.787864000000000141e-03	7.987575999999999704e-04
7.582049068000000000e+09	2.673629099999999884e-03	1.171674500000000107e-03
7.582053068000000000e+09	2.834023900000000058e-03	7.798157000000000222e-04
7.582057068000000000e+09	2.827919400000000055e-03	5.794247999999999890e-04
7.582061068000000000e+09	2.497626199999999821e-03	5.742578999999999826e-04
7.582065068000000000e+09	2.674882500000000125e-03	1.176757500000000017e-03
7.582069068000000000e+09	2.950787399999999991e-03	9.727644000000000134e-04
7.582073068000000000e+09	2.973726800000000160e-03	7.696439999999999922e-04
7.582077068000000000e+09	3.111986900000000052e-03	5.678378999999999458e-04
7.582081068000000000e+09	2.926157700000000216e-03	5.492949999999999916e-04
7.582085068000000000e+09	2.792260700000000206e-03	9.345405000000000422e-04
7.582089068000000000e+09	2.844646299999999822e-03	6.756759000000000202e-04
7.582093068000000000e+09	2.702444699999999832e-03	6.225760000000000105e-04
7.582097068000000000e+09	2.602966200000000029e-03	6.859954000000000355e-04
7.582101068000000000e+09	2.522443399999999784e-03	5.156428999999999483e-04
7.582105068000000000e+09	2.854037800000000080e-03	9.952092000000000056e-04
7.582109068000000000e+09	2.607734100000000041e-03	7.964097000000000060e-04
7.582113068000000000e+09	2.872362700000000071e-03	8.227739000000000406e-04
7.582117068000000000e+09	2.699097000000000128e-03	7.281106000000000080e-04
7.582121068000000000e+09	2.684793699999999794e-03	8.674356999999999727e-04
7.582125068000000000e+09	2.575986599999999932e-03	9.653071000000000264e-04
7.582129068000000000e+09	2.474763699999999855e-03	4.538578000000000035e-04
7.582133068000000000e+09	2.540923200000000121e-03	3.469707000000000151e-04
7.582137068000000000e+09	2.519430699999999825e-03	5.339891999999999729e-04
7.582141068000000000e+09	2.752499600000000036e-03	5.887358000000000088e-04
7.582145068000000000e+09	2.974793700000000121e-03	9.938754999999999205e-04
7.582149068000000000e+09	3.018914699999999951e-03	5.331444999999999977e-04
7.582153068000000000e+09	2.982726299999999883e-03	6.058288000000000431e-04
7.582157068000000000e+09	2.626390100000000182e-03	7.545984000000000155e-04
7.582161068000000000e+09	2.920073100000000060e-03	4.803197999999999951e-04
7.582165068000000000e+09	2.884724100000000003e-03	6.771003000000000265e-04
7.582169068000000000e+09	2.681156999999999985e-03	5.582312999999999555e-04
7.582173068000000000e+09	3.022293699999999920e-03	6.282834000000000162e-04
7.582177068000000000e+09	2.800043099999999924e-03	3.888593999999999992e-04
7.582181068000000000e+09	3.146186200000000103e-03	4.649744000000000251e-04
7.582185068000000000e+09	2.689741399999999970e-03	4.090038000000000159e-04
7.582189068000000000e+09	2.910754299999999874e-03	5.994626000000000295e-04
7.582193068000000000e+09	2.798336900000000099e-03	7.069221999999999789e-04
7.582197068000000000e+09	3.074090199999999877e-03	6.058751000000000024e-04
7.582201068000000000e+09	2.972255200000000104e-03	6.542478000000000009e-04
7.582205068000000000e+09	2.735037999999999966e-03	5.001348000000000078e-04
7.582209068000000000e+09	2.869073700000000001e-03	2.206239999999999937e-04
7.582213068000000000e+09	3.041247200000000029e-03	5.164294000000000263e-04
7.582217068000000000e+09	2.679297399999999892e-03	4.736106999999999817e-04
7.582221068000000000e+09	2.850565800000000056e-03	2.522827000000000164e-04
7.582225068000000000e+09	2.260887499999999790e-03	5.622036000000000394e-04
7.582229068000000000e+09	2.807710900000000027e-03	4.851324999999999973e-04
7.582233068000000000e+09	2.705306900000000077e-03	3.098155000000000223e-04
7.582237068000000000e+09	2.484351899999999967e-03	3.013894000000000252e-04
7.582241068000000000e+09	2.841112099999999838e-03	7.096561999999999835e-04
7.582245068000000000e+09	3.031180300000000175e-03	3.624351000000000157e-04
7.582249068000000000e+09	2.602097299999999933e-03	4.128120000000000042e-05
7.582253068000000000e+09	2.593947799999999932e-03	1.051222000000000013e-04
7.582257068000000000e+09	2.968769400000000145e-03	3.369870999999999978e-04
7.582261068000000000e+09	2.904389099999999876e-03	1.781440999999999873e-04
7.582265068000000000e+09	2.839429699999999890e-03	2.139363999999999936e-04
7.582269068000000000e+09	3.008427599999999921e-03	1.439082000000000056e-04
7.582273068000000000e+09	3.157077900000000194e-03	2.213847000000000015e-04
7.582277068000000000e+09	2.652069400000000091e-03	1.032390999999999989e-04
7.582281068000000000e+09	2.893814399999999898e-03	4.749533999999999917e-04
7.582285068000000000e+09	2.979715799999999807e-03	1.580364999999999971e-04
7.582289068000000000e+09	2.686338800000000193e-03	1.473745999999999899e-04
7.582293068000000000e+09	2.818610899999999912e-03	4.463097999999999870e-04
7.582297068000000000e+09	2.856571300000000126e-03	2.222562999999999882e-04
7.582301068000000000e+09	2.836172000000000085e-03	5.216230000000000302e-04
7.582305068000000000e+09	2.996014700000000208e-03	1.229655000000000071e-04
7.582309068000000000e+09	2.974944399999999902e-03	3.680261999999999900e-04
7.582313068000000000e+09	2.640173600000000204e-03	1.721398000000000014e-04
7.582317068000000000e+09	2.832465000000000156e-03	-2.828635999999999933e-04
7.582321068000000000e+09	2.847267899999999987e-03	-1.558320000000000015e-05
7.582325068000000000e+09	3.159445800000000148e-03	2.072773000000000085e-04
7.582329068000000000e+09	2.968273100000000039e-03	1.209078000000000014e-04
7.582333068000000000e+09	2.678794600000000171e-03	3.353803000000000253e-04
7.582337068000000000e+09	2.985570400000000027e-03	1.376154000000000038e-04
7.582341068000000000e+09	2.897369600000000104e-03	4.110097000000000164e-04
7.582345068000000000e+09	2.608384999999999957e-03	5.264270000000000337e-05
7.582349068000000000e+09	2.631357200000000035e-03	-2.376469999999999966e-05
7.582353068000000000e+09	2.876225699999999854e-03	2.081812000000000050e-04
7.582357068000000000e+09	2.737490700000000214e-03	3.475317000000000120e-04
7.582361068000000000e+09	3.004567399999999791e-03	-2.456296999999999973e-04
7.582365068000000000e+09	3.085496300000000174e-03	2.945814999999999849e-04
7.582369068000000000e+09	2.732543100000000072e-03	5.994529999999999678e-05
7.582373068000000000e+09	2.706622200000000176e-03	-1.724418000000000131e-04
7.582377068000000000e+09	2.992102099999999990e-03	6.988500000000000090e-06
7.582381068000000000e+09	2.779887200000000051e-03	-3.147237000000000103e-04
7.582385068000000000e+09	3.298213600000000131e-03	-1.730480000000000074e-05
7.582389068000000000e+09	3.279077799999999872e-03	2.397140000000000024e-04
7.582393068000000000e+09	2.616071000000000195e-03	-2.522223999999999994e-04
7.582397068000000000e+09	2.680719299999999913e-03	1.224389999999999978e-05
7.582401068000000000e+09	2.816121100000000023e-03	-1.949459999999999865e-04
7.582405068000000000e+09	2.607262600000000152e-03	1.796854000000000127e-04
7.582409068000000000e+09	2.827674300000000175e-03	7.663239999999999494e-05
7.582413068000000000e+09	2.749914300000000106e-03	2.860744000000000134e-04
7.582417068000000000e+09	2.899085200000000098e-03	1.807285999999999962e-04
7.582421068000000000e+09	2.955291499999999818e-03	4.035426999999999743e-04
7.582425068000000000e+09	2.880783899999999915e-03	-2.619725000000000265e-04
7.582429068000000000e+09	3.024327099999999865e-03	-8.532959999999999699e-05
7.582433068000000000e+09	2.938759300000000092e-03	3.568318999999999810e-04
7.582437068000000000e+09	2.630919299999999895e-03	-2.788336000000000200e-04
7.582441068000000000e+09	2.641838300000000188e-03	5.208389999999999781e-05
7.582445068000000000e+09	2.889792400000000105e-03	6.213919999999999622e-05
7.582449068000000000e+09	2.865185599999999898e-03	-3.201316000000000166e-04
7.582453068000000000e+09	2.728303000000000065e-03	-1.447125000000000006e-04
7.582457068000000000e+09	3.138949900000000126e-03	-6.771450000000000364e-05
7.582461068000000000e+09	3.092375699999999877e-03	-8.894900000000000506e-05
7.582465068000000000e+09	2.813175499999999961e-03	1.991122000000000009e-04
7.582469068000000000e+09	3.026361600000000186e-03	-5.670000000000000127e-04
7.582473068000000000e+09	3.022475000000000162e-03	7.344229999999999986e-05
7.582477068000000000e+09	2.579252000000000194e-03	-2.099844000000000016e-04
7.582481068000000000e+09	2.840960899999999886e-03	-9.964950000000000196e-05
7.582485068000000000e+09	2.623673100000000011e-03	-3.094398999999999848e-04
7.582489068000000000e+09	2.888926400000000130e-03	3.743229999999999735e-05
7.582493068000000000e+09	2.856668900000000014e-03	-1.489259999999999900e-04
7.582497068000000000e+09	2.697421199999999828e-03	-2.024051999999999980e-04
7.582501068000000000e+09	3.264073399999999851e-03	-2.816560000000000016e-05
7.582505068000000000e+09	2.828537199999999960e-03	-4.530495000000000268e-04
7.582509068000000000e+09	2.712186899999999984e-03	-6.465089999999999455e-05
7.582513068000000000e+09	2.671716599999999966e-03	-2.722007000000000246e-04
7.582517068000000000e+09	2.672743300000000096e-03	-2.005317999999999966e-04
7.582521068000000000e+09	2.952614499999999843e-03	-5.876895999999999509e-04
7.582525068000000000e+09	2.764114199999999875e-03	-1.990871000000000069e-04
7.582529068000000000e+09	2.931972100000000171e-03	-5.054410999999999540e-04
7.582533068000000000e+09	2.802062799999999968e-03	-3.461447000000000200e-04
7.582537068000000000e+09	2.465180899999999849e-03	-2.861181999999999875e-04
7.582541068000000000e+09	2.396531700000000160e-03	-6.080592999999999805e-04
7.582545068000000000e+09	2.696479600000000094e-03	-5.498960999999999476e-04
7.582549068000000000e+09	2.821085399999999788e-03	-7.426308000000000388e-04
7.582553068000000000e+09	2.777192800000000215e-03	-4.573681000000000231e-04
7.582557068000000000e+09	2.563559500000000147e-03	-5.586322999999999810e-04
7.582561068000000000e+09	2.625908100000000182e-03	-3.794437000000000005e-04
7.582565068000000000e+09	2.770791500000000050e-03	-6.898107000000000327e-04
7.582569068000000000e+09	2.681101999999999878e-03	-4.479967000000000064e-04
7.582573068000000000e+09	2.737008600000000180e-03	-3.660000000000000059e-04
7.582577068000000000e+09	2.672465499999999907e-03	-3.334413999999999954e-04
7.582581068000000000e+09	2.565341200000000130e-03	-7.195427000000000116e-04
7.582585068000000000e+09	3.150101700000000008e-03	-1.446248999999999983e-04
7.582589068000000000e+09	2.711720199999999997e-03	-6.500005999999999579e-04
7.582593068000000000e+09	2.844124999999999865e-03	-3.271498999999999761e-04
7.582597068000000000e+09	3.103159400000000002e-03	-2.460461999999999957e-04
7.582601068000000000e+09	2.573974900000000014e-03	-4.152383000000000051e-04
7.582605068000000000e+09	2.761802900000000140e-03	-4.897230999999999937e-04
7.582609068000000000e+09	2.719671099999999928e-03	-4.246925999999999935e-04
7.582613068000000000e+09	2.724251799999999855e-03	-6.333553999999999703e-04
7.582617068000000000e+09	2.766721299999999866e-03	-8.284101999999999785e-04
7.582621068000000000e+09	2.572216600000000204e-03	-9.477253999999999843e-04
7.582625068000000000e+09	2.886978699999999919e-03	-3.244876000000000271e-04
7.582629068000000000e+09	2.709369699999999905e-03	-3.220384999999999763e-04
7.582633068000000000e+09	2.897554399999999804e-03	-3.644313999999999952e-04
7.582637068000000000e+09	2.746050500000000050e-03	-5.274872999999999802e-04
7.582641068000000000e+09	2.740722799999999963e-03	-5.900947000000000137e-04
7.582645068000000000e+09	2.644860100000000214e-03	-5.140012000000000010e-04
7.582649068000000000e+09	2.697379399999999885e-03	-3.327491999999999820e-04
7.582653068000000000e+09	2.567445099999999831e-03	-3.797160999999999744e-04
7.582657068000000000e+09	2.507298299999999921e-03	-5.673298999999999703e-04
7.582661068000000000e+09	2.658805800000000035e-03	-7.502747000000000149e-04
7.582665068000000000e+09	2.516367900000000130e-03	-5.182907000000000486e-04
7.582669068000000000e+09	2.530489500000000086e-03	-8.684097999999999470e-04
7.582673068000000000e+09	2.732076700000000188e-03	-3.802942000000000019e-04
7.582677068000000000e+09	2.200032800000000042e-03	-8.745989999999999927e-04
7.582681068000000000e+09	2.712416100000000080e-03	-8.755940999999999724e-04
7.582685068000000000e+09	2.825637499999999937e-03	-8.267542999999999594e-04
7.582689068000000000e+09	2.415024999999999897e-03	-4.375701000000000070e-04
7.582693068000000000e+09	2.600991699999999785e-03	-7.232662000000000379e-04
7.582697068000000000e+09	2.619208100000000074e-03	-6.835996000000000000e-04
7.582701068000000000e+09	2.750073699999999819e-03	-1.071306900000000041e-03
7.582705068000000000e+09	2.770978999999999803e-03	-7.577935999999999743e-04
7.582709068000000000e+09	2.596748800000000124e-03	-6.823365999999999546e-04
7.582713068000000000e+09	2.458961500000000130e-03	-9.146186999999999850e-04
7.582717068000000000e+09	2.665017500000000164e-03	-5.058929999999999894e-04
7.582721068000000000e+09	2.570558200000000199e-03	-1.163693599999999920e-03
7.582725068000000000e+09	2.467719000000000162e-03	-1.039228099999999931e-03
7.582729068000000000e+09	2.351390400000000214e-03	-5.684635000000000165e-04
7.582733068000000000e+09	2.504021800000000211e-03	-1.127917700000000004e-03
7.582737068000000000e+09	1.925011099999999944e-03	-7.843550999999999605e-04
7.582741068000000000e+09	2.319186400000000127e-03	-1.042579799999999914e-03
7.582745068000000000e+09	2.346322200000000146e-03	-8.242733000000000351e-04
7.582749068000000000e+09	2.297318599999999787e-03	-1.045738600000000037e-03
7.582753068000000000e+09	2.694945700000000045e-03	-9.173207999999999536e-04
7.582757068000000000e+09	2.165355600000000089e-03	-1.268178900000000104e-03
7.582761068000000000e+09	2.354666400000000187e-03	-1.266776399999999976e-03
7.582765068000000000e+09	2.451646200000000102e-03	-1.014818000000000013e-03
7.582769068000000000e+09	2.259854700000000181e-03	-1.182984499999999942e-03
7.582773068000000000e+09	2.534634599999999790e-03	-7.418410999999999538e-04
7.582777068000000000e+09	2.032413700000000080e-03	-8.760267000000000401e-04
7.582781068000000000e+09	2.557936299999999906e-03	-1.281857499999999915e-03
7.582785068000000000e+09	2.376258500000000187e-03	-1.150200500000000048e-03
7.582789068000000000e+09	2.112999999999999861e-03	-1.010483400000000091e-03
7.582793068000000000e+09	2.340554300000000001e-03	-1.361525799999999987e-03
7.582797068000000000e+09	2.060115899999999823e-03	-1.303060599999999970e-03
7.582801068000000000e+09	2.122342900000000025e-03	-1.039041899999999970e-03
7.582805068000000000e+09	2.260628299999999872e-03	-1.362806000000000043e-03
7.582809068000000000e+09	2.119118799999999969e-03	-8.600800000000000459e-04
7.582813068000000000e+09	1.825992299999999909e-03	-1.211885499999999956e-03
7.582817068000000000e+09	1.565950100000000015e-03	-1.360344000000000093e-03
7.582821068000000000e+09	1.880400099999999988e-03	-1.188489299999999924e-03
7.582825068000000000e+09	2.197857599999999880e-03	-1.375942200000000075e-03
7.582829068000000000e+09	2.101510600000000215e-03	-1.188737000000000040e-03
7.582833068000000000e+09	1.790098800000000006e-03	-1.446271399999999978e-03
7.582837068000000000e+09	2.502115999999999976e-03	-1.099035799999999998e-03
7.582841068000000000e+09	2.071690199999999798e-03	-1.248708000000000066e-03
7.582845068000000000e+09	2.037440000000000171e-03	-1.398946299999999972e-03
7.582849068000000000e+09	2.167115800000000113e-03	-1.543668100000000027e-03
7.582853068000000000e+09	1.886416400000000054e-03	-1.282353800000000021e-03
7.582857068000000000e+09	1.996954000000000003e-03	-1.444355600000000019e-03
7.582861068000000000e+09	1.740364299999999989e-03	-1.445343599999999963e-03
7.582865068000000000e+09	1.892250800000000108e-03	-1.623713599999999924e-03
7.582869068000000000e+09	1.554024200000000055e-03	-1.085262299999999918e-03
7.582873068000000000e+09	1.790441700000000060e-03	-1.243474100000000089e-03
7.582877068000000000e+09	1.716902499999999922e-03	-1.536450699999999990e-03
7.582881068000000000e+09	1.636534700000000057e-03	-1.411357700000000041e-03
7.582885068000000000e+09	1.820067000000000082e-03	-1.380351099999999965e-03
7.582889068000000000e+09	1.819295799999999909e-03	-1.506864699999999925e-03
7.582893068000000000e+09	1.474800899999999942e-03	-1.415156000000000096e-03
7.582897068000000000e+09	1.400825399999999993e-03	-1.859826499999999924e-03
7.582901068000000000e+09	1.447369100000000033e-03	-1.242085599999999965e-03
7.582905068000000000e+09	1.680194999999999996e-03	-1.654930700000000008e-03
7.582909068000000000e+09	1.221427699999999995e-03	-1.206021999999999953e-03
7.582913068000000000e+09	1.199809700000000054e-03	-1.194379800000000026e-03
7.582917068000000000e+09	1.571645499999999940e-03	-1.521065399999999967e-03
7.582921068000000000e+09	1.573707900000000017e-03	-9.994652000000000137e-04
7.582925068000000000e+09	1.170057400000000091e-03	-1.266044600000000011e-03
7.582929068000000000e+09	1.354414200000000033e-03	-1.401722499999999948e-03
7.582933068000000000e+09	1.202022899999999946e-03	-1.532955300000000010e-03
7.582937068000000000e+09	1.312007100000000051e-03	-1.207013000000000053e-03
7.582941068000000000e+09	1.430146399999999898e-03	-1.497931199999999940e-03
7.582945068000000000e+09	1.025761700000000056e-03	-1.315530199999999936e-03
7.582949068000000000e+09	1.208707199999999905e-03	-1.433342100000000027e-03
7.582953068000000000e+09	9.237895000000000091e-04	-1.713548799999999907e-03
7.582957068000000000e+09	1.166776800000000067e-03	-1.090172900000000019e-03
7.582961068000000000e+09	1.160622800000000098e-03	-1.516834699999999913e-03
7.582965068000000000e+09	1.002836000000000005e-03	-1.682201900000000012e-03
7.582969068000000000e+09	1.123301699999999965e-03	-1.487920800000000054e-03
7.582973068000000000e+09	9.150223999999999554e-04	-1.486548199999999931e-03
7.582977068000000000e+09	1.170423899999999953e-03	-1.174655900000000017e-03
7.582981068000000000e+09	8.981746000000000521e-04	-1.418909899999999972e-03
7.582985068000000000e+09	4.702086999999999760e-04	-1.405036900000000005e-03
7.582989068000000000e+09	6.180718999999999666e-04	-1.266206800000000028e-03
7.582993068000000000e+09	7.753245999999999662e-04	-1.404439900000000038e-03
7.582997068000000000e+09	8.856900999999999923e-04	-1.402611700000000027e-03
7.583001068000000000e+09	3.238472999999999851e-04	-1.336500900000000104e-03
7.583005068000000000e+09	8.645909000000000233e-04	-1.190561900000000010e-03
7.583009068000000000e+09	6.838217999999999857e-04	-1.406267199999999959e-03
7.583013068000000000e+09	8.408184999999999661e-04	-1.311666900000000050e-03
7.583017068000000000e+09	4.705983000000000171e-04	-1.203125499999999938e-03
7.583021068000000000e+09	1.016308799999999894e-03	-1.020529700000000076e-03
7.583025068000000000e+09	7.728223000000000427e-04	-1.032821300000000058e-03
7.583029068000000000e+09	4.703897000000000070e-04	-1.453877500000000074e-03
7.583033068000000000e+09	2.305097999999999999e-04	-1.081648499999999895e-03
7.583037068000000000e+09	2.712306999999999847e-04	-1.445977599999999971e-03
7.583041068000000000e+09	7.205494999999999695e-04	-8.495568999999999907e-04
7.583045068000000000e+09	5.464256000000000018e-04	-1.080947799999999910e-03
7.583049068000000000e+09	4.761791999999999826e-04	-1.340639200000000092e-03
7.583053068000000000e+09	5.355409999999999468e-04	-9.359445000000000308e-04
7.583057068000000000e+09	6.510094999999999814e-04	-6.731748999999999979e-04
7.583061068000000000e+09	3.900385999999999827e-04	-8.795050000000000437e-04
7.583065068000000000e+09	4.802152999999999760e-04	-1.017476600000000002e-03
7.583069068000000000e+09	5.612737999999999929e-04	-6.459464000000000265e-04
7.583073068000000000e+09	3.737311999999999904e-04	-6.403987000000000524e-04
7.583077068000000000e+09	3.160242999999999755e-04	-1.206121899999999976e-03
7.583081068000000000e+09	4.406756000000000063e-04	-9.408783999999999464e-04
7.583085068000000000e+09	5.203881000000000262e-04	-8.207003999999999732e-04
7.583089068000000000e+09	6.646974999999999629e-04	-7.648009000000000317e-04
7.583093068000000000e+09	1.606392000000000052e-04	-6.261396999999999709e-04
7.583097068000000000e+09	4.279916000000000037e-04	-1.122808600000000084e-03
7.583101068000000000e+09	3.214653999999999732e-04	-8.064367000000000237e-04
7.583105068000000000e+09	4.864165999999999737e-04	-7.102952999999999958e-04
7.583109068000000000e+09	2.144779000000000086e-04	-6.589760999999999536e-04
7.583113068000000000e+09	3.096740000000000170e-04	-6.637763000000000300e-04
7.583117068000000000e+09	2.127910000000000096e-05	-6.059057999999999545e-04
7.583121068000000000e+09	2.574460000000000081e-05	-6.554990999999999596e-04
7.583125068000000000e+09	4.288116000000000128e-04	-4.330801999999999807e-04
7.583129068000000000e+09	1.584432999999999946e-04	-6.581300999999999688e-04
7.583133068000000000e+09	7.372859999999999744e-05	-4.097945999999999880e-04
7.583137068000000000e+09	1.928211000000000096e-04	-7.281775000000000530e-04
7.583141068000000000e+09	1.263065000000000010e-04	-7.327469999999999557e-04
7.583145068000000000e+09	3.126486999999999734e-04	-6.591716999999999759e-04
7.583149068000000000e+09	2.839014000000000056e-04	-6.553452999999999883e-04
7.583153068000000000e+09	2.751903000000000205e-04	-5.625854000000000228e-04
7.583157068000000000e+09	3.335082999999999863e-04	-4.498796000000000218e-04
7.583161068000000000e+09	1.119960999999999965e-04	-4.153814000000000139e-04
7.583165068000000000e+09	2.394921000000000105e-04	-3.303345999999999865e-04
7.583169068000000000e+09	7.306212000000000513e-04	-1.804410999999999960e-04
7.583173068000000000e+09	-1.493159999999999948e-05	-6.008286999999999959e-04
7.583177068000000000e+09	3.176486999999999865e-04	-5.398259999999999777e-04
7.583181068000000000e+09	3.912311000000000022e-04	-6.377976000000000478e-04
7.583185068000000000e+09	4.178729999999999885e-05	-4.271465999999999805e-04
7.583189068000000000e+09	1.102176000000000067e-04	-8.513486000000000230e-04
7.583193068000000000e+09	2.893019999999999958e-05	-5.451297000000000130e-04
7.583197068000000000e+09	2.008002999999999958e-04	-3.175852000000000167e-04
7.583201068000000000e+09	8.516379999999999935e-05	-7.985347999999999969e-04
7.583205068000000000e+09	2.028862999999999890e-04	-1.766043000000000127e-04
7.583209068000000000e+09	2.169217999999999938e-04	-2.786523999999999750e-04
7.583213068000000000e+09	-2.431490000000000127e-04	-7.534287000000000189e-04
7.583217068000000000e+09	1.808093000000000037e-04	-4.656268999999999990e-04
7.583221068000000000e+09	2.681817000000000077e-04	-2.841936999999999892e-04
7.583225068000000000e+09	-1.127339999999999950e-05	-2.430630999999999937e-04
7.583229068000000000e+09	-5.812670000000000033e-05	-2.207307000000000041e-04
7.583233068000000000e+09	2.148274999999999892e-04	-1.303826000000000008e-04
7.583237068000000000e+09	-3.988210000000000225e-05	-4.994167000000000528e-04
7.583241068000000000e+09	2.976629000000000059e-04	-1.771809999999999897e-05
7.583245068000000000e+09	2.030768999999999869e-04	-4.213415999999999776e-04
7.583249068000000000e+09	1.939095999999999908e-04	-1.914399999999999831e-05
7.583253068000000000e+09	3.016876000000000150e-04	-1.749644000000000015e-04
7.583257068000000000e+09	8.743099999999999350e-06	-1.101767999999999986e-04
7.583261068000000000e+09	3.165686000000000238e-04	-5.516885000000000018e-04
7.583265068000000000e+09	-1.151236999999999969e-04	-8.074299999999999926e-06
7.583269068000000000e+09	2.832490000000000048e-05	-4.467268999999999732e-04
7.583273068000000000e+09	1.047295999999999942e-04	-1.591130000000000129e-05
7.583277068000000000e+09	2.574490000000000147e-05	-1.657840999999999905e-04
7.583281068000000000e+09	1.265230000000000082e-05	-1.212083000000000030e-04
7.583285068000000000e+09	2.714338999999999966e-04	-3.824488000000000236e-04
7.583289068000000000e+09	5.305321999999999686e-04	-2.315701999999999941e-04
7.583293068000000000e+09	3.667849000000000261e-04	5.730220000000000170e-05
7.583297068000000000e+09	4.250406999999999775e-04	-1.432968000000000067e-04
7.583301068000000000e+09	-7.493339999999999647e-05	-2.007773999999999930e-04
7.583305068000000000e+09	-2.098690000000000061e-05	8.794149999999999819e-05
7.583309068000000000e+09	7.318490000000000466e-05	-1.251004000000000059e-04
7.583313068000000000e+09	5.841681999999999951e-04	-4.232159999999999812e-05
7.583317068000000000e+09	7.833790000000000089e-05	-1.419814000000000091e-04
7.583321068000000000e+09	-3.684740000000000232e-05	-1.048998999999999949e-04
7.583325068000000000e+09	3.000133000000000097e-04	2.121990999999999992e-04
7.583329068000000000e+09	1.491750999999999874e-04	3.368023000000000262e-04
7.583333068000000000e+09	-1.748211000000000057e-04	3.560187999999999938e-04
7.583337068000000000e+09	3.776105000000000195e-04	3.664712999999999890e-04
7.583341068000000000e+09	2.687028000000000051e-04	3.410153999999999876e-04
7.583345068000000000e+09	5.740625000000000285e-04	-2.725619999999999833e-05
7.583349068000000000e+09	1.813050000000000132e-04	9.949699999999999961e-05
7.583353068000000000e+09	8.300300000000000473e-05	3.636595000000000170e-04
7.583357068000000000e+09	8.820589999999999518e-05	3.788994000000000064e-04
7.583361068000000000e+09	4.747447000000000017e-04	-1.317868000000000034e-04
7.583365068000000000e+09	2.042699999999999941e-04	1.754199999999999976e-04
7.583369068000000000e+09	1.790219000000000012e-04	7.959740000000000467e-05
7.583373068000000000e+09	6.069092999999999797e-04	2.086121999999999879e-04
7.583377068000000000e+09	3.119562000000000203e-04	2.436643000000000110e-04
7.583381068000000000e+09	3.233929999999999986e-04	2.994423999999999979e-04
7.583385068000000000e+09	2.879673000000000237e-04	3.501711000000000125e-04
7.583389068000000000e+09	5.936604000000000056e-04	4.394471000000000163e-04
7.583393068000000000e+09	3.473660999999999741e-04	8.933339999999999413e-05
7.583397068000000000e+09	4.850060000000000113e-05	6.968969999999999787e-05
7.583401068000000000e+09	4.508874999999999754e-04	2.561932000000000055e-04
7.583405068000000000e+09	1.912923999999999983e-04	5.950255999999999905e-04
7.583409068000000000e+09	5.679122000000000206e-04	4.030600999999999867e-04
7.583413068000000000e+09	2.712775000000000060e-04	9.349229999999999932e-05
7.583417068000000000e+09	9.019709999999999739e-05	2.114333999999999940e-04
7.583421068000000000e+09	2.401001999999999954e-04	2.351327000000000061e-04
7.583425068000000000e+09	3.211120000000000250e-04	4.759308999999999870e-04
7.583429068000000000e+09	1.837851000000000100e-04	3.623604000000000213e-04
7.583433068000000000e+09	4.169519000000000220e-04	4.082863999999999743e-04
7.583437068000000000e+09	6.137383999999999852e-04	1.407961000000000054e-04
7.583441068000000000e+09	5.499517999999999681e-04	2.375595999999999947e-04
7.583445068000000000e+09	2.994429000000000058e-04	6.643290999999999953e-04
7.583449068000000000e+09	4.374046999999999831e-04	5.160466000000000272e-04
7.583453068000000000e+09	5.234963999999999503e-04	4.105049999999999736e-04
7.583457068000000000e+09	2.670230000000000216e-04	9.201974000000000134e-04
7.583461068000000000e+09	2.831851000000000138e-04	6.993299999999999603e-04
7.583465068000000000e+09	3.909081999999999921e-04	5.643636000000000052e-04
7.583469068000000000e+09	1.601867999999999890e-04	3.997567999999999738e-04
7.583473068000000000e+09	7.999730999999999726e-04	4.191910999999999988e-04
7.583477068000000000e+09	4.540125999999999906e-04	4.919418000000000272e-04
7.583481068000000000e+09	3.742549000000000071e-04	6.106342999999999754e-04
7.583485068000000000e+09	4.095495999999999794e-04	1.508395000000000048e-04
7.583489068000000000e+09	7.868839000000000302e-04	2.443634999999999991e-04
7.583493068000000000e+09	4.314670999999999741e-04	4.740449999999999785e-04
7.583497068000000000e+09	3.169835000000000187e-04	5.136023000000000411e-04
7.583501068000000000e+09	5.940172999999999547e-04	6.493519000000000331e-04
7.583505068000000000e+09	4.738273000000000094e-04	3.070791999999999923e-04
7.583509068000000000e+09	4.402225999999999752e-04	4.301406000000000131e-04
7.583513068000000000e+09	6.261326999999999691e-04	9.199990000000000121e-04
7.583517068000000000e+09	6.942686999999999687e-04	3.807433000000000041e-04
7.583521068000000000e+09	3.974358000000000209e-04	3.963012999999999931e-04
7.583525068000000000e+09	3.982349000000000045e-04	9.434286999999999751e-04
7.583529068000000000e+09	5.168666999999999619e-04	4.626230999999999855e-04
7.583533068000000000e+09	6.637493000000000386e-04	7.709019999999999588e-04
7.583537068000000000e+09	6.846724000000000213e-04	5.812083000000000440e-04
7.583541068000000000e+09	4.431440000000000249e-04	7.863348999999999513e-04
7.583545068000000000e+09	7.877624000000000388e-04	8.738285999999999840e-04
7.583549068000000000e+09	1.051968400000000050e-03	1.010687199999999982e-03
7.583553068000000000e+09	9.444947999999999885e-04	5.564553999999999985e-04
7.583557068000000000e+09	4.515133999999999858e-04	6.496590000000000220e-04
7.583561068000000000e+09	6.448775999999999597e-04	4.172399999999999829e-04
7.583565068000000000e+09	4.384101000000000057e-04	8.964065999999999701e-04
7.583569068000000000e+09	6.925746999999999676e-04	6.511082000000000284e-04
7.583573068000000000e+09	5.367489999999999935e-04	7.783615999999999712e-04
7.583577068000000000e+09	6.277057000000000166e-04	1.007536100000000099e-03
7.583581068000000000e+09	6.548758000000000227e-04	6.838143999999999560e-04
7.583585068000000000e+09	6.608106000000000526e-04	1.421838999999999991e-04
7.583589068000000000e+09	6.170334000000000409e-04	5.171967999999999878e-04
7.583593068000000000e+09	1.211843499999999945e-03	7.428321999999999790e-04
7.583597068000000000e+09	7.916059000000000030e-04	5.826094000000000194e-04
7.583601068000000000e+09	9.137861000000000160e-04	5.968666999999999549e-04
7.583605068000000000e+09	2.779098000000000137e-04	7.104786000000000521e-04
7.583609068000000000e+09	6.393466999999999683e-04	6.242548000000000324e-04
7.583613068000000000e+09	1.387639900000000063e-03	5.227114999999999843e-04
7.583617068000000000e+09	5.990474999999999663e-04	5.512781999999999492e-04
7.583621068000000000e+09	8.843161999999999681e-04	4.479972999999999941e-04
7.583625068000000000e+09	7.163481000000000406e-04	9.249173000000000290e-04
7.583629068000000000e+09	9.257506000000000198e-04	9.523840999999999470e-04
7.583633068000000000e+09	7.588872999999999669e-04	9.409130000000000358e-04
7.583637068000000000e+09	7.918463000000000151e-04	6.631033999999999843e-04
7.583641068000000000e+09	9.500021999999999894e-04	3.252411999999999990e-04
7.583645068000000000e+09	8.536280999999999730e-04	8.672124999999999712e-04
7.583649068000000000e+09	6.146921999999999759e-04	5.549539000000000468e-04
7.583653068000000000e+09	7.291192000000000376e-04	9.515498999999999746e-04
7.583657068000000000e+09	1.075655200000000082e-03	4.629336999999999753e-04
7.583661068000000000e+09	7.411794000000000411e-04	8.513712999999999576e-04
7.583665068000000000e+09	7.615830000000000299e-04	7.464754000000000528e-04
7.583669068000000000e+09	5.970116000000000355e-04	8.993506999999999543e-04
7.583673068000000000e+09	5.275482000000000391e-04	3.278789000000000161e-04
7.583677068000000000e+09	1.105892399999999949e-03	8.534516999999999928e-04
7.583681068000000000e+09	4.882452999999999923e-04	7.591974000000000031e-04
7.583685068000000000e+09	7.770510999999999911e-04	6.746627999999999740e-04
7.583689068000000000e+09	1.286669600000000038e-03	8.706442000000000217e-04
7.583693068000000000e+09	1.105880999999999965e-03	9.176193000000000457e-04
7.583697068000000000e+09	1.000234899999999892e-03	4.187513000000000238e-04
7.583701068000000000e+09	9.333228000000000487e-04	6.349151999999999617e-04
7.583705068000000000e+09	9.167666999999999787e-04	8.103671999999999482e-04
7.583709068000000000e+09	1.192317899999999903e-03	4.305916000000000127e-04
7.583713068000000000e+09	1.224325799999999905e-03	3.282547000000000134e-04
7.583717068000000000e+09	7.463329999999999574e-04	6.627242999999999459e-04
7.583721068000000000e+09	1.087145000000000082e-03	7.430387000000000320e-04
7.583725068000000000e+09	1.010302800000000088e-03	1.196348799999999912e-03
7.583729068000000000e+09	1.066783599999999955e-03	7.045613000000000266e-04
7.583733068000000000e+09	1.084106199999999897e-03	5.316500000000000479e-04
7.583737068000000000e+09	1.018829499999999912e-03	6.691162000000000498e-04
7.583741068000000000e+09	1.012509499999999932e-03	6.793638999999999754e-04
7.583745068000000000e+09	8.579597999999999912e-04	4.755504999999999932e-04
7.583749068000000000e+09	9.032015999999999482e-04	8.901620000000000062e-04
7.583753068000000000e+09	1.010548800000000058e-03	1.049862599999999918e-03
7.583757068000000000e+09	1.137190400000000082e-03	7.186644999999999969e-04
7.583761068000000000e+09	1.595540199999999961e-03	5.458808000000000540e-04
7.583765068000000000e+09	1.081083700000000066e-03	4.989401000000000513e-04
7.583769068000000000e+09	1.511153299999999991e-03	5.837629999999999469e-04
7.583773068000000000e+09	1.081730900000000021e-03	6.421912999999999580e-04
7.583777068000000000e+09	1.231091500000000083e-03	6.852416999999999753e-04
7.583781068000000000e+09	9.267185000000000483e-04	6.550421000000000282e-04
7.583785068000000000e+09	1.594967600000000074e-03	8.261736000000000210e-04
7.583789068000000000e+09	1.698667399999999978e-03	7.131929999999999867e-04
7.583793068000000000e+09	1.417342600000000025e-03	4.075891999999999905e-04
7.583797068000000000e+09	1.362613599999999920e-03	5.578164999999999946e-04
7.583801068000000000e+09	1.314315099999999962e-03	8.486286000000000220e-04
7.583805068000000000e+09	9.280287000000000345e-04	9.409848000000000171e-04
7.583809068000000000e+09	1.515124100000000106e-03	7.481661000000000127e-04
7.583813068000000000e+09	1.165419300000000106e-03	6.494371999999999558e-04
7.583817068000000000e+09	1.461394499999999928e-03	5.783267000000000138e-04
7.583821068000000000e+09	1.257799599999999971e-03	3.922407999999999732e-04
7.583825068000000000e+09	1.177108100000000095e-03	7.413780000000000023e-04
7.583829068000000000e+09	1.336720599999999997e-03	7.127407999999999574e-04
7.583833068000000000e+09	1.556045600000000029e-03	8.737785000000000300e-04
7.583837068000000000e+09	1.142788399999999970e-03	8.927031000000000419e-04
7.583841068000000000e+09	1.613697299999999977e-03	9.003671000000000417e-04
7.583845068000000000e+09	1.363117100000000095e-03	3.807395999999999892e-04
7.583849068000000000e+09	1.534198799999999911e-03	1.061716099999999909e-03
7.583853068000000000e+09	1.214141699999999983e-03	5.733891999999999548e-04
7.583857068000000000e+09	1.232268400000000041e-03	4.869483000000000080e-04
7.583861068000000000e+09	1.526449000000000035e-03	6.663017999999999502e-04
7.583865068000000000e+09	1.215227500000000101e-03	5.974141999999999560e-04
7.583869068000000000e+09	1.405818799999999924e-03	1.011888999999999974e-03
7.583873068000000000e+09	1.366072999999999983e-03	5.668888000000000399e-04
7.583877068000000000e+09	1.320508800000000024e-03	7.831488999999999855e-04
7.583881068000000000e+09	1.649894399999999976e-03	1.014003799999999922e-03
7.583885068000000000e+09	1.773314000000000010e-03	6.527043000000000384e-04
7.583889068000000000e+09	1.500763499999999964e-03	6.066194000000000013e-04
7.583893068000000000e+09	1.470877300000000094e-03	6.830013999999999487e-04
7.583897068000000000e+09	1.290047099999999929e-03	5.248178999999999952e-04
7.583901068000000000e+09	1.557810200000000036e-03	5.655156000000000375e-04
7.583905068000000000e+09	1.706137699999999953e-03	5.073954999999999568e-04
7.583909068000000000e+09	1.742479099999999937e-03	5.411810999999999879e-04
7.583913068000000000e+09	1.603979499999999905e-03	3.046600999999999801e-04
7.583917068000000000e+09	1.667022999999999899e-03	8.333611999999999791e-04
7.583921068000000000e+09	1.695523399999999915e-03	8.603724000000000094e-04
7.583925068000000000e+09	1.542702200000000030e-03	4.357769999999999851e-04
7.583929068000000000e+09	1.798408299999999923e-03	8.306181000000000154e-04
7.583933068000000000e+09	1.491567899999999940e-03	3.449888999999999929e-04
7.583937068000000000e+09	1.317012800000000056e-03	8.712512999999999638e-04
7.583941068000000000e+09	1.327823799999999950e-03	7.245236000000000167e-04
7.583945068000000000e+09	1.432617099999999996e-03	8.920449000000000217e-04
7.583949068000000000e+09	1.595376099999999946e-03	4.488954000000000186e-04
7.583953068000000000e+09	1.868767300000000013e-03	4.074676999999999748e-04
7.583957068000000000e+09	1.345038299999999892e-03	7.801455999999999799e-04
7.583961068000000000e+09	1.508895300000000000e-03	5.923989000000000381e-04
7.583965068000000000e+09	1.331702500000000100e-03	5.065291999999999885e-04
7.583969068000000000e+09	1.497432900000000020e-03	6.017887999999999666e-04
7.583973068000000000e+09	1.678602099999999993e-03	9.940574999999999672e-04
7.583977068000000000e+09	1.539037100000000078e-03	5.395060000000000350e-04
7.583981068000000000e+09	1.731146700000000052e-03	4.663604000000000013e-04
7.583985068000000000e+09	1.569702899999999950e-03	7.323098000000000541e-04
7.583989068000000000e+09	1.546875299999999958e-03	5.705385999999999791e-04
7.583993068000000000e+09	1.404156799999999993e-03	5.617919000000000515e-04
7.583997068000000000e+09	1.717078400000000057e-03	9.608302000000000422e-04
7.584001068000000000e+09	1.777154800000000029e-03	6.641245000000000481e-04
7.584005068000000000e+09	1.866025699999999911e-03	9.428671000000000448e-04
7.584009068000000000e+09	1.483261399999999961e-03	6.919858000000000519e-04
7.584013068000000000e+09	1.701675599999999920e-03	5.796771999999999732e-04
7.584017068000000000e+09	1.372913900000000001e-03	6.380280000000000109e-04
7.584021068000000000e+09	1.925907099999999957e-03	5.642247000000000191e-04
7.584025068000000000e+09	1.789760999999999956e-03	4.386530000000000030e-04
7.584029068000000000e+09	1.801939100000000049e-03	7.157144000000000266e-04
7.584033068000000000e+09	1.729226900000000030e-03	4.338084999999999988e-04
7.584037068000000000e+09	1.754074800000000054e-03	3.009104000000000184e-04
7.584041068000000000e+09	1.919574899999999936e-03	5.677507000000000257e-04
7.584045068000000000e+09	1.667501100000000087e-03	5.602206000000000416e-04
7.584049068000000000e+09	1.849038400000000033e-03	5.176739000000000514e-04
7.584053068000000000e+09	1.761990300000000056e-03	6.066379999999999472e-04
7.584057068000000000e+09	1.813385999999999948e-03	7.946844999999999907e-04
7.584061068000000000e+09	1.716696599999999965e-03	5.607843999999999633e-04
7.584065068000000000e+09	2.130943199999999794e-03	4.154701000000000119e-04
7.584069068000000000e+09	1.884908999999999933e-03	3.132257000000000053e-04
7.584073068000000000e+09	1.605855100000000034e-03	5.003123000000000379e-04
7.584077068000000000e+09	1.984917200000000173e-03	5.873697999999999680e-04
7.584081068000000000e+09	2.024669499999999945e-03	2.797073000000000181e-04
7.584085068000000000e+09	1.874126600000000035e-03	5.493857999999999468e-04
7.584089068000000000e+09	1.884438999999999906e-03	5.112781000000000270e-04
7.584093068000000000e+09	1.777127699999999895e-03	3.626616000000000041e-04
7.584097068000000000e+09	1.952853700000000076e-03	4.933656000000000456e-04
7.584101068000000000e+09	1.767520799999999911e-03	2.317390999999999917e-04
7.584105068000000000e+09	2.169890800000000113e-03	4.409149000000000228e-04
7.584109068000000000e+09	1.892380099999999964e-03	4.849653999999999901e-04
7.584113068000000000e+09	2.162682500000000143e-03	5.441787000000000013e-04
7.584117068000000000e+09	1.959596599999999852e-03	3.244588000000000181e-04
7.584121068000000000e+09	1.758790000000000093e-03	6.293755000000000053e-04
7.584125068000000000e+09	2.507262799999999958e-03	2.799772999999999867e-04
7.584129068000000000e+09	1.848465199999999942e-03	3.960142999999999736e-04
7.584133068000000000e+09	1.904189199999999993e-03	6.208897999999999587e-04
7.584137068000000000e+09	1.708228700000000025e-03	3.917923999999999929e-04
7.584141068000000000e+09	1.882544799999999940e-03	1.447040000000000023e-04
7.584145068000000000e+09	2.032688400000000079e-03	2.346040999999999990e-04
7.584149068000000000e+09	1.886493300000000040e-03	1.562039000000000038e-04
7.584153068000000000e+09	2.043325300000000018e-03	4.107550000000000068e-04
7.584157068000000000e+09	2.084499699999999879e-03	3.443700000000000249e-05
7.584161068000000000e+09	1.656704900000000036e-03	5.186407999999999557e-04
7.584165068000000000e+09	2.057498000000000053e-03	1.913477999999999978e-04
7.584169068000000000e+09	2.022595800000000135e-03	3.624559999999999870e-04
7.584173068000000000e+09	1.821947100000000010e-03	2.093811000000000001e-04
7.584177068000000000e+09	2.115730699999999933e-03	4.309194000000000132e-04
7.584181068000000000e+09	1.917583299999999933e-03	2.963010000000000079e-04
7.584185068000000000e+09	2.043842699999999946e-03	1.300484000000000134e-04
7.584189068000000000e+09	2.035467200000000074e-03	1.309923999999999963e-04
7.584193068000000000e+09	2.255435499999999815e-03	3.636946000000000059e-04
7.584197068000000000e+09	2.019972200000000155e-03	-1.391542999999999968e-04
7.584201068000000000e+09	2.032765900000000053e-03	5.878645999999999958e-04
7.584205068000000000e+09	1.834453399999999915e-03	2.017377000000000048e-04
7.584209068000000000e+09	2.091673100000000091e-03	4.666812000000000000e-04
7.584213068000000000e+09	2.097858599999999959e-03	3.045492999999999811e-04
7.584217068000000000e+09	2.332270999999999910e-03	4.068990999999999884e-04
7.584221068000000000e+09	2.065183500000000120e-03	2.913260000000000090e-04
7.584225068000000000e+09	1.928720699999999892e-03	2.264629000000000099e-04
7.584229068000000000e+09	2.565471499999999894e-03	1.614154999999999930e-04
7.584233068000000000e+09	2.370215399999999872e-03	-1.697209999999999968e-05
7.584237068000000000e+09	1.869342100000000000e-03	3.405301000000000009e-04
7.584241068000000000e+09	2.048053499999999937e-03	5.102098999999999480e-04
7.584245068000000000e+09	2.147884499999999815e-03	3.346449000000000255e-04
7.584249068000000000e+09	2.075821600000000034e-03	1.400193000000000097e-04
7.584253068000000000e+09	2.078931500000000179e-03	1.371628000000000007e-04
7.584257068000000000e+09	1.804360600000000066e-03	1.101914000000000035e-04
7.584261068000000000e+09	1.782705400000000016e-03	2.791628999999999899e-04
7.584265068000000000e+09	2.079361000000000056e-03	9.772219999999999756e-05
7.584269068000000000e+09	1.735010300000000040e-03	1.044457999999999953e-04
7.584273068000000000e+09	2.244223699999999856e-03	1.043504999999999964e-04
7.584277068000000000e+09	1.879761699999999997e-03	4.643924000000000229e-04
7.584281068000000000e+09	2.096400899999999873e-03	2.875800000000000079e-04
7.584285068000000000e+09	1.797175499999999985e-03	6.409339999999999862e-05
7.584289068000000000e+09	2.007245500000000120e-03	-1.091152000000000018e-04
7.584293068000000000e+09	2.464433499999999985e-03	1.291506999999999898e-04
7.584297068000000000e+09	2.061515099999999909e-03	3.384869000000000202e-04
7.584301068000000000e+09	1.928046000000000100e-03	1.316266999999999980e-04
7.584305068000000000e+09	1.915812800000000083e-03	-2.709960000000000054e-05
7.584309068000000000e+09	1.909579200000000076e-03	-1.960600000000000168e-05
7.584313068000000000e+09	2.537863999999999919e-03	9.451350000000000235e-05
7.584317068000000000e+09	2.184616099999999936e-03	2.445821999999999840e-04
7.584321068000000000e+09	2.026181599999999933e-03	6.075599999999999903e-06
7.584325068000000000e+09	2.225093400000000173e-03	3.612757000000000078e-04
7.584329068000000000e+09	1.713360799999999982e-03	2.524402000000000026e-04
7.584333068000000000e+09	2.264025700000000044e-03	-1.468020000000000049e-05
7.584337068000000000e+09	2.304920800000000072e-03	8.498749999999999903e-05
7.584341068000000000e+09	2.162172999999999873e-03	2.315061000000000094e-04
7.584345068000000000e+09	2.110998099999999815e-03	-1.948340000000000120e-04
7.584349068000000000e+09	2.012362399999999881e-03	-2.546787000000000118e-04
7.584353068000000000e+09	2.224640400000000087e-03	4.702350000000000133e-05
7.584357068000000000e+09	2.079507100000000004e-03	1.893137000000000032e-04
7.584361068000000000e+09	1.780226900000000077e-03	-1.369546999999999984e-04
7.584365068000000000e+09	2.516269499999999968e-03	-1.552340000000000116e-05
7.584369068000000000e+09	2.128943999999999802e-03	3.995137999999999966e-04
7.584373068000000000e+09	2.208496600000000101e-03	4.089742000000000052e-04
7.584377068000000000e+09	1.825571000000000008e-03	-8.266749999999999413e-05
7.584381068000000000e+09	2.165225499999999959e-03	1.579328000000000069e-04
7.584385068000000000e+09	1.881267899999999925e-03	2.096398999999999984e-04
7.584389068000000000e+09	1.987434900000000036e-03	9.073799999999999759e-05
7.584393068000000000e+09	2.430370299999999942e-03	-9.882310000000000595e-05
7.584397068000000000e+09	1.957182500000000189e-03	-5.459870000000000294e-05
7.584401068000000000e+09	2.226724299999999906e-03	-1.126269999999999976e-05
7.584405068000000000e+09	2.284888799999999949e-03	-6.803030000000000492e-05
7.584409068000000000e+09	2.085600600000000159e-03	-4.482603999999999951e-04
7.584413068000000000e+09	1.993419399999999883e-03	-2.116886000000000115e-04
7.584417068000000000e+09	2.295379699999999974e-03	-2.260887999999999960e-04
7.584421068000000000e+09	2.032707300000000019e-03	-1.698271000000000058e-04
7.584425068000000000e+09	2.013509200000000200e-03	-2.097033999999999953e-04
7.584429068000000000e+09	2.138318699999999968e-03	6.448250000000000477e-05
7.584433068000000000e+09	2.429244100000000142e-03	-2.798519999999999762e-04
7.584437068000000000e+09	1.827186499999999911e-03	8.580789999999999544e-05
7.584441068000000000e+09	2.136011000000000160e-03	3.088310000000000252e-05
7.584445068000000000e+09	2.393933200000000067e-03	2.374560000000000115e-04
7.584449068000000000e+09	2.252558999999999898e-03	-5.050920000000000084e-05
7.584453068000000000e+09	2.232137600000000128e-03	8.162320000000000144e-05
7.584457068000000000e+09	2.179900800000000079e-03	-5.244450000000000245e-05
7.584461068000000000e+09	1.929299100000000022e-03	1.699104000000000055e-04
7.584465068000000000e+09	2.236261099999999839e-03	1.190073000000000015e-04
7.584469068000000000e+09	2.057977099999999931e-03	-1.554008000000000115e-04
7.584473068000000000e+09	2.485850700000000191e-03	-4.509774000000000031e-04
7.584477068000000000e+09	2.356842599999999822e-03	-9.191790000000000301e-05
7.584481068000000000e+09	2.193530099999999993e-03	3.184557000000000078e-04
7.584485068000000000e+09	2.359328799999999785e-03	-8.953049999999999941e-05
7.584489068000000000e+09	2.000397000000000113e-03	-4.204594999999999882e-04
7.584493068000000000e+09	2.150742000000000192e-03	1.324489999999999918e-05
7.584497068000000000e+09	2.750616200000000067e-03	4.068640999999999794e-04
7.584501068000000000e+09	2.269907199999999896e-03	-3.286213000000000176e-04
7.584505068000000000e+09	2.116474599999999904e-03	-6.467789999999999954e-05
7.584509068000000000e+09	2.257513599999999825e-03	-1.323223000000000053e-04
7.584513068000000000e+09	2.146867499999999956e-03	7.687749999999999705e-05
7.584517068000000000e+09	2.185900399999999872e-03	-2.047879000000000116e-04
7.584521068000000000e+09	1.927136500000000037e-03	-1.320416999999999999e-04
7.584525068000000000e+09	2.322496099999999883e-03	-4.732239999999999944e-05
7.584529068000000000e+09	2.352530099999999846e-03	-4.803524999999999787e-04
7.584533068000000000e+09	1.940550500000000041e-03	-6.199619999999999437e-05
7.584537068000000000e+09	2.330488300000000020e-03	1.296775000000000065e-04
7.584541068000000000e+09	2.322226100000000185e-03	-1.931362999999999960e-04
7.584545068000000000e+09	2.370933999999999889e-03	1.568231000000000063e-04
7.584549068000000000e+09	2.114315800000000131e-03	-4.246939999999999830e-04
7.584553068000000000e+09	2.433546100000000007e-03	-2.967051999999999862e-04
7.584557068000000000e+09	2.394410699999999833e-03	-2.696525999999999871e-04
7.584561068000000000e+09	2.033401900000000092e-03	-2.527318999999999985e-04
7.584565068000000000e+09	2.002982500000000110e-03	-6.528102000000000470e-04
7.584569068000000000e+09	2.211314700000000053e-03	-3.267039000000000011e-04
7.584573068000000000e+09	1.776971600000000007e-03	5.366049999999999894e-05
7.584577068000000000e+09	2.224840599999999835e-03	-4.909441999999999539e-04
7.584581068000000000e+09	2.644662400000000017e-03	-4.167698999999999753e-04
7.584585068000000000e+09	2.348470799999999910e-03	-2.419796000000000100e-04
7.584589068000000000e+09	2.379239799999999846e-03	-2.294054999999999977e-04
7.584593068000000000e+09	2.482858799999999953e-03	-2.578031000000000051e-04
7.584597068000000000e+09	2.467133800000000099e-03	-4.855299999999999914e-06
7.584601068000000000e+09	2.556994600000000138e-03	-5.946420000000000438e-04
7.584605068000000000e+09	2.144220100000000101e-03	-6.828501999999999966e-04
7.584609068000000000e+09	2.009644300000000203e-03	-3.181489000000000127e-04
7.584613068000000000e+09	2.469053900000000006e-03	-4.957976999999999914e-04
7.584617068000000000e+09	2.003208800000000085e-03	-3.214514000000000238e-04
7.584621068000000000e+09	2.388601000000000179e-03	-6.309914999999999708e-04
7.584625068000000000e+09	2.499508000000000112e-03	-1.537685999999999968e-04
7.584629068000000000e+09	2.036896299999999948e-03	-2.801357000000000087e-04
7.584633068000000000e+09	2.462551400000000026e-03	-5.178472999999999844e-04
7.584637068000000000e+09	2.068163899999999906e-03	-2.364466999999999871e-04
7.584641068000000000e+09	2.298791200000000184e-03	-3.868957000000000234e-04
7.584645068000000000e+09	2.351100599999999836e-03	-3.755882000000000101e-04
7.584649068000000000e+09	1.817357900000000004e-03	-7.315101000000000285e-04
7.584653068000000000e+09	2.027667600000000129e-03	-7.270608000000000236e-04
7.584657068000000000e+09	2.499491700000000191e-03	-2.672778999999999910e-04
7.584661068000000000e+09	2.110067000000000192e-03	-3.872877000000000155e-04
7.584665068000000000e+09	2.401480899999999981e-03	-3.239418999999999892e-04
7.584669068000000000e+09	2.273017400000000143e-03	-3.288023999999999743e-04
7.584673068000000000e+09	2.213791100000000144e-03	-3.621801999999999921e-04
7.584677068000000000e+09	2.202843999999999809e-03	-4.905740999999999487e-04
7.584681068000000000e+09	2.765130499999999929e-03	-4.402912999999999836e-04
7.584685068000000000e+09	2.285303199999999882e-03	-7.382562000000000282e-04
7.584689068000000000e+09	1.809669099999999895e-03	-3.514438000000000045e-04
7.584693068000000000e+09	2.381982099999999970e-03	-1.998349000000000067e-04
7.584697068000000000e+09	1.915271999999999981e-03	-1.079160000000000015e-04
7.584701068000000000e+09	2.442181600000000070e-03	-4.477896000000000198e-04
7.584705068000000000e+09	2.076239599999999894e-03	-3.059402999999999819e-04
7.584709068000000000e+09	2.482922900000000127e-03	-1.128531000000000054e-04
7.584713068000000000e+09	2.236898900000000058e-03	-6.869743000000000203e-04
7.584717068000000000e+09	2.140421500000000161e-03	-2.705998000000000040e-04
7.584721068000000000e+09	2.137228200000000199e-03	-6.091345999999999870e-04
7.584725068000000000e+09	2.550671899999999888e-03	-6.421394999999999664e-04
7.584729068000000000e+09	1.738431799999999973e-03	-4.470264000000000269e-04
7.584733068000000000e+09	2.337027599999999972e-03	-7.181941000000000496e-04
7.584737068000000000e+09	2.439278899999999892e-03	-7.275540000000000479e-04
7.584741068000000000e+09	2.367808700000000131e-03	-5.201698999999999950e-04
7.584745068000000000e+09	2.486253199999999969e-03	-5.481381999999999487e-04
7.584749068000000000e+09	2.133683099999999968e-03	-6.297054999999999970e-04
7.584753068000000000e+09	2.886942799999999820e-03	-5.605294999999999939e-04
7.584757068000000000e+09	2.332611000000000059e-03	-7.028259000000000025e-04
7.584761068000000000e+09	2.395622999999999937e-03	-4.483409999999999956e-04
7.584765068000000000e+09	2.177754400000000198e-03	-6.534992999999999792e-04
7.584769068000000000e+09	2.491071799999999923e-03	-2.413530000000000048e-04
7.584773068000000000e+09	2.126040300000000150e-03	-7.328439999999999651e-04
7.584777068000000000e+09	2.528133100000000150e-03	-5.573225999999999484e-04
7.584781068000000000e+09	2.299032700000000137e-03	-3.139996000000000150e-04
7.584785068000000000e+09	2.051841600000000199e-03	-3.452638000000000061e-04
7.584789068000000000e+09	2.518795500000000059e-03	-7.983324000000000410e-04
7.584793068000000000e+09	2.327300999999999936e-03	-5.164847000000000188e-04
7.584797068000000000e+09	2.442228800000000120e-03	-5.377478999999999679e-04
7.584801068000000000e+09	1.928676899999999918e-03	-9.696842000000000222e-04
7.584805068000000000e+09	2.205889500000000111e-03	-7.662545999999999463e-04
7.584809068000000000e+09	2.328076899999999977e-03	-6.284749999999999755e-04
7.584813068000000000e+09	2.402181700000000000e-03	-9.903666000000001073e-04
7.584817068000000000e+09	2.182110399999999829e-03	-5.916094999999999470e-04
7.584821068000000000e+09	1.926872899999999920e-03	-6.533799000000000291e-04
7.584825068000000000e+09	2.426699999999999951e-03	-9.222685999999999471e-04
7.584829068000000000e+09	2.122412900000000043e-03	-7.809292000000000447e-04
7.584833068000000000e+09	2.275774300000000042e-03	-9.958920999999999919e-04
7.584837068000000000e+09	2.362294799999999865e-03	-7.767065000000000080e-04
7.584841068000000000e+09	2.633152399999999851e-03	-6.566273000000000075e-04
7.584845068000000000e+09	2.056113400000000174e-03	-2.486489000000000039e-04
7.584849068000000000e+09	2.049466499999999958e-03	-5.529231000000000120e-04
7.584853068000000000e+09	2.215264499999999945e-03	-9.415511000000000323e-04
7.584857068000000000e+09	2.223224900000000080e-03	-5.539183000000000258e-04
7.584861068000000000e+09	2.501281699999999969e-03	-6.460288999999999702e-04
7.584865068000000000e+09	2.228002399999999897e-03	-9.721601999999999761e-04
7.584869068000000000e+09	2.277990799999999975e-03	-9.595340999999999853e-04
7.584873068000000000e+09	2.460392799999999887e-03	-7.948278999999999934e-04
7.584877068000000000e+09	2.275718300000000027e-03	-8.127117999999999799e-04
7.584881068000000000e+09	2.334528599999999982e-03	-1.011862000000000091e-03
7.584885068000000000e+09	2.045224899999999874e-03	-6.672206000000000404e-04
7.584889068000000000e+09	2.045544800000000107e-03	-1.196542199999999943e-03
7.584893068000000000e+09	2.437809400000000119e-03	-8.089144000000000152e-04
7.584897068000000000e+09	2.362242899999999948e-03	-9.841158999999999064e-04
7.584901068000000000e+09	2.139610000000000123e-03	-7.679018000000000345e-04
7.584905068000000000e+09	2.143435500000000129e-03	-7.879598999999999501e-04
7.584909068000000000e+09	2.268722300000000029e-03	-7.239740999999999841e-04
7.584913068000000000e+09	2.301392699999999999e-03	-1.029155199999999982e-03
7.584917068000000000e+09	2.291875999999999983e-03	-1.082953200000000065e-03
7.584921068000000000e+09	2.245463100000000094e-03	-9.278889999999999924e-04
7.584925068000000000e+09	2.164188200000000117e-03	-7.803161000000000081e-04
7.584929068000000000e+09	2.477115700000000025e-03	-7.569159000000000217e-04
7.584933068000000000e+09	2.146511499999999989e-03	-9.657523999999999796e-04
7.584937068000000000e+09	2.259575099999999812e-03	-1.017379099999999930e-03
7.584941068000000000e+09	2.259149199999999861e-03	-1.049342200000000051e-03
7.584945068000000000e+09	2.448736899999999841e-03	-1.049956500000000063e-03
7.584949068000000000e+09	2.349333999999999797e-03	-7.454894000000000321e-04
7.584953068000000000e+09	2.357274600000000119e-03	-6.154707000000000363e-04
7.584957068000000000e+09	2.206840500000000014e-03	-8.369696000000000037e-04
7.584961068000000000e+09	2.249314499999999824e-03	-1.290726100000000104e-03
7.584965068000000000e+09	2.142530399999999832e-03	-9.403404999999999663e-04
7.584969068000000000e+09	2.142198300000000208e-03	-8.293108000000000424e-04
7.584973068000000000e+09	2.074334900000000034e-03	-1.010446199999999982e-03
7.584977068000000000e+09	2.082431699999999844e-03	-5.896964000000000415e-04
7.584981068000000000e+09	2.366032699999999923e-03	-7.619881999999999697e-04
7.584985068000000000e+09	2.247900599999999929e-03	-7.667785000000000312e-04
7.584989068000000000e+09	2.347536999999999801e-03	-9.922406999999999408e-04
7.584993068000000000e+09	2.357537499999999998e-03	-1.067874699999999928e-03
7.584997068000000000e+09	2.166808100000000136e-03	-7.445899000000000181e-04
7.585001068000000000e+09	2.188140700000000115e-03	-3.350170000000000079e-04
7.585005068000000000e+09	2.369475299999999895e-03	-7.724108000000000146e-04
7.585009068000000000e+09	2.371632099999999854e-03	-7.523717999999999986e-04
7.585013068000000000e+09	2.560769300000000168e-03	-1.092846699999999987e-03
7.585017068000000000e+09	2.215144100000000088e-03	-9.416741000000000174e-04
7.585021068000000000e+09	2.008349699999999790e-03	-9.882828999999999225e-04
7.585025068000000000e+09	2.172472400000000081e-03	-1.023980500000000026e-03
7.585029068000000000e+09	2.302504099999999956e-03	-6.072628999999999961e-04
7.585033068000000000e+09	2.222059000000000187e-03	-1.140342799999999974e-03
7.585037068000000000e+09	2.325507499999999832e-03	-9.763210000000000464e-04
7.585041068000000000e+09	2.148851600000000004e-03	-9.169021999999999980e-04
7.585045068000000000e+09	2.356404700000000116e-03	-1.062414299999999909e-03
7.585049068000000000e+09	2.386725399999999834e-03	-8.413045000000000289e-04
7.585053068000000000e+09	2.208886299999999851e-03	-1.144953100000000020e-03
7.585057068000000000e+09	2.161894399999999845e-03	-1.307658400000000090e-03
7.585061068000000000e+09	1.921149899999999907e-03	-9.130553999999999927e-04
7.585065068000000000e+09	2.864750499999999846e-03	-1.235111899999999981e-03
7.585069068000000000e+09	2.241807100000000209e-03	-1.132147399999999934e-03
7.585073068000000000e+09	2.536456299999999969e-03	-1.201838399999999914e-03
7.585077068000000000e+09	1.904366900000000092e-03	-1.059450599999999963e-03
7.585081068000000000e+09	2.255754100000000040e-03	-9.382099000000000515e-04
7.585085068000000000e+09	2.397975899999999980e-03	-8.923680999999999714e-04
7.585089068000000000e+09	2.028793799999999928e-03	-1.006748700000000040e-03
7.585093068000000000e+09	2.247983299999999941e-03	-1.071188899999999918e-03
7.585097068000000000e+09	1.960639499999999869e-03	-1.170026399999999928e-03
7.585101068000000000e+09	2.326444100000000029e-03	-1.041366300000000052e-03
7.585105068000000000e+09	2.189608799999999845e-03	-1.191507899999999943e-03
7.585109068000000000e+09	2.184208500000000153e-03	-1.244724200000000072e-03
7.585113068000000000e+09	2.196121899999999971e-03	-1.122891999999999901e-03
7.585117068000000000e+09	2.171881599999999843e-03	-1.105749100000000089e-03
7.585121068000000000e+09	2.156930200000000113e-03	-1.170340200000000034e-03
7.585125068000000000e+09	2.185567700000000044e-03	-1.128910899999999986e-03
7.585129068000000000e+09	2.005144700000000176e-03	-1.267974700000000076e-03
7.585133068000000000e+09	2.211717000000000197e-03	-1.348366599999999919e-03
7.585137068000000000e+09	2.076934900000000205e-03	-8.810054999999999796e-04
7.585141068000000000e+09	2.172897899999999896e-03	-1.233383700000000027e-03
7.585145068000000000e+09	1.987623600000000199e-03	-1.479532100000000017e-03
7.585149068000000000e+09	2.165894199999999874e-03	-9.784677000000000305e-04
7.585153068000000000e+09	2.259659399999999936e-03	-1.161329000000000007e-03
7.585157068000000000e+09	1.995675100000000174e-03	-1.351530899999999966e-03
7.585161068000000000e+09	2.021440099999999816e-03	-1.320558899999999978e-03
7.585165068000000000e+09	2.214900899999999988e-03	-1.275757599999999964e-03
7.585169068000000000e+09	2.244130799999999835e-03	-8.674725999999999791e-04
7.585173068000000000e+09	2.084891199999999809e-03	-9.712288000000000344e-04
7.585177068000000000e+09	2.235315700000000110e-03	-1.157829300000000079e-03
7.585181068000000000e+09	2.404247100000000015e-03	-1.316909300000000107e-03
7.585185068000000000e+09	2.122906700000000164e-03	-1.187838999999999996e-03
7.585189068000000000e+09	2.163538400000000143e-03	-1.242042899999999932e-03
7.585193068000000000e+09	1.881380900000000078e-03	-9.456854999999999905e-04
7.585197068000000000e+09	2.528863599999999889e-03	-1.077675900000000034e-03
7.585201068000000000e+09	2.352634599999999920e-03	-1.059914400000000045e-03
7.585205068000000000e+09	2.180060499999999894e-03	-1.135499799999999939e-03
7.585209068000000000e+09	2.193566799999999931e-03	-1.384310799999999980e-03
7.585213068000000000e+09	1.844557199999999992e-03	-1.371626400000000058e-03
7.585217068000000000e+09	2.483697999999999895e-03	-1.018270799999999995e-03
7.585221068000000000e+09	2.167245999999999843e-03	-9.995938000000000653e-04
7.585225068000000000e+09	2.181054100000000013e-03	-1.249945799999999975e-03
7.585229068000000000e+09	2.033004299999999816e-03	-1.511808500000000072e-03
7.585233068000000000e+09	2.327955599999999813e-03	-1.514629499999999929e-03
7.585237068000000000e+09	2.350598099999999784e-03	-1.239305000000000007e-03
7.585241068000000000e+09	2.291219799999999994e-03	-1.012143700000000092e-03
7.585245068000000000e+09	2.303955400000000028e-03	-1.318321099999999937e-03
7.585249068000000000e+09	2.249534599999999853e-03	-1.150828800000000063e-03
7.585253068000000000e+09	2.111608999999999969e-03	-1.224295899999999901e-03
7.585257068000000000e+09	2.230593700000000137e-03	-1.300614000000000067e-03
7.585261068000000000e+09	1.803313599999999952e-03	-9.505793000000000012e-04
7.585265068000000000e+09	2.065529799999999815e-03	-8.985017000000000307e-04
7.585269068000000000e+09	2.258904999999999854e-03	-1.316623199999999907e-03
7.585273068000000000e+09	2.223223500000000036e-03	-1.360403500000000000e-03
7.585277068000000000e+09	2.033890200000000072e-03	-1.417922299999999948e-03
7.585281068000000000e+09	2.432458199999999824e-03	-1.761886600000000039e-03
7.585285068000000000e+09	2.333172200000000179e-03	-1.575635099999999960e-03
7.585289068000000000e+09	2.558418499999999974e-03	-1.124560900000000016e-03
7.585293068000000000e+09	1.799796800000000047e-03	-1.430116300000000042e-03
7.585297068000000000e+09	2.222157000000000212e-03	-1.517591599999999980e-03
7.585301068000000000e+09	2.398145099999999998e-03	-1.338087400000000093e-03
7.585305068000000000e+09	2.123843299999999927e-03	-1.232568000000000075e-03
7.585309068000000000e+09	2.126469399999999892e-03	-1.219187700000000070e-03
7.585313068000000000e+09	2.094688300000000034e-03	-1.185149400000000061e-03
7.585317068000000000e+09	2.277007299999999831e-03	-1.572562700000000027e-03
7.585321068000000000e+09	2.060557000000000187e-03	-1.324421400000000025e-03
7.585325068000000000e+09	1.841597300000000041e-03	-1.569602499999999973e-03
7.585329068000000000e+09	1.888443100000000100e-03	-1.137626199999999940e-03
7.585333068000000000e+09	2.190879100000000211e-03	-1.366472400000000005e-03
7.585337068000000000e+09	2.409389100000000096e-03	-1.156471799999999901e-03
7.585341068000000000e+09	2.233508300000000037e-03	-1.421357999999999953e-03
7.585345068000000000e+09	2.418419000000000211e-03	-1.620698799999999900e-03
7.585349068000000000e+09	2.038499799999999879e-03	-1.197900800000000062e-03
7.585353068000000000e+09	2.016545199999999864e-03	-1.418960699999999948e-03
7.585357068000000000e+09	2.048894099999999923e-03	-1.254456199999999999e-03
7.585361068000000000e+09	2.086708699999999857e-03	-1.294170199999999937e-03
7.585365068000000000e+09	1.778392699999999972e-03	-1.646656600000000019e-03
7.585369068000000000e+09	2.440446299999999864e-03	-1.207638499999999981e-03
7.585373068000000000e+09	1.994122699999999887e-03	-9.254420999999999871e-04
7.585377068000000000e+09	2.099534799999999962e-03	-1.736337099999999941e-03
7.585381068000000000e+09	1.876544300000000057e-03	-1.238125799999999915e-03
7.585385068000000000e+09	2.445495399999999923e-03	-1.127129799999999991e-03
7.585389068000000000e+09	2.245187400000000187e-03	-1.941610700000000102e-03
7.585393068000000000e+09	1.888165800000000082e-03	-1.584385599999999991e-03
7.585397068000000000e+09	2.178613499999999988e-03	-1.667441900000000065e-03
7.585401068000000000e+09	2.280355999999999876e-03	-1.447142000000000003e-03
7.585405068000000000e+09	2.083745499999999865e-03	-1.442464000000000073e-03
7.585409068000000000e+09	2.011407800000000051e-03	-1.057733099999999971e-03
7.585413068000000000e+09	2.169726299999999962e-03	-1.284469600000000093e-03
7.585417068000000000e+09	1.918399400000000022e-03	-1.787439800000000098e-03
7.585421068000000000e+09	2.219931899999999948e-03	-1.406259700000000003e-03
7.585425068000000000e+09	2.074962599999999845e-03	-1.672725199999999975e-03
7.585429068000000000e+09	2.276459299999999877e-03	-1.087415999999999904e-03
7.585433068000000000e+09	1.873900900000000048e-03	-1.878865599999999950e-03
7.585437068000000000e+09	1.858476499999999918e-03	-1.669209199999999909e-03
7.585441068000000000e+09	2.030692900000000047e-03	-1.515174399999999911e-03
7.585445068000000000e+09	2.186252200000000142e-03	-1.192305600000000045e-03
7.585449068000000000e+09	2.046195099999999819e-03	-1.554384399999999937e-03
7.585453068000000000e+09	1.846903599999999987e-03	-1.441733099999999981e-03
7.585457068000000000e+09	2.572581300000000102e-03	-1.644581100000000028e-03
7.585461068000000000e+09	1.666075400000000071e-03	-1.519202099999999913e-03
7.585465068000000000e+09	2.137371099999999923e-03	-1.823405300000000050e-03
7.585469068000000000e+09	1.916003000000000107e-03	-1.615018900000000056e-03
7.585473068000000000e+09	2.137014599999999785e-03	-1.361248800000000071e-03
7.585477068000000000e+09	2.026712899999999831e-03	-1.647697899999999924e-03
7.585481068000000000e+09	1.945609999999999961e-03	-1.655309999999999898e-03
7.585485068000000000e+09	2.365725999999999853e-03	-1.794495500000000071e-03
7.585489068000000000e+09	1.793838299999999959e-03	-1.862746499999999930e-03
7.585493068000000000e+09	1.635964599999999939e-03	-1.446245600000000070e-03
7.585497068000000000e+09	1.838746899999999917e-03	-1.497709999999999970e-03
7.585501068000000000e+09	1.713353699999999947e-03	-1.999014800000000185e-03
