7.406571875000000000e+09	-9.200840000000000494e-04	2.361066099999999807e-03
7.406575875000000000e+09	-7.963442000000000047e-04	2.269829200000000186e-03
7.406579875000000000e+09	-8.067168999999999469e-04	2.296528800000000210e-03
7.406583875000000000e+09	-8.526080999999999591e-04	2.478274999999999836e-03
7.406587875000000000e+09	-9.269035000000000338e-04	2.361933999999999995e-03
7.406591875000000000e+09	-6.470726000000000429e-04	2.333951199999999976e-03
7.406595875000000000e+09	-8.348163000000000458e-04	2.449847700000000027e-03
7.406599875000000000e+09	-8.729074999999999768e-04	2.288489299999999990e-03
7.406603875000000000e+09	-7.006110999999999979e-04	2.155200099999999945e-03
7.406607875000000000e+09	-6.603868999999999842e-04	2.374139700000000176e-03
7.406611875000000000e+09	-5.120316000000000190e-04	2.296154500000000074e-03
7.406615875000000000e+09	-5.165759000000000019e-04	2.271627200000000089e-03
7.406619875000000000e+09	-7.209815000000000494e-04	2.346903600000000215e-03
7.406623875000000000e+09	-3.236763999999999830e-04	2.527922900000000028e-03
7.406627875000000000e+09	-8.322685000000000022e-04	2.378183600000000064e-03
7.406631875000000000e+09	-5.849254999999999819e-04	2.656225900000000213e-03
7.406635875000000000e+09	-6.721480000000000163e-04	2.204338599999999902e-03
7.406639875000000000e+09	-5.628467000000000062e-04	2.310740400000000066e-03
7.406643875000000000e+09	-5.495768000000000267e-04	2.382932099999999966e-03
7.406647875000000000e+09	-4.912970000000000228e-04	2.517264300000000062e-03
7.406651875000000000e+09	-5.429576000000000411e-04	2.463742899999999975e-03
7.406655875000000000e+09	-7.174476999999999851e-04	2.331924300000000078e-03
7.406659875000000000e+09	-9.662337999999999916e-04	2.488204099999999971e-03
7.406663875000000000e+09	-7.037982000000000135e-04	2.745384899999999892e-03
7.406667875000000000e+09	-4.572609999999999847e-04	2.405782799999999812e-03
7.406671875000000000e+09	-4.652743999999999782e-04	2.680197300000000150e-03
7.406675875000000000e+09	-8.455396999999999913e-04	2.282469200000000146e-03
7.406679875000000000e+09	-5.115907000000000484e-04	2.261765199999999851e-03
7.406683875000000000e+09	-8.593458999999999473e-04	2.573636399999999942e-03
7.406687875000000000e+09	-5.184989999999999565e-04	2.385667299999999838e-03
7.406691875000000000e+09	-6.521130999999999889e-04	2.416575900000000107e-03
7.406695875000000000e+09	-6.437866000000000205e-04	2.346653099999999794e-03
7.406699875000000000e+09	-3.949402999999999768e-04	2.250390499999999853e-03
7.406703875000000000e+09	-3.737915000000000074e-04	2.460452699999999930e-03
7.406707875000000000e+09	-4.794445999999999734e-04	2.419793099999999978e-03
7.406711875000000000e+09	-3.494603999999999788e-04	2.354396099999999954e-03
7.406715875000000000e+09	-5.235726999999999482e-04	2.229339700000000125e-03
7.406719875000000000e+09	-6.331674000000000460e-04	2.628747299999999957e-03
7.406723875000000000e+09	-4.607273999999999961e-04	2.693101499999999999e-03
7.406727875000000000e+09	-4.722150000000000045e-04	2.170410099999999821e-03
7.406731875000000000e+09	-6.355186000000000515e-04	2.437031399999999796e-03
7.406735875000000000e+09	-6.002075000000000162e-04	2.552898999999999967e-03
7.406739875000000000e+09	-6.695402000000000037e-04	2.236877799999999802e-03
7.406743875000000000e+09	-5.599420000000000135e-04	2.274760800000000076e-03
7.406747875000000000e+09	-5.547660999999999738e-04	2.698663699999999822e-03
7.406751875000000000e+09	-3.408560000000000040e-04	2.492670099999999816e-03
7.406755875000000000e+09	-5.854662000000000494e-04	2.229636399999999821e-03
7.406759875000000000e+09	-7.579123000000000110e-04	2.505869100000000013e-03
7.406763875000000000e+09	-5.088888999999999652e-04	2.510334899999999789e-03
7.406767875000000000e+09	-2.001751999999999872e-04	2.399957199999999940e-03
7.406771875000000000e+09	-6.456269999999999631e-04	2.303003399999999784e-03
7.406775875000000000e+09	-3.918600000000000056e-04	2.475797899999999940e-03
7.406779875000000000e+09	-6.940776999999999971e-04	2.206261299999999828e-03
7.406783875000000000e+09	-4.342740999999999897e-04	2.495678900000000179e-03
7.406787875000000000e+09	-6.820816999999999852e-04	2.438490599999999960e-03
7.406791875000000000e+09	-4.574514000000000228e-04	2.432286300000000186e-03
7.406795875000000000e+09	-3.422117000000000019e-04	2.480161299999999926e-03
7.406799875000000000e+09	-4.061363000000000234e-04	2.481381300000000054e-03
7.406803875000000000e+09	-5.477642999999999488e-04	2.421350599999999836e-03
7.406807875000000000e+09	-3.682793999999999760e-04	2.357646000000000134e-03
7.406811875000000000e+09	-3.818205000000000080e-04	2.766727699999999880e-03
7.406815875000000000e+09	-4.580197000000000153e-04	2.192889400000000086e-03
7.406819875000000000e+09	-3.185209999999999951e-04	2.547784699999999791e-03
7.406823875000000000e+09	-4.184875000000000010e-04	2.521090599999999907e-03
7.406827875000000000e+09	-5.111555999999999956e-04	2.502363499999999807e-03
7.406831875000000000e+09	-5.107682000000000541e-04	2.091794200000000187e-03
7.406835875000000000e+09	-2.153930000000000026e-04	2.715434400000000213e-03
7.406839875000000000e+09	-5.624042000000000320e-04	2.627063599999999999e-03
7.406843875000000000e+09	-3.821696999999999876e-04	2.448536299999999957e-03
7.406847875000000000e+09	-2.767644999999999893e-04	2.333675800000000172e-03
7.406851875000000000e+09	-6.427559999999999697e-04	2.677931599999999919e-03
7.406855875000000000e+09	-3.540260999999999950e-04	2.298738800000000096e-03
7.406859875000000000e+09	-1.779119000000000067e-04	2.475439199999999920e-03
7.406863875000000000e+09	-5.276032999999999635e-04	2.010241099999999885e-03
7.406867875000000000e+09	-5.265540999999999668e-04	2.606659400000000022e-03
7.406871875000000000e+09	-1.905382000000000115e-04	2.530518700000000069e-03
7.406875875000000000e+09	-1.760564000000000107e-04	2.066149900000000070e-03
7.406879875000000000e+09	-4.981153999999999573e-04	2.461887299999999945e-03
7.406883875000000000e+09	-2.834482000000000147e-04	2.401922099999999945e-03
7.406887875000000000e+09	-1.166393999999999932e-04	2.418122799999999819e-03
7.406891875000000000e+09	-2.471053000000000073e-04	2.202045499999999868e-03
7.406895875000000000e+09	-1.971030999999999933e-04	2.530482499999999867e-03
7.406899875000000000e+09	-3.459824000000000233e-04	2.596766700000000157e-03
7.406903875000000000e+09	-5.806717999999999992e-04	2.741377299999999805e-03
7.406907875000000000e+09	-6.079676999999999694e-04	2.485768599999999950e-03
7.406911875000000000e+09	-3.125983000000000255e-04	2.397337600000000023e-03
7.406915875000000000e+09	-2.763455999999999855e-04	2.351092999999999846e-03
7.406919875000000000e+09	-2.095543000000000004e-04	2.530221899999999906e-03
7.406923875000000000e+09	-4.634230000000000250e-04	2.455194600000000157e-03
7.406927875000000000e+09	-3.321091999999999881e-04	2.286754199999999852e-03
7.406931875000000000e+09	-1.655975000000000014e-04	2.379577900000000214e-03
7.406935875000000000e+09	-2.774162999999999954e-04	2.398179099999999883e-03
7.406939875000000000e+09	-1.471134999999999934e-04	2.432044400000000096e-03
7.406943875000000000e+09	-9.377270000000000429e-05	2.441943600000000009e-03
7.406947875000000000e+09	-1.339916000000000132e-04	2.529605800000000147e-03
7.406951875000000000e+09	-1.560878000000000135e-04	2.310665600000000146e-03
7.406955875000000000e+09	-2.063667000000000040e-04	2.527747600000000098e-03
7.406959875000000000e+09	-1.556136999999999972e-04	2.584083400000000176e-03
7.406963875000000000e+09	-1.777636999999999935e-04	2.324835199999999991e-03
7.406967875000000000e+09	-9.054000000000000050e-06	2.470742599999999935e-03
7.406971875000000000e+09	-1.152147000000000067e-04	2.964801799999999821e-03
7.406975875000000000e+09	1.901484000000000106e-04	2.463061800000000169e-03
7.406979875000000000e+09	-4.856320000000000287e-05	2.520578400000000018e-03
7.406983875000000000e+09	-3.332764999999999794e-04	2.396110400000000043e-03
7.406987875000000000e+09	1.425014000000000109e-04	2.800747699999999937e-03
7.406991875000000000e+09	-1.123176000000000035e-04	2.363062500000000146e-03
7.406995875000000000e+09	1.421503000000000068e-04	2.453679900000000150e-03
7.406999875000000000e+09	-2.252869000000000063e-04	2.499212700000000027e-03
7.407003875000000000e+09	-3.277229999999999792e-05	2.328319200000000203e-03
7.407007875000000000e+09	-5.914609999999999941e-05	2.192668599999999818e-03
7.407011875000000000e+09	-3.341466999999999766e-04	2.442630500000000059e-03
7.407015875000000000e+09	-2.778087999999999955e-04	2.521192800000000064e-03
7.407019875000000000e+09	-1.925138000000000066e-04	2.464755500000000068e-03
7.407023875000000000e+09	-9.660210000000000129e-05	2.851857599999999947e-03
7.407027875000000000e+09	6.238209999999999350e-05	2.415114600000000094e-03
7.407031875000000000e+09	1.427634999999999961e-04	2.694192000000000201e-03
7.407035875000000000e+09	-2.142694000000000055e-04	2.476733599999999830e-03
7.407039875000000000e+09	-2.019752000000000038e-04	2.357742700000000149e-03
7.407043875000000000e+09	-1.115272000000000052e-04	2.682099600000000059e-03
7.407047875000000000e+09	-9.882259999999999807e-05	2.382798599999999978e-03
7.407051875000000000e+09	-2.387676999999999942e-04	2.384906100000000039e-03
7.407055875000000000e+09	-8.595789999999999909e-05	2.377081499999999809e-03
7.407059875000000000e+09	-1.437766999999999951e-04	2.078166399999999917e-03
7.407063875000000000e+09	-3.677342000000000002e-04	2.418942500000000051e-03
7.407067875000000000e+09	-5.035890000000000331e-05	2.629211599999999992e-03
7.407071875000000000e+09	-1.532309999999999903e-05	2.376333400000000141e-03
7.407075875000000000e+09	-1.097673000000000019e-04	2.519307100000000178e-03
7.407079875000000000e+09	2.001833999999999916e-04	2.633284499999999795e-03
7.407083875000000000e+09	3.667395999999999742e-04	2.125638300000000109e-03
7.407087875000000000e+09	8.405739999999999924e-05	2.508688299999999906e-03
7.407091875000000000e+09	-2.148359000000000076e-04	2.496729899999999922e-03
7.407095875000000000e+09	-1.702147999999999953e-04	2.411610399999999932e-03
7.407099875000000000e+09	2.938743000000000063e-04	2.366854600000000038e-03
7.407103875000000000e+09	4.896279999999999816e-05	2.629021400000000185e-03
7.407107875000000000e+09	2.090055999999999967e-04	2.462621199999999975e-03
7.407111875000000000e+09	-2.643100000000000156e-06	2.249916700000000047e-03
7.407115875000000000e+09	-1.894893000000000087e-04	2.319345100000000034e-03
7.407119875000000000e+09	2.411516000000000104e-04	2.357635900000000159e-03
7.407123875000000000e+09	9.479950000000000605e-05	2.683833100000000086e-03
7.407127875000000000e+09	-5.972150000000000071e-05	2.402335700000000039e-03
7.407131875000000000e+09	-1.211777000000000036e-04	2.498893700000000100e-03
7.407135875000000000e+09	3.218154000000000088e-04	2.438852400000000170e-03
7.407139875000000000e+09	2.026052000000000029e-04	2.526029500000000119e-03
7.407143875000000000e+09	2.052916000000000116e-04	2.344494999999999826e-03
7.407147875000000000e+09	-4.404715999999999927e-04	2.376460899999999817e-03
7.407151875000000000e+09	-2.202599999999999884e-06	2.809046600000000143e-03
7.407155875000000000e+09	2.749614000000000268e-04	2.148707900000000007e-03
7.407159875000000000e+09	6.352840000000000657e-05	2.358769200000000212e-03
7.407163875000000000e+09	1.045308000000000055e-04	2.152168099999999910e-03
7.407167875000000000e+09	-7.381849999999999805e-05	2.513206599999999805e-03
7.407171875000000000e+09	1.165371000000000061e-04	2.411503499999999908e-03
7.407175875000000000e+09	8.208160000000000369e-05	2.400720600000000055e-03
7.407179875000000000e+09	3.994370000000000180e-05	2.041164600000000030e-03
7.407183875000000000e+09	2.675600999999999999e-04	2.166162899999999995e-03
7.407187875000000000e+09	3.390829000000000260e-04	2.190457700000000060e-03
7.407191875000000000e+09	9.004960000000000601e-05	2.499981499999999815e-03
7.407195875000000000e+09	-2.214049999999999918e-05	2.518246899999999899e-03
7.407199875000000000e+09	5.265537999999999729e-04	2.336995200000000199e-03
7.407203875000000000e+09	-2.799329999999999844e-05	2.248261399999999799e-03
7.407207875000000000e+09	2.282277000000000036e-04	2.502279699999999853e-03
7.407211875000000000e+09	4.008779999999999928e-05	2.288631499999999909e-03
7.407215875000000000e+09	2.830002999999999881e-04	2.267272500000000034e-03
7.407219875000000000e+09	3.169859000000000240e-04	2.582980500000000082e-03
7.407223875000000000e+09	1.497836000000000002e-04	2.188415999999999886e-03
7.407227875000000000e+09	2.050203000000000062e-04	2.485709600000000213e-03
7.407231875000000000e+09	2.933418000000000245e-04	2.633620599999999916e-03
7.407235875000000000e+09	2.244789999999999899e-05	2.562218299999999890e-03
7.407239875000000000e+09	1.905888000000000005e-04	2.150245099999999882e-03
7.407243875000000000e+09	8.473000000000000234e-07	2.315920899999999831e-03
7.407247875000000000e+09	1.215167000000000016e-04	2.294558199999999996e-03
7.407251875000000000e+09	2.127986000000000059e-04	2.222391099999999810e-03
7.407255875000000000e+09	3.138730999999999748e-04	2.263463800000000119e-03
7.407259875000000000e+09	1.908024000000000081e-04	2.305677800000000173e-03
7.407263875000000000e+09	3.333949000000000222e-04	2.225371399999999996e-03
7.407267875000000000e+09	3.261860000000000107e-04	2.241234400000000071e-03
7.407271875000000000e+09	7.066943000000000009e-04	2.395752599999999895e-03
7.407275875000000000e+09	8.877449999999999512e-05	2.153444300000000120e-03
7.407279875000000000e+09	6.043138000000000416e-04	2.275355800000000012e-03
7.407283875000000000e+09	7.546289999999999877e-05	2.162386399999999785e-03
7.407287875000000000e+09	4.520694000000000123e-04	2.440674600000000086e-03
7.407291875000000000e+09	2.124115000000000042e-04	2.527590799999999971e-03
7.407295875000000000e+09	2.501040000000000164e-04	2.554949800000000208e-03
7.407299875000000000e+09	8.058290000000000396e-05	2.130545100000000216e-03
7.407303875000000000e+09	3.206432000000000271e-04	2.360222300000000030e-03
7.407307875000000000e+09	4.246539000000000238e-04	2.371957400000000195e-03
7.407311875000000000e+09	4.568579999999999820e-04	2.458386500000000075e-03
7.407315875000000000e+09	3.180980000000000027e-04	2.559557899999999938e-03
7.407319875000000000e+09	4.221723999999999833e-04	2.163369899999999929e-03
7.407323875000000000e+09	1.363861000000000121e-04	2.250561400000000017e-03
7.407327875000000000e+09	3.126135000000000047e-04	2.200351299999999798e-03
7.407331875000000000e+09	2.925035000000000092e-04	2.140890400000000030e-03
7.407335875000000000e+09	4.255873999999999768e-04	2.155264300000000154e-03
7.407339875000000000e+09	6.061585999999999667e-04	2.120077499999999896e-03
7.407343875000000000e+09	3.027583000000000249e-04	2.077113700000000028e-03
7.407347875000000000e+09	3.660739999999999784e-04	2.057031799999999803e-03
7.407351875000000000e+09	1.909597000000000074e-04	2.156237000000000084e-03
7.407355875000000000e+09	5.420422000000000261e-04	2.591695700000000002e-03
7.407359875000000000e+09	4.865480999999999842e-04	2.374259799999999931e-03
7.407363875000000000e+09	2.926610000000000089e-05	1.981239999999999998e-03
7.407367875000000000e+09	2.871974000000000228e-04	1.999470699999999958e-03
7.407371875000000000e+09	5.058471999999999838e-04	2.246507999999999925e-03
7.407375875000000000e+09	3.702444000000000156e-04	2.268970600000000132e-03
7.407379875000000000e+09	9.928960000000000563e-05	2.225781400000000163e-03
7.407383875000000000e+09	6.804162999999999791e-04	2.447158999999999966e-03
7.407387875000000000e+09	8.135415999999999698e-04	2.276139999999999847e-03
7.407391875000000000e+09	5.458245000000000458e-04	1.999308699999999793e-03
7.407395875000000000e+09	6.446860000000000004e-04	2.532393899999999844e-03
7.407399875000000000e+09	3.948469000000000024e-04	2.298721499999999834e-03
7.407403875000000000e+09	6.389984999999999502e-04	2.112428799999999801e-03
7.407407875000000000e+09	4.983786999999999722e-04	2.204176200000000033e-03
7.407411875000000000e+09	6.751380999999999659e-04	1.885295400000000076e-03
7.407415875000000000e+09	6.339609000000000173e-04	2.383920999999999783e-03
7.407419875000000000e+09	6.334545999999999710e-04	2.339920200000000176e-03
7.407423875000000000e+09	2.843491999999999981e-04	2.245626599999999903e-03
7.407427875000000000e+09	2.401295999999999921e-04	2.178657300000000178e-03
7.407431875000000000e+09	2.128428999999999879e-04	2.039482200000000082e-03
7.407435875000000000e+09	5.833209000000000007e-04	2.365273900000000075e-03
7.407439875000000000e+09	3.165942000000000257e-04	2.165269000000000048e-03
7.407443875000000000e+09	4.697114000000000172e-04	2.197081200000000102e-03
7.407447875000000000e+09	4.801267000000000122e-04	2.221181400000000160e-03
7.407451875000000000e+09	4.960449000000000455e-04	2.331871000000000117e-03
7.407455875000000000e+09	4.705728999999999750e-04	2.216601600000000106e-03
7.407459875000000000e+09	6.682780000000000144e-04	2.276135299999999979e-03
7.407463875000000000e+09	3.437091999999999990e-04	2.350932400000000158e-03
7.407467875000000000e+09	3.449433000000000013e-04	2.052150600000000186e-03
7.407471875000000000e+09	1.407465000000000051e-04	1.968506400000000212e-03
7.407475875000000000e+09	5.040570999999999550e-04	2.083445299999999844e-03
7.407479875000000000e+09	4.133585999999999966e-04	2.209389500000000141e-03
7.407483875000000000e+09	3.863356999999999881e-04	2.387058200000000130e-03
7.407487875000000000e+09	5.149851999999999902e-04	2.281621699999999975e-03
7.407491875000000000e+09	5.214730000000000537e-04	2.035805500000000077e-03
7.407495875000000000e+09	4.582618999999999907e-04	2.428880999999999922e-03
7.407499875000000000e+09	6.590647000000000259e-04	2.215149999999999932e-03
7.407503875000000000e+09	7.473328000000000219e-04	2.042753799999999856e-03
7.407507875000000000e+09	6.524677999999999468e-04	2.387000399999999935e-03
7.407511875000000000e+09	4.510242000000000244e-04	1.957596099999999850e-03
7.407515875000000000e+09	5.394370999999999585e-04	2.177999199999999975e-03
7.407519875000000000e+09	7.519853999999999645e-04	2.168028700000000034e-03
7.407523875000000000e+09	6.916599999999999745e-04	2.264611799999999980e-03
7.407527875000000000e+09	5.079032999999999725e-04	1.940352300000000108e-03
7.407531875000000000e+09	8.442891999999999801e-04	1.941201499999999991e-03
7.407535875000000000e+09	8.084230999999999882e-04	2.179701100000000068e-03
7.407539875000000000e+09	4.556707000000000010e-04	2.285149099999999808e-03
7.407543875000000000e+09	2.771793000000000043e-04	2.191744499999999981e-03
7.407547875000000000e+09	5.752503000000000173e-04	2.007609100000000077e-03
7.407551875000000000e+09	6.725637999999999929e-04	2.004300699999999897e-03
7.407555875000000000e+09	8.500219999999999738e-04	2.040744499999999888e-03
7.407559875000000000e+09	6.911005000000000013e-04	1.901569999999999996e-03
7.407563875000000000e+09	3.349404000000000162e-04	2.017931799999999991e-03
7.407567875000000000e+09	7.212460000000000399e-04	1.794955300000000090e-03
7.407571875000000000e+09	3.560405000000000210e-04	2.022940200000000049e-03
7.407575875000000000e+09	5.968864999999999848e-04	1.949763200000000042e-03
7.407579875000000000e+09	9.276023000000000211e-04	2.042156900000000139e-03
7.407583875000000000e+09	6.440919999999999718e-04	2.175106799999999840e-03
7.407587875000000000e+09	6.805179999999999649e-04	1.891552799999999960e-03
7.407591875000000000e+09	6.348003999999999539e-04	2.219162299999999886e-03
7.407595875000000000e+09	9.305436999999999520e-04	2.188521499999999866e-03
7.407599875000000000e+09	5.631238999999999906e-04	2.171326999999999806e-03
7.407603875000000000e+09	9.140469000000000458e-04	1.942172000000000039e-03
7.407607875000000000e+09	6.824990999999999653e-04	2.227623399999999892e-03
7.407611875000000000e+09	8.347762999999999581e-04	2.210797200000000091e-03
7.407615875000000000e+09	8.856242999999999971e-04	2.271579900000000006e-03
7.407619875000000000e+09	6.724279000000000540e-04	1.981147800000000216e-03
7.407623875000000000e+09	7.557689999999999938e-04	2.218744700000000163e-03
7.407627875000000000e+09	5.455432999999999984e-04	2.122494600000000148e-03
7.407631875000000000e+09	6.100139999999999773e-04	2.158517100000000022e-03
7.407635875000000000e+09	9.397229999999999472e-04	1.813453999999999934e-03
7.407639875000000000e+09	6.220407000000000497e-04	2.135111900000000174e-03
7.407643875000000000e+09	8.111286999999999577e-04	2.208212299999999864e-03
7.407647875000000000e+09	7.566873000000000219e-04	2.050651200000000191e-03
7.407651875000000000e+09	1.088502500000000043e-03	1.634308899999999988e-03
7.407655875000000000e+09	5.375958999999999599e-04	1.888983799999999951e-03
7.407659875000000000e+09	9.190926999999999561e-04	2.307074699999999909e-03
7.407663875000000000e+09	7.273514999999999495e-04	2.028783799999999988e-03
7.407667875000000000e+09	1.090756499999999971e-03	1.810192599999999952e-03
7.407671875000000000e+09	9.925900000000000088e-04	1.726012999999999983e-03
7.407675875000000000e+09	7.225130999999999654e-04	1.714814299999999937e-03
7.407679875000000000e+09	9.182552999999999766e-04	2.041270999999999884e-03
7.407683875000000000e+09	7.951205999999999509e-04	2.062823599999999858e-03
7.407687875000000000e+09	1.135142299999999894e-03	1.957700199999999786e-03
7.407691875000000000e+09	7.582243999999999703e-04	2.207978599999999968e-03
7.407695875000000000e+09	9.289527999999999805e-04	2.059354099999999820e-03
7.407699875000000000e+09	1.063082699999999938e-03	1.940049400000000033e-03
7.407703875000000000e+09	8.890843000000000487e-04	1.950064999999999958e-03
7.407707875000000000e+09	1.084864199999999905e-03	1.874673000000000095e-03
7.407711875000000000e+09	1.124387199999999981e-03	2.019586500000000034e-03
7.407715875000000000e+09	4.778367000000000053e-04	2.041980599999999868e-03
7.407719875000000000e+09	1.210263600000000038e-03	1.959389800000000022e-03
7.407723875000000000e+09	8.407954000000000035e-04	1.809846099999999972e-03
7.407727875000000000e+09	9.714507999999999520e-04	1.798001399999999946e-03
7.407731875000000000e+09	6.956481999999999510e-04	1.891781599999999919e-03
7.407735875000000000e+09	8.867118999999999696e-04	1.912662500000000040e-03
7.407739875000000000e+09	9.404911000000000390e-04	1.886898699999999939e-03
7.407743875000000000e+09	8.847161999999999778e-04	1.644633599999999933e-03
7.407747875000000000e+09	9.979693999999999458e-04	2.106579800000000190e-03
7.407751875000000000e+09	8.167648000000000442e-04	2.086279199999999980e-03
7.407755875000000000e+09	9.418162000000000105e-04	1.734768000000000030e-03
7.407759875000000000e+09	8.036633000000000275e-04	1.862698899999999961e-03
7.407763875000000000e+09	9.281854000000000189e-04	1.766506900000000026e-03
7.407767875000000000e+09	8.692510000000000297e-04	1.962518400000000038e-03
7.407771875000000000e+09	9.234930999999999826e-04	1.555194200000000046e-03
7.407775875000000000e+09	8.561346999999999534e-04	1.982245399999999803e-03
7.407779875000000000e+09	8.695251000000000412e-04	1.911881700000000062e-03
7.407783875000000000e+09	1.021863999999999932e-03	2.050444700000000030e-03
7.407787875000000000e+09	1.135444599999999981e-03	2.146779100000000169e-03
7.407791875000000000e+09	1.167369599999999903e-03	1.854314099999999953e-03
7.407795875000000000e+09	7.687221000000000375e-04	1.786269500000000005e-03
7.407799875000000000e+09	7.843461000000000356e-04	1.707818199999999904e-03
7.407803875000000000e+09	9.965468999999999369e-04	1.983841400000000213e-03
7.407807875000000000e+09	1.129784100000000031e-03	1.911461699999999955e-03
7.407811875000000000e+09	8.779419000000000112e-04	1.623070600000000099e-03
7.407815875000000000e+09	1.009751500000000092e-03	1.680495599999999937e-03
7.407819875000000000e+09	9.647453999999999535e-04	1.700181600000000032e-03
7.407823875000000000e+09	7.412707999999999841e-04	1.564972200000000046e-03
7.407827875000000000e+09	7.364862999999999488e-04	1.939864699999999933e-03
7.407831875000000000e+09	9.269909999999999478e-04	1.688377299999999906e-03
7.407835875000000000e+09	9.211599999999999693e-04	1.735298099999999953e-03
7.407839875000000000e+09	9.430365000000000232e-04	1.793204500000000019e-03
7.407843875000000000e+09	1.084872599999999951e-03	1.693488200000000006e-03
7.407847875000000000e+09	9.473616999999999932e-04	1.950361199999999916e-03
7.407851875000000000e+09	1.014274699999999927e-03	1.747996400000000061e-03
7.407855875000000000e+09	1.091172899999999935e-03	1.624242799999999973e-03
7.407859875000000000e+09	9.827510000000000238e-04	1.723496099999999960e-03
7.407863875000000000e+09	1.063947200000000051e-03	1.617612199999999894e-03
7.407867875000000000e+09	9.977447000000000833e-04	1.713599799999999951e-03
7.407871875000000000e+09	1.092050700000000030e-03	1.517624699999999991e-03
7.407875875000000000e+09	7.293010000000000161e-04	1.745092599999999942e-03
7.407879875000000000e+09	1.306211100000000081e-03	1.425297100000000100e-03
7.407883875000000000e+09	1.051871800000000069e-03	1.741591100000000050e-03
7.407887875000000000e+09	1.132729500000000025e-03	1.568738399999999996e-03
7.407891875000000000e+09	1.342965399999999920e-03	1.618497900000000081e-03
7.407895875000000000e+09	1.104217700000000024e-03	1.520549200000000014e-03
7.407899875000000000e+09	1.220649500000000037e-03	1.458093400000000069e-03
7.407903875000000000e+09	1.145587999999999902e-03	1.498287299999999942e-03
7.407907875000000000e+09	9.790027999999999231e-04	1.504609000000000068e-03
7.407911875000000000e+09	1.383029200000000097e-03	1.473714899999999974e-03
7.407915875000000000e+09	1.078163800000000094e-03	1.733927400000000044e-03
7.407919875000000000e+09	9.294238999999999496e-04	1.479741900000000002e-03
7.407923875000000000e+09	1.026594999999999938e-03	1.665549400000000029e-03
7.407927875000000000e+09	1.329265600000000035e-03	1.504264599999999936e-03
7.407931875000000000e+09	1.132527300000000028e-03	1.326548400000000013e-03
7.407935875000000000e+09	1.103782800000000040e-03	1.375921599999999989e-03
7.407939875000000000e+09	1.215525000000000069e-03	1.377547900000000106e-03
7.407943875000000000e+09	1.140085699999999905e-03	1.384618300000000106e-03
7.407947875000000000e+09	1.078714099999999966e-03	1.558204600000000087e-03
7.407951875000000000e+09	1.195977900000000068e-03	1.583888500000000046e-03
7.407955875000000000e+09	8.624184000000000233e-04	1.469214900000000027e-03
7.407959875000000000e+09	9.343863999999999686e-04	1.577213800000000108e-03
7.407963875000000000e+09	1.085890699999999967e-03	1.354787000000000092e-03
7.407967875000000000e+09	6.993541000000000471e-04	1.336288500000000099e-03
7.407971875000000000e+09	1.069565400000000105e-03	1.455740199999999923e-03
7.407975875000000000e+09	1.228299400000000107e-03	1.622173300000000077e-03
7.407979875000000000e+09	1.164123499999999934e-03	1.529148500000000093e-03
7.407983875000000000e+09	1.182274500000000039e-03	1.429385800000000087e-03
7.407987875000000000e+09	1.310645100000000073e-03	1.393310800000000091e-03
7.407991875000000000e+09	1.302048600000000082e-03	1.416144200000000108e-03
7.407995875000000000e+09	9.677289000000000377e-04	1.224774600000000076e-03
7.407999875000000000e+09	1.411783999999999912e-03	1.116814700000000066e-03
7.408003875000000000e+09	1.103997200000000076e-03	1.409497599999999995e-03
7.408007875000000000e+09	1.456393700000000076e-03	1.100152000000000074e-03
7.408011875000000000e+09	1.043213099999999900e-03	1.570317799999999949e-03
7.408015875000000000e+09	1.148655300000000047e-03	1.441823399999999982e-03
7.408019875000000000e+09	1.180306699999999912e-03	1.426057199999999957e-03
7.408023875000000000e+09	1.338160500000000084e-03	1.530708300000000084e-03
7.408027875000000000e+09	1.214161700000000082e-03	1.658700599999999919e-03
7.408031875000000000e+09	1.300087099999999935e-03	1.527167999999999972e-03
7.408035875000000000e+09	9.794883000000000322e-04	1.449922200000000041e-03
7.408039875000000000e+09	1.285188899999999915e-03	1.123543100000000102e-03
7.408043875000000000e+09	1.135307500000000067e-03	1.098776400000000012e-03
7.408047875000000000e+09	1.006504700000000101e-03	1.376902699999999966e-03
7.408051875000000000e+09	1.380222099999999993e-03	1.255054999999999929e-03
7.408055875000000000e+09	1.423293099999999988e-03	1.446584299999999993e-03
7.408059875000000000e+09	1.265727300000000013e-03	1.280037900000000018e-03
7.408063875000000000e+09	1.227043500000000098e-03	1.023305300000000063e-03
7.408067875000000000e+09	1.254467700000000017e-03	1.119355399999999966e-03
7.408071875000000000e+09	1.105644899999999901e-03	1.351401699999999926e-03
7.408075875000000000e+09	1.388553399999999972e-03	1.186530799999999932e-03
7.408079875000000000e+09	8.867092999999999503e-04	1.431390700000000071e-03
7.408083875000000000e+09	1.465128100000000037e-03	1.020266300000000027e-03
7.408087875000000000e+09	1.410590399999999897e-03	7.642054000000000338e-04
7.408091875000000000e+09	1.087481800000000007e-03	1.222385199999999946e-03
7.408095875000000000e+09	1.139786600000000042e-03	1.216914500000000100e-03
7.408099875000000000e+09	1.145115200000000003e-03	1.082305599999999974e-03
7.408103875000000000e+09	1.064617300000000009e-03	1.098852999999999896e-03
7.408107875000000000e+09	1.253634900000000088e-03	1.045589700000000002e-03
7.408111875000000000e+09	1.062245500000000027e-03	1.124036400000000052e-03
7.408115875000000000e+09	1.133081100000000009e-03	1.035857199999999905e-03
7.408119875000000000e+09	1.202783999999999928e-03	9.374760999999999468e-04
7.408123875000000000e+09	9.719747999999999626e-04	1.076939500000000018e-03
7.408127875000000000e+09	1.272438700000000106e-03	8.122379000000000317e-04
7.408131875000000000e+09	1.045751099999999963e-03	1.080942000000000101e-03
7.408135875000000000e+09	1.176353900000000081e-03	1.082442099999999900e-03
7.408139875000000000e+09	1.324426500000000029e-03	8.270470000000000252e-04
7.408143875000000000e+09	1.119851500000000003e-03	1.176016100000000031e-03
7.408147875000000000e+09	1.227023899999999919e-03	8.950943999999999524e-04
7.408151875000000000e+09	1.283393299999999963e-03	1.081153899999999935e-03
7.408155875000000000e+09	1.149613299999999953e-03	8.660844999999999915e-04
7.408159875000000000e+09	1.128788300000000029e-03	9.252397000000000312e-04
7.408163875000000000e+09	1.240203500000000006e-03	9.570270999999999769e-04
7.408167875000000000e+09	1.155724799999999957e-03	9.311664000000000095e-04
7.408171875000000000e+09	1.127734700000000050e-03	1.120052500000000024e-03
7.408175875000000000e+09	1.097444599999999925e-03	6.099346000000000064e-04
7.408179875000000000e+09	7.500362000000000001e-04	9.371953000000000358e-04
7.408183875000000000e+09	1.054339199999999909e-03	6.736275999999999809e-04
7.408187875000000000e+09	1.057258599999999927e-03	9.326980000000000340e-04
7.408191875000000000e+09	1.206962399999999928e-03	5.534192999999999751e-04
7.408195875000000000e+09	1.098789399999999892e-03	7.828864000000000265e-04
7.408199875000000000e+09	1.134773499999999899e-03	6.760324000000000498e-04
7.408203875000000000e+09	1.054486299999999981e-03	4.127550000000000012e-04
7.408207875000000000e+09	1.145101500000000102e-03	2.262458000000000015e-04
7.408211875000000000e+09	1.151353900000000015e-03	5.709744999999999794e-04
7.408215875000000000e+09	1.022443999999999957e-03	6.117365000000000476e-04
7.408219875000000000e+09	8.106234000000000356e-04	6.455633000000000335e-04
7.408223875000000000e+09	1.024418299999999915e-03	5.019456999999999738e-04
7.408227875000000000e+09	1.146275200000000053e-03	6.687638000000000089e-04
7.408231875000000000e+09	1.013850599999999939e-03	6.489259000000000477e-04
7.408235875000000000e+09	9.639377000000000188e-04	6.213447999999999671e-04
7.408239875000000000e+09	1.219457300000000065e-03	6.917584000000000276e-04
7.408243875000000000e+09	9.584160999999999462e-04	5.699588999999999480e-04
7.408247875000000000e+09	8.440316999999999915e-04	4.936955000000000033e-04
7.408251875000000000e+09	1.033990299999999925e-03	6.665974000000000291e-04
7.408255875000000000e+09	9.295532000000000230e-04	7.213754999999999647e-04
7.408259875000000000e+09	1.089112699999999958e-03	5.383910000000000431e-04
7.408263875000000000e+09	1.019360599999999959e-03	4.758615000000000110e-04
7.408267875000000000e+09	7.682669999999999950e-04	3.396599000000000037e-04
7.408271875000000000e+09	6.493834000000000412e-04	5.184436999999999639e-04
7.408275875000000000e+09	8.319615000000000473e-04	6.671466999999999935e-04
7.408279875000000000e+09	9.860305999999999238e-04	8.213797999999999586e-04
7.408283875000000000e+09	9.710791000000000518e-04	5.991285999999999747e-04
7.408287875000000000e+09	8.614006000000000007e-04	7.622667999999999978e-04
7.408291875000000000e+09	6.102297000000000233e-04	2.728901999999999847e-04
7.408295875000000000e+09	9.264234999999999571e-04	7.383894999999999478e-04
7.408299875000000000e+09	9.531303999999999775e-04	2.684887999999999966e-04
7.408303875000000000e+09	7.614120999999999737e-04	4.983146000000000147e-04
7.408307875000000000e+09	8.090493999999999724e-04	1.229484000000000035e-04
7.408311875000000000e+09	8.724810999999999634e-04	1.946383000000000097e-04
7.408315875000000000e+09	9.708190000000000439e-04	4.583793000000000177e-04
7.408319875000000000e+09	5.443639999999999807e-04	2.864527999999999758e-04
7.408323875000000000e+09	6.006066000000000443e-04	5.363854000000000365e-04
7.408327875000000000e+09	7.000236000000000175e-04	1.322878000000000042e-04
7.408331875000000000e+09	6.981612000000000538e-04	4.076023000000000124e-04
7.408335875000000000e+09	8.411129999999999952e-04	4.948974999999999555e-04
7.408339875000000000e+09	8.006111999999999691e-04	3.866432999999999849e-04
7.408343875000000000e+09	7.146400000000000018e-04	3.429112999999999909e-04
7.408347875000000000e+09	6.536575000000000414e-04	4.629025999999999952e-04
7.408351875000000000e+09	7.509186999999999633e-04	2.909392999999999810e-04
7.408355875000000000e+09	7.155345000000000455e-04	4.579316000000000051e-04
7.408359875000000000e+09	6.174445000000000410e-04	1.062393000000000045e-04
7.408363875000000000e+09	5.197236000000000260e-04	3.207862999999999817e-04
7.408367875000000000e+09	5.117189999999999976e-04	6.758649999999999402e-05
7.408371875000000000e+09	5.203717999999999972e-04	2.623538000000000020e-04
7.408375875000000000e+09	5.442673999999999993e-04	2.536910000000000076e-04
7.408379875000000000e+09	2.502059999999999961e-04	3.125321999999999822e-04
7.408383875000000000e+09	6.021470000000000338e-04	2.938020000000000171e-04
7.408387875000000000e+09	2.370689999999999896e-04	3.389159999999999786e-04
7.408391875000000000e+09	1.583644000000000046e-04	1.753608000000000033e-04
7.408395875000000000e+09	5.925147999999999873e-04	1.038944000000000060e-04
7.408399875000000000e+09	2.761282999999999902e-04	3.198772000000000009e-04
7.408403875000000000e+09	2.852086999999999786e-04	3.626527999999999848e-04
7.408407875000000000e+09	1.572132000000000011e-04	1.274718999999999950e-04
7.408411875000000000e+09	2.988452999999999964e-04	2.699976999999999781e-04
7.408415875000000000e+09	2.834895000000000036e-04	2.381635999999999909e-04
7.408419875000000000e+09	3.772747000000000015e-04	4.082045000000000183e-04
7.408423875000000000e+09	1.394983999999999992e-04	1.329614999999999974e-04
7.408427875000000000e+09	1.175830999999999957e-04	8.770939999999999748e-05
7.408431875000000000e+09	1.879147000000000120e-04	-8.755669999999999469e-05
7.408435875000000000e+09	1.542140000000000112e-04	3.825763000000000254e-04
7.408439875000000000e+09	-3.795800000000000148e-06	-9.807899999999999727e-06
7.408443875000000000e+09	8.467910000000000042e-05	2.052419000000000042e-04
7.408447875000000000e+09	1.072695999999999936e-04	3.083862000000000257e-04
7.408451875000000000e+09	3.215439000000000166e-04	2.429091000000000084e-04
7.408455875000000000e+09	1.284302000000000024e-04	2.465117000000000068e-04
7.408459875000000000e+09	7.071589999999999831e-05	1.668312000000000028e-04
7.408463875000000000e+09	-2.256662000000000045e-04	-2.936594000000000162e-04
7.408467875000000000e+09	1.796005999999999894e-04	3.329310000000000147e-05
7.408471875000000000e+09	3.152339999999999705e-05	4.125190000000000259e-04
7.408475875000000000e+09	-1.136975999999999937e-04	6.231469999999999479e-05
7.408479875000000000e+09	-1.556709999999999873e-05	1.536614000000000057e-04
7.408483875000000000e+09	-1.137927999999999992e-04	2.531062000000000264e-04
7.408487875000000000e+09	7.209460000000000597e-05	2.930753000000000026e-04
7.408491875000000000e+09	-1.336917999999999928e-04	3.435499999999999752e-04
7.408495875000000000e+09	-1.728394999999999975e-04	1.488948000000000029e-04
7.408499875000000000e+09	-1.336709999999999946e-05	3.300749000000000066e-04
7.408503875000000000e+09	-1.368790999999999953e-04	2.312539999999999919e-04
7.408507875000000000e+09	-2.811310000000000024e-05	3.167213999999999793e-04
7.408511875000000000e+09	-3.867567000000000032e-04	4.387861999999999969e-04
7.408515875000000000e+09	-1.549243999999999968e-04	3.988900999999999775e-04
7.408519875000000000e+09	-4.590212000000000090e-04	1.367205000000000135e-04
7.408523875000000000e+09	-3.175116999999999978e-04	8.473189999999999422e-05
7.408527875000000000e+09	-3.578222000000000043e-04	8.561850000000000027e-05
7.408531875000000000e+09	-1.874985999999999873e-04	2.507082999999999794e-04
7.408535875000000000e+09	-2.225026000000000065e-04	2.103624999999999972e-04
7.408539875000000000e+09	-1.689942999999999957e-04	6.399398000000000152e-04
7.408543875000000000e+09	-5.187882999999999471e-04	3.959063000000000079e-04
7.408547875000000000e+09	-1.029798999999999998e-04	1.580340000000000119e-04
7.408551875000000000e+09	-3.208218999999999784e-04	1.433981999999999987e-04
7.408555875000000000e+09	-2.073611999999999960e-04	4.031320000000000021e-04
7.408559875000000000e+09	-2.231494999999999952e-04	1.576449000000000058e-04
7.408563875000000000e+09	-3.717107999999999784e-04	5.044694999999999648e-04
7.408567875000000000e+09	-4.204141999999999905e-04	4.499060000000000255e-04
7.408571875000000000e+09	-2.388401999999999973e-04	5.346304999999999764e-04
7.408575875000000000e+09	-3.857813999999999991e-04	3.149203999999999740e-04
7.408579875000000000e+09	-4.276573000000000093e-04	4.081929000000000200e-04
7.408583875000000000e+09	-1.665551999999999940e-04	1.507071000000000127e-04
7.408587875000000000e+09	-5.747219000000000242e-04	5.939676999999999544e-04
7.408591875000000000e+09	-3.475582999999999754e-04	4.915707000000000063e-04
7.408595875000000000e+09	-6.854263000000000413e-04	4.783427000000000035e-04
7.408599875000000000e+09	-6.119784999999999548e-04	6.496094000000000217e-04
7.408603875000000000e+09	-4.168870000000000084e-04	6.172931999999999465e-04
7.408607875000000000e+09	-4.563589999999999856e-04	3.823372000000000229e-04
7.408611875000000000e+09	-6.757234999999999891e-04	5.372957999999999727e-04
7.408615875000000000e+09	-4.363893000000000199e-04	4.280700999999999929e-04
7.408619875000000000e+09	-5.009821000000000022e-04	3.824178000000000234e-04
7.408623875000000000e+09	-9.063714000000000276e-04	5.376651000000000303e-04
7.408627875000000000e+09	-2.972701000000000119e-04	4.014698999999999829e-04
7.408631875000000000e+09	-5.333847999999999758e-04	7.107692999999999780e-04
7.408635875000000000e+09	-3.253368999999999987e-04	3.727256000000000080e-04
7.408639875000000000e+09	-4.512793000000000078e-04	4.912074000000000431e-04
7.408643875000000000e+09	-5.166002999999999741e-04	4.808494999999999978e-04
7.408647875000000000e+09	-5.643141999999999646e-04	5.692530999999999590e-04
7.408651875000000000e+09	-8.540992999999999762e-04	5.868186000000000062e-04
7.408655875000000000e+09	-6.395701000000000381e-04	5.352243999999999708e-04
7.408659875000000000e+09	-8.798837000000000541e-04	4.974388999999999851e-04
7.408663875000000000e+09	-9.969242000000000121e-04	6.412553999999999997e-04
7.408667875000000000e+09	-6.810730999999999556e-04	7.302936000000000106e-04
7.408671875000000000e+09	-6.712521999999999630e-04	6.042105000000000522e-04
7.408675875000000000e+09	-8.520660999999999903e-04	7.772293000000000431e-04
7.408679875000000000e+09	-5.006548999999999895e-04	7.537913999999999943e-04
7.408683875000000000e+09	-8.114767000000000161e-04	6.892312999999999955e-04
7.408687875000000000e+09	-6.813499999999999461e-04	5.398424000000000408e-04
7.408691875000000000e+09	-4.373301000000000228e-04	7.865106000000000180e-04
7.408695875000000000e+09	-7.970281000000000067e-04	5.342306000000000008e-04
7.408699875000000000e+09	-5.915547000000000166e-04	6.777772000000000267e-04
7.408703875000000000e+09	-7.282208999999999991e-04	8.267876000000000392e-04
7.408707875000000000e+09	-5.101879000000000353e-04	8.131173000000000220e-04
7.408711875000000000e+09	-7.803697999999999971e-04	7.171190000000000030e-04
7.408715875000000000e+09	-9.600283000000000254e-04	8.946881999999999968e-04
7.408719875000000000e+09	-8.172026000000000420e-04	8.515553000000000358e-04
7.408723875000000000e+09	-7.384686000000000331e-04	8.971447999999999489e-04
7.408727875000000000e+09	-8.474290000000000208e-04	7.529298000000000024e-04
7.408731875000000000e+09	-7.973066000000000007e-04	8.524175000000000155e-04
7.408735875000000000e+09	-9.237509999999999992e-04	6.686723999999999576e-04
7.408739875000000000e+09	-8.907163999999999750e-04	1.089775600000000063e-03
7.408743875000000000e+09	-9.216464999999999857e-04	8.172649000000000363e-04
7.408747875000000000e+09	-4.875098000000000127e-04	6.983919000000000108e-04
7.408751875000000000e+09	-7.108550000000000372e-04	8.111166999999999856e-04
7.408755875000000000e+09	-4.672675000000000049e-04	6.877304999999999573e-04
7.408759875000000000e+09	-1.065796599999999919e-03	1.015360000000000091e-03
7.408763875000000000e+09	-8.739617999999999779e-04	7.875227000000000485e-04
7.408767875000000000e+09	-9.594802000000000365e-04	1.177965100000000036e-03
7.408771875000000000e+09	-7.888892999999999687e-04	9.474219000000000303e-04
7.408775875000000000e+09	-5.858197000000000317e-04	6.278212000000000462e-04
7.408779875000000000e+09	-8.218311000000000062e-04	7.665808999999999774e-04
7.408783875000000000e+09	-9.696747999999999609e-04	1.223160800000000102e-03
7.408787875000000000e+09	-9.483062999999999909e-04	1.121399500000000091e-03
7.408791875000000000e+09	-5.744243999999999479e-04	9.201459000000000157e-04
7.408795875000000000e+09	-8.705346999999999781e-04	9.525106999999999671e-04
7.408799875000000000e+09	-8.714041000000000278e-04	1.047016999999999913e-03
7.408803875000000000e+09	-9.096142999999999893e-04	1.141603900000000022e-03
7.408807875000000000e+09	-7.590404999999999505e-04	1.491246099999999925e-03
7.408811875000000000e+09	-9.443995000000000167e-04	1.112036600000000045e-03
7.408815875000000000e+09	-9.124072000000000215e-04	1.195596699999999964e-03
7.408819875000000000e+09	-9.309337999999999468e-04	1.120225899999999957e-03
7.408823875000000000e+09	-9.556254000000000137e-04	1.073150599999999916e-03
7.408827875000000000e+09	-7.156254000000000347e-04	1.083807399999999919e-03
7.408831875000000000e+09	-8.234877999999999729e-04	1.036098500000000007e-03
7.408835875000000000e+09	-8.956923000000000098e-04	1.266560400000000045e-03
7.408839875000000000e+09	-1.024098599999999967e-03	1.129258200000000023e-03
7.408843875000000000e+09	-6.029435000000000523e-04	9.057960999999999790e-04
7.408847875000000000e+09	-9.513832000000000495e-04	1.288836100000000052e-03
7.408851875000000000e+09	-7.793929000000000438e-04	1.357887699999999918e-03
7.408855875000000000e+09	-7.917303000000000318e-04	1.274240199999999903e-03
7.408859875000000000e+09	-4.773242000000000131e-04	1.213388599999999911e-03
7.408863875000000000e+09	-8.381945999999999928e-04	1.070508099999999997e-03
7.408867875000000000e+09	-8.479644000000000157e-04	9.942607999999999047e-04
7.408871875000000000e+09	-1.033543600000000036e-03	1.424480500000000057e-03
7.408875875000000000e+09	-7.071637999999999665e-04	1.261281200000000016e-03
7.408879875000000000e+09	-8.066491999999999543e-04	1.102153000000000030e-03
7.408883875000000000e+09	-9.709659999999999732e-04	1.346198299999999941e-03
7.408887875000000000e+09	-9.681155999999999573e-04	1.480738199999999958e-03
7.408891875000000000e+09	-1.018043699999999965e-03	1.329826899999999971e-03
7.408895875000000000e+09	-8.256251000000000041e-04	1.246447300000000022e-03
7.408899875000000000e+09	-9.541706000000000493e-04	1.492465600000000099e-03
7.408903875000000000e+09	-7.945447999999999487e-04	1.306958700000000013e-03
7.408907875000000000e+09	-7.345119999999999904e-04	1.554033999999999928e-03
7.408911875000000000e+09	-7.274157000000000496e-04	1.153373999999999979e-03
7.408915875000000000e+09	-7.673750999999999706e-04	1.492869200000000035e-03
7.408919875000000000e+09	-1.035309400000000019e-03	1.606152000000000014e-03
7.408923875000000000e+09	-4.132462999999999740e-04	1.560817300000000036e-03
7.408927875000000000e+09	-7.763203000000000421e-04	1.545544100000000075e-03
7.408931875000000000e+09	-6.826793000000000488e-04	1.289028499999999959e-03
7.408935875000000000e+09	-9.538764000000000140e-04	1.337603099999999960e-03
7.408939875000000000e+09	-1.019834999999999969e-03	1.505582500000000054e-03
7.408943875000000000e+09	-7.933349000000000130e-04	1.267041800000000057e-03
7.408947875000000000e+09	-5.660796000000000274e-04	1.548257699999999954e-03
7.408951875000000000e+09	-9.028369000000000498e-04	1.552724199999999969e-03
7.408955875000000000e+09	-7.619325999999999833e-04	1.226515799999999910e-03
7.408959875000000000e+09	-5.330403999999999524e-04	1.662404699999999944e-03
7.408963875000000000e+09	-8.302869000000000482e-04	1.587020800000000023e-03
7.408967875000000000e+09	-8.959613000000000169e-04	1.390328099999999954e-03
7.408971875000000000e+09	-7.830113000000000090e-04	1.620267899999999978e-03
7.408975875000000000e+09	-9.074092999999999656e-04	1.641426600000000071e-03
7.408979875000000000e+09	-9.598478999999999822e-04	1.519150300000000030e-03
7.408983875000000000e+09	-7.616815000000000087e-04	1.384648899999999915e-03
7.408987875000000000e+09	-7.631880000000000391e-04	1.522736200000000080e-03
7.408991875000000000e+09	-8.665609000000000332e-04	1.484599399999999994e-03
7.408995875000000000e+09	-6.113034000000000263e-04	1.622826800000000012e-03
7.408999875000000000e+09	-8.285095000000000133e-04	1.567612799999999968e-03
7.409003875000000000e+09	-6.681420999999999671e-04	1.696714300000000094e-03
7.409007875000000000e+09	-7.311162999999999646e-04	1.510158699999999965e-03
7.409011875000000000e+09	-6.147216999999999525e-04	1.477227399999999930e-03
7.409015875000000000e+09	-6.744481999999999778e-04	1.787764899999999936e-03
7.409019875000000000e+09	-4.780431000000000242e-04	1.912052100000000057e-03
7.409023875000000000e+09	-5.436578999999999978e-04	1.982582200000000162e-03
7.409027875000000000e+09	-4.365834999999999985e-04	1.723742699999999918e-03
7.409031875000000000e+09	-5.841012000000000244e-04	2.001697199999999833e-03
7.409035875000000000e+09	-6.410171000000000532e-04	1.873627500000000059e-03
7.409039875000000000e+09	-3.824756999999999810e-04	1.913811399999999991e-03
7.409043875000000000e+09	-5.068901000000000006e-04	1.802166999999999918e-03
7.409047875000000000e+09	-7.098923000000000472e-04	1.757480299999999952e-03
7.409051875000000000e+09	-7.613096999999999660e-04	1.870580799999999998e-03
7.409055875000000000e+09	-5.379716999999999572e-04	1.984221200000000056e-03
7.409059875000000000e+09	-9.218968000000000128e-04	1.779745099999999929e-03
7.409063875000000000e+09	-4.316575999999999920e-04	1.934619700000000074e-03
7.409067875000000000e+09	-8.031235000000000500e-04	1.786696900000000034e-03
7.409071875000000000e+09	-6.030685999999999946e-04	1.950133800000000001e-03
7.409075875000000000e+09	-5.539587000000000330e-04	1.921706800000000078e-03
7.409079875000000000e+09	-8.295498000000000108e-04	1.823500800000000090e-03
7.409083875000000000e+09	-5.302290000000000085e-04	1.805445599999999911e-03
7.409087875000000000e+09	-5.278750999999999496e-04	2.081865200000000086e-03
7.409091875000000000e+09	-7.767114999999999783e-04	1.846050199999999973e-03
7.409095875000000000e+09	-3.584441000000000059e-04	1.744792200000000069e-03
7.409099875000000000e+09	-4.790330999999999994e-04	1.804403999999999904e-03
7.409103875000000000e+09	-4.483043000000000032e-04	1.760001300000000072e-03
7.409107875000000000e+09	-5.713032999999999957e-04	2.063040500000000096e-03
7.409111875000000000e+09	-5.418499999999999706e-04	1.723719399999999995e-03
7.409115875000000000e+09	-6.772412999999999697e-04	1.803315700000000018e-03
7.409119875000000000e+09	-2.100053000000000000e-04	2.025281900000000176e-03
7.409123875000000000e+09	-4.794730999999999885e-04	2.129420300000000026e-03
7.409127875000000000e+09	-3.610325000000000166e-04	1.840264799999999932e-03
7.409131875000000000e+09	-5.587593999999999547e-04	1.960569200000000182e-03
7.409135875000000000e+09	-7.512258999999999864e-04	2.222029500000000102e-03
7.409139875000000000e+09	-3.948747999999999755e-04	1.895772900000000085e-03
7.409143875000000000e+09	-5.957614000000000182e-04	1.940449899999999997e-03
7.409147875000000000e+09	-3.508461000000000153e-04	2.107094500000000065e-03
7.409151875000000000e+09	-2.855126000000000148e-04	2.043735100000000117e-03
7.409155875000000000e+09	-5.012638000000000033e-04	2.198633699999999989e-03
7.409159875000000000e+09	-2.002157000000000014e-04	1.885560899999999974e-03
7.409163875000000000e+09	-5.577562999999999575e-04	1.755378300000000032e-03
7.409167875000000000e+09	-3.508173000000000064e-04	2.077323900000000150e-03
7.409171875000000000e+09	-4.733753999999999740e-04	1.765308900000000028e-03
7.409175875000000000e+09	-5.967399999999999820e-05	2.105291100000000054e-03
7.409179875000000000e+09	-3.828829000000000065e-04	2.108512800000000159e-03
7.409183875000000000e+09	-2.772734000000000006e-04	1.765838800000000099e-03
7.409187875000000000e+09	-3.388503000000000175e-04	2.346199900000000074e-03
7.409191875000000000e+09	-4.912631999999999893e-04	2.162792299999999855e-03
7.409195875000000000e+09	-2.661133999999999787e-04	2.022877499999999919e-03
7.409199875000000000e+09	-4.015105000000000041e-04	1.924445699999999910e-03
7.409203875000000000e+09	-1.184333000000000033e-04	2.002706700000000169e-03
7.409207875000000000e+09	-1.944819999999999991e-04	2.033242399999999912e-03
7.409211875000000000e+09	-2.063894999999999998e-04	2.113036100000000028e-03
7.409215875000000000e+09	-4.907269000000000127e-04	2.119662500000000192e-03
7.409219875000000000e+09	-3.307974999999999783e-04	2.134362500000000062e-03
7.409223875000000000e+09	-1.522973999999999964e-04	1.917189599999999904e-03
7.409227875000000000e+09	-4.418669999999999759e-04	2.451370000000000025e-03
7.409231875000000000e+09	-4.306951000000000160e-04	2.291263400000000117e-03
7.409235875000000000e+09	-4.213417000000000117e-04	2.160499699999999992e-03
7.409239875000000000e+09	-4.185567000000000172e-04	2.401956499999999967e-03
7.409243875000000000e+09	-8.767349999999999330e-05	2.110427599999999994e-03
7.409247875000000000e+09	-4.188608000000000131e-04	2.143533100000000018e-03
7.409251875000000000e+09	-9.126080000000000552e-05	1.970038700000000149e-03
7.409255875000000000e+09	-1.629214999999999884e-04	2.329070999999999832e-03
7.409259875000000000e+09	-6.389860999999999501e-04	1.978053400000000153e-03
7.409263875000000000e+09	-3.822529000000000074e-04	2.133169400000000000e-03
7.409267875000000000e+09	-2.752733000000000263e-04	2.225180399999999916e-03
7.409271875000000000e+09	-1.390460000000000067e-05	2.223743700000000052e-03
7.409275875000000000e+09	-2.475242999999999909e-04	2.359310500000000050e-03
7.409279875000000000e+09	-2.453253000000000074e-04	2.355729500000000153e-03
7.409283875000000000e+09	-2.287168999999999921e-04	2.285549799999999840e-03
7.409287875000000000e+09	-2.251352999999999991e-04	2.033416799999999969e-03
7.409291875000000000e+09	-1.750233000000000019e-04	2.469998100000000193e-03
7.409295875000000000e+09	1.472869000000000077e-04	2.137382399999999873e-03
7.409299875000000000e+09	-1.040976000000000043e-04	2.075491100000000089e-03
7.409303875000000000e+09	-1.428668000000000125e-04	2.605991000000000210e-03
7.409307875000000000e+09	-2.445594000000000153e-04	2.001698300000000208e-03
7.409311875000000000e+09	-1.229389999999999964e-04	2.400494300000000081e-03
7.409315875000000000e+09	-1.234895999999999975e-04	2.226778100000000038e-03
7.409319875000000000e+09	7.238240000000000006e-05	2.132637299999999830e-03
7.409323875000000000e+09	-6.245760000000000320e-05	2.313165800000000112e-03
7.409327875000000000e+09	-2.379702999999999940e-04	2.325539100000000199e-03
7.409331875000000000e+09	-3.646311999999999861e-04	2.362137399999999967e-03
7.409335875000000000e+09	1.018815000000000036e-04	2.328569099999999985e-03
7.409339875000000000e+09	-1.801209000000000122e-04	2.215410799999999961e-03
7.409343875000000000e+09	2.428727999999999898e-04	2.340685999999999808e-03
7.409347875000000000e+09	-6.297519999999999973e-05	2.363578500000000030e-03
7.409351875000000000e+09	4.410469999999999804e-05	2.295255400000000088e-03
7.409355875000000000e+09	-5.480089999999999907e-05	2.310504399999999819e-03
7.409359875000000000e+09	-1.602600999999999939e-04	2.146732000000000154e-03
7.409363875000000000e+09	1.663240000000000020e-04	2.611251700000000002e-03
7.409367875000000000e+09	2.406670000000000117e-05	2.207606500000000149e-03
7.409371875000000000e+09	-4.324150000000000265e-05	2.064534700000000052e-03
7.409375875000000000e+09	1.907439999999999884e-04	2.349668499999999806e-03
7.409379875000000000e+09	5.147000000000000018e-05	2.493654499999999833e-03
7.409383875000000000e+09	2.918659999999999937e-05	2.292516799999999924e-03
7.409387875000000000e+09	-1.744975000000000009e-04	2.101350000000000093e-03
7.409391875000000000e+09	5.259419999999999867e-05	2.549291999999999878e-03
7.409395875000000000e+09	1.428959999999999952e-04	2.190914899999999842e-03
7.409399875000000000e+09	-6.816070000000000624e-05	2.367098499999999942e-03
7.409403875000000000e+09	1.516039000000000004e-04	2.305868600000000185e-03
7.409407875000000000e+09	1.099618999999999949e-04	2.245077299999999939e-03
7.409411875000000000e+09	2.710491000000000202e-04	2.104265799999999968e-03
7.409415875000000000e+09	2.120808999999999975e-04	2.300864699999999926e-03
7.409419875000000000e+09	1.736084000000000097e-04	2.566812700000000152e-03
7.409423875000000000e+09	7.128610000000000176e-05	2.505131900000000158e-03
7.409427875000000000e+09	-1.154239999999999981e-05	2.565082399999999915e-03
7.409431875000000000e+09	-1.504424000000000082e-04	2.182649999999999955e-03
7.409435875000000000e+09	1.743148999999999935e-04	2.328129200000000031e-03
7.409439875000000000e+09	9.782929999999999523e-05	2.451037300000000196e-03
7.409443875000000000e+09	3.952650000000000044e-04	2.492873499999999787e-03
7.409447875000000000e+09	4.147118000000000093e-04	2.564142599999999928e-03
7.409451875000000000e+09	4.280708999999999946e-04	2.520988000000000048e-03
7.409455875000000000e+09	4.491806000000000206e-04	2.412290599999999865e-03
7.409459875000000000e+09	4.283781999999999976e-04	2.338238700000000100e-03
7.409463875000000000e+09	-1.588802999999999906e-04	2.451230100000000023e-03
7.409467875000000000e+09	2.568339000000000212e-04	2.436296399999999824e-03
7.409471875000000000e+09	4.026572999999999979e-04	2.356742399999999914e-03
7.409475875000000000e+09	3.177470999999999855e-04	2.287265699999999936e-03
7.409479875000000000e+09	4.092439999999999734e-05	2.357289600000000030e-03
7.409483875000000000e+09	3.571610000000000182e-05	2.376895700000000201e-03
7.409487875000000000e+09	-1.904509000000000030e-04	2.196509799999999974e-03
7.409491875000000000e+09	5.794743999999999893e-04	2.283334900000000018e-03
7.409495875000000000e+09	5.566784000000000402e-04	2.670962900000000122e-03
7.409499875000000000e+09	3.243289999999999910e-04	2.279327399999999965e-03
7.409503875000000000e+09	5.648927999999999458e-04	2.433170899999999998e-03
7.409507875000000000e+09	1.942919999999999890e-04	2.493366099999999932e-03
7.409511875000000000e+09	4.138901000000000168e-04	2.442659900000000110e-03
7.409515875000000000e+09	2.848578999999999955e-04	2.310690299999999895e-03
7.409519875000000000e+09	4.034959999999999871e-04	2.398118600000000069e-03
7.409523875000000000e+09	2.380772999999999982e-04	2.204645299999999971e-03
7.409527875000000000e+09	4.091122999999999895e-04	2.539555099999999798e-03
7.409531875000000000e+09	4.478834000000000222e-04	2.433918399999999895e-03
7.409535875000000000e+09	5.201996000000000397e-04	2.606057499999999902e-03
7.409539875000000000e+09	5.092188999999999570e-04	2.447684199999999952e-03
7.409543875000000000e+09	5.854236000000000509e-04	2.399452600000000040e-03
7.409547875000000000e+09	5.091912000000000521e-04	2.382611399999999893e-03
7.409551875000000000e+09	6.043240000000000097e-05	2.338028099999999842e-03
7.409555875000000000e+09	4.197526999999999834e-04	2.370422200000000135e-03
7.409559875000000000e+09	1.874517000000000132e-04	2.315773100000000171e-03
7.409563875000000000e+09	6.409729999999999768e-04	2.337783099999999996e-03
7.409567875000000000e+09	3.965547999999999729e-04	2.444896700000000027e-03
7.409571875000000000e+09	4.467844000000000112e-04	2.776437799999999928e-03
7.409575875000000000e+09	5.919166000000000444e-04	2.439917099999999815e-03
7.409579875000000000e+09	5.267762999999999526e-04	2.610675199999999870e-03
7.409583875000000000e+09	8.149337000000000204e-04	2.586367899999999879e-03
7.409587875000000000e+09	2.771574999999999972e-04	2.450347199999999923e-03
7.409591875000000000e+09	4.021675999999999745e-04	2.327540700000000143e-03
7.409595875000000000e+09	3.554896999999999788e-04	2.854774100000000061e-03
7.409599875000000000e+09	4.278312000000000044e-04	2.285869299999999937e-03
7.409603875000000000e+09	6.270902999999999547e-04	2.306859799999999919e-03
7.409607875000000000e+09	4.779424999999999798e-04	2.438780000000000201e-03
7.409611875000000000e+09	6.999734999999999551e-04	2.145520399999999855e-03
7.409615875000000000e+09	7.195982999999999980e-04	2.228225199999999979e-03
7.409619875000000000e+09	6.188594999999999860e-04	2.536530099999999982e-03
7.409623875000000000e+09	6.407935000000000237e-04	2.499451800000000029e-03
7.409627875000000000e+09	5.417259999999999697e-04	2.547126499999999988e-03
7.409631875000000000e+09	6.211778999999999738e-04	2.282549000000000036e-03
7.409635875000000000e+09	5.664806000000000528e-04	2.348605599999999908e-03
7.409639875000000000e+09	6.600440000000000387e-04	2.505246200000000104e-03
7.409643875000000000e+09	8.889053999999999749e-04	2.472119699999999858e-03
7.409647875000000000e+09	5.587196000000000436e-04	2.589939500000000040e-03
7.409651875000000000e+09	5.701468999999999808e-04	2.478124300000000054e-03
7.409655875000000000e+09	5.286310000000000011e-04	2.276293100000000014e-03
7.409659875000000000e+09	7.712268999999999462e-04	2.290108800000000173e-03
7.409663875000000000e+09	1.019376300000000108e-03	2.671190400000000072e-03
7.409667875000000000e+09	9.356755000000000237e-04	2.504360199999999814e-03
7.409671875000000000e+09	7.475395999999999604e-04	2.749435699999999965e-03
7.409675875000000000e+09	7.614812000000000100e-04	2.323994800000000072e-03
7.409679875000000000e+09	5.518020000000000000e-04	2.205580899999999827e-03
7.409683875000000000e+09	5.808973000000000261e-04	2.627477999999999932e-03
7.409687875000000000e+09	6.624083999999999918e-04	2.458223199999999900e-03
7.409691875000000000e+09	8.812765000000000182e-04	2.303664999999999879e-03
7.409695875000000000e+09	7.686656999999999951e-04	2.397651299999999878e-03
7.409699875000000000e+09	7.106772000000000132e-04	2.471838300000000176e-03
7.409703875000000000e+09	7.328207999999999684e-04	2.462393299999999889e-03
7.409707875000000000e+09	7.376026999999999844e-04	2.364842299999999915e-03
7.409711875000000000e+09	9.010167999999999823e-04	2.615431399999999795e-03
7.409715875000000000e+09	9.921196000000000615e-04	2.556760300000000038e-03
7.409719875000000000e+09	5.763129999999999555e-04	2.439278000000000019e-03
7.409723875000000000e+09	8.830484000000000206e-04	2.489924399999999833e-03
7.409727875000000000e+09	7.148934000000000018e-04	2.684420800000000135e-03
7.409731875000000000e+09	6.194959999999999790e-04	2.382993600000000121e-03
7.409735875000000000e+09	1.095696900000000043e-03	2.391840599999999883e-03
7.409739875000000000e+09	1.128973900000000002e-03	2.445828199999999786e-03
7.409743875000000000e+09	6.641149000000000271e-04	2.272307900000000193e-03
7.409747875000000000e+09	1.126838900000000105e-03	2.295597800000000188e-03
7.409751875000000000e+09	6.538737000000000412e-04	2.516395500000000000e-03
7.409755875000000000e+09	9.521487000000000136e-04	2.609898299999999921e-03
7.409759875000000000e+09	7.907704000000000209e-04	2.320938399999999957e-03
7.409763875000000000e+09	7.732601999999999661e-04	2.715904199999999956e-03
7.409767875000000000e+09	7.028490999999999992e-04	2.079767399999999863e-03
7.409771875000000000e+09	1.094467599999999997e-03	2.231081800000000049e-03
7.409775875000000000e+09	1.273570300000000013e-03	2.497416399999999835e-03
7.409779875000000000e+09	9.088285000000000417e-04	2.378824500000000040e-03
7.409783875000000000e+09	8.443495000000000514e-04	2.452689300000000187e-03
7.409787875000000000e+09	1.015851500000000077e-03	2.330817099999999819e-03
7.409791875000000000e+09	1.133060800000000026e-03	2.403811200000000124e-03
7.409795875000000000e+09	1.059277099999999996e-03	2.563236300000000089e-03
7.409799875000000000e+09	1.226108500000000013e-03	2.446641299999999936e-03
7.409803875000000000e+09	1.127885199999999980e-03	2.206088699999999951e-03
7.409807875000000000e+09	9.509733000000000248e-04	2.591890900000000213e-03
7.409811875000000000e+09	1.075722400000000013e-03	2.547454399999999914e-03
7.409815875000000000e+09	1.222020799999999933e-03	2.391299600000000147e-03
7.409819875000000000e+09	1.018304499999999994e-03	2.333052700000000194e-03
7.409823875000000000e+09	9.444568000000000407e-04	2.508131099999999850e-03
7.409827875000000000e+09	1.368102699999999968e-03	2.431312399999999846e-03
7.409831875000000000e+09	9.125780000000000437e-04	2.464369899999999981e-03
7.409835875000000000e+09	1.126620700000000074e-03	2.313352199999999925e-03
7.409839875000000000e+09	9.712416999999999882e-04	2.556005000000000082e-03
7.409843875000000000e+09	9.781672999999999410e-04	2.136691200000000092e-03
7.409847875000000000e+09	1.252986100000000021e-03	2.483295899999999820e-03
7.409851875000000000e+09	1.116278899999999935e-03	2.569379200000000175e-03
7.409855875000000000e+09	1.019516299999999927e-03	2.336192700000000195e-03
7.409859875000000000e+09	1.074862100000000030e-03	2.103420700000000181e-03
7.409863875000000000e+09	1.258302499999999942e-03	2.291125000000000193e-03
7.409867875000000000e+09	9.612712999999999727e-04	2.193658299999999908e-03
7.409871875000000000e+09	1.184017299999999984e-03	2.288354600000000027e-03
7.409875875000000000e+09	9.058372000000000082e-04	2.616275600000000142e-03
7.409879875000000000e+09	1.142564700000000015e-03	2.529973899999999904e-03
7.409883875000000000e+09	1.264240800000000081e-03	2.295453900000000123e-03
7.409887875000000000e+09	8.773782000000000152e-04	2.249253399999999806e-03
7.409891875000000000e+09	1.224232999999999918e-03	2.072147500000000048e-03
7.409895875000000000e+09	9.638379000000000304e-04	2.265578399999999999e-03
7.409899875000000000e+09	1.075892099999999985e-03	2.406023399999999892e-03
7.409903875000000000e+09	1.183364300000000003e-03	2.428589699999999900e-03
7.409907875000000000e+09	1.263533100000000095e-03	2.202452399999999845e-03
7.409911875000000000e+09	1.194913199999999990e-03	2.232542200000000188e-03
7.409915875000000000e+09	1.022554499999999908e-03	2.294072700000000103e-03
7.409919875000000000e+09	1.442913799999999934e-03	2.108439000000000146e-03
7.409923875000000000e+09	1.230485699999999934e-03	2.026972599999999920e-03
7.409927875000000000e+09	1.252188300000000101e-03	2.189336799999999899e-03
7.409931875000000000e+09	9.911519000000001012e-04	2.400450699999999958e-03
7.409935875000000000e+09	1.182036000000000024e-03	2.250271500000000039e-03
7.409939875000000000e+09	1.206538799999999894e-03	2.219856799999999925e-03
7.409943875000000000e+09	1.018316499999999966e-03	2.024329100000000093e-03
7.409947875000000000e+09	1.230588500000000078e-03	2.481151799999999855e-03
7.409951875000000000e+09	9.970563999999999902e-04	2.119668400000000036e-03
7.409955875000000000e+09	1.543734499999999902e-03	2.381105599999999885e-03
7.409959875000000000e+09	1.357700199999999947e-03	2.254911999999999975e-03
7.409963875000000000e+09	1.405409299999999927e-03	2.208109000000000200e-03
7.409967875000000000e+09	1.420425199999999968e-03	2.405965899999999800e-03
7.409971875000000000e+09	1.343249199999999987e-03	2.341400600000000196e-03
7.409975875000000000e+09	1.260412000000000034e-03	2.371970499999999892e-03
7.409979875000000000e+09	1.142672800000000015e-03	2.414314800000000143e-03
7.409983875000000000e+09	1.282660699999999942e-03	2.313074100000000067e-03
7.409987875000000000e+09	1.543723199999999952e-03	2.267620399999999842e-03
7.409991875000000000e+09	1.489605599999999953e-03	2.374344200000000089e-03
7.409995875000000000e+09	1.191541900000000044e-03	2.337250800000000191e-03
7.409999875000000000e+09	1.472046000000000075e-03	2.323159899999999861e-03
7.410003875000000000e+09	1.228544899999999907e-03	1.878464800000000101e-03
7.410007875000000000e+09	1.151200000000000010e-03	2.328106099999999960e-03
7.410011875000000000e+09	1.338411000000000071e-03	2.297168999999999947e-03
7.410015875000000000e+09	1.254159900000000006e-03	2.261814000000000012e-03
7.410019875000000000e+09	1.520470600000000099e-03	2.381729799999999803e-03
7.410023875000000000e+09	1.452876600000000068e-03	2.461084399999999804e-03
7.410027875000000000e+09	1.066813999999999913e-03	2.579593199999999885e-03
7.410031875000000000e+09	1.138151100000000041e-03	2.216990500000000017e-03
7.410035875000000000e+09	1.411451800000000038e-03	2.109065199999999880e-03
7.410039875000000000e+09	1.264508500000000079e-03	2.135509199999999913e-03
7.410043875000000000e+09	1.139121699999999906e-03	2.213711000000000151e-03
7.410047875000000000e+09	1.462673399999999974e-03	2.292734700000000070e-03
7.410051875000000000e+09	1.404315099999999981e-03	2.315247600000000083e-03
7.410055875000000000e+09	1.552701700000000103e-03	2.289183599999999961e-03
7.410059875000000000e+09	1.174776100000000023e-03	2.416300599999999903e-03
7.410063875000000000e+09	1.456208700000000090e-03	2.110836100000000083e-03
7.410067875000000000e+09	1.645264900000000105e-03	2.176801999999999817e-03
7.410071875000000000e+09	1.398264300000000076e-03	2.323734899999999916e-03
7.410075875000000000e+09	1.850276500000000044e-03	1.837127200000000099e-03
7.410079875000000000e+09	1.373398100000000101e-03	2.145546300000000014e-03
7.410083875000000000e+09	1.559772799999999907e-03	2.149711099999999930e-03
7.410087875000000000e+09	1.445805699999999899e-03	2.374339599999999821e-03
7.410091875000000000e+09	1.405692799999999892e-03	2.115010100000000101e-03
7.410095875000000000e+09	1.405639499999999931e-03	2.300615800000000051e-03
7.410099875000000000e+09	1.257463299999999999e-03	2.408776400000000196e-03
7.410103875000000000e+09	1.684614099999999894e-03	2.188984599999999926e-03
7.410107875000000000e+09	1.525489500000000052e-03	2.269432799999999886e-03
7.410111875000000000e+09	1.418168999999999940e-03	2.160041200000000199e-03
7.410115875000000000e+09	1.693231899999999993e-03	2.374049400000000174e-03
7.410119875000000000e+09	1.546871100000000044e-03	2.216709900000000174e-03
7.410123875000000000e+09	1.444439899999999926e-03	2.278745699999999794e-03
7.410127875000000000e+09	1.441461100000000035e-03	2.054143400000000164e-03
7.410131875000000000e+09	1.683624099999999919e-03	1.967145400000000141e-03
7.410135875000000000e+09	1.413804600000000047e-03	2.279866900000000057e-03
7.410139875000000000e+09	1.549223599999999951e-03	1.922518200000000082e-03
7.410143875000000000e+09	1.775470400000000049e-03	2.125999899999999818e-03
7.410147875000000000e+09	1.540104200000000107e-03	2.283826899999999958e-03
7.410151875000000000e+09	1.543933400000000074e-03	1.862770900000000011e-03
7.410155875000000000e+09	1.646816200000000016e-03	2.068860599999999828e-03
7.410159875000000000e+09	1.580740300000000069e-03	2.180978999999999991e-03
7.410163875000000000e+09	1.897887599999999999e-03	2.032630399999999816e-03
7.410167875000000000e+09	1.358309299999999921e-03	2.134125199999999806e-03
7.410171875000000000e+09	1.324674000000000077e-03	1.956375800000000054e-03
7.410175875000000000e+09	1.929436299999999970e-03	1.979518200000000058e-03
7.410179875000000000e+09	1.616208199999999906e-03	2.081388100000000022e-03
7.410183875000000000e+09	1.518597499999999956e-03	1.865431600000000065e-03
7.410187875000000000e+09	1.789588799999999999e-03	2.318474899999999929e-03
7.410191875000000000e+09	1.557685299999999945e-03	2.178150199999999859e-03
7.410195875000000000e+09	1.813213200000000002e-03	2.007780099999999842e-03
7.410199875000000000e+09	1.508823199999999917e-03	2.225775499999999886e-03
7.410203875000000000e+09	1.462018299999999927e-03	2.312830499999999831e-03
7.410207875000000000e+09	1.793434300000000103e-03	1.862650499999999936e-03
7.410211875000000000e+09	1.763279200000000043e-03	1.997675600000000176e-03
7.410215875000000000e+09	1.589952599999999933e-03	2.069814100000000150e-03
7.410219875000000000e+09	1.820238500000000018e-03	2.136825499999999919e-03
7.410223875000000000e+09	1.593296699999999927e-03	2.109085000000000126e-03
7.410227875000000000e+09	1.726325300000000010e-03	1.954140100000000078e-03
7.410231875000000000e+09	1.746231399999999918e-03	2.131562799999999879e-03
7.410235875000000000e+09	1.868497399999999916e-03	1.972450199999999793e-03
7.410239875000000000e+09	1.976924900000000002e-03	2.304746600000000083e-03
7.410243875000000000e+09	1.450124099999999935e-03	2.027021200000000013e-03
7.410247875000000000e+09	1.744375100000000083e-03	1.904553499999999972e-03
7.410251875000000000e+09	1.888825200000000077e-03	1.872626799999999904e-03
7.410255875000000000e+09	1.605822800000000078e-03	1.990142199999999934e-03
7.410259875000000000e+09	1.686702399999999913e-03	1.862631999999999916e-03
7.410263875000000000e+09	1.427503899999999978e-03	1.952452599999999908e-03
7.410267875000000000e+09	1.764130700000000060e-03	1.894840299999999951e-03
7.410271875000000000e+09	1.718800799999999985e-03	2.096077200000000078e-03
7.410275875000000000e+09	1.916499600000000098e-03	1.815129400000000098e-03
7.410279875000000000e+09	1.860440600000000085e-03	2.114069100000000138e-03
7.410283875000000000e+09	1.648806000000000056e-03	2.292366000000000108e-03
7.410287875000000000e+09	1.725083000000000085e-03	2.172257500000000091e-03
7.410291875000000000e+09	1.501586899999999940e-03	1.782685200000000067e-03
7.410295875000000000e+09	1.587582300000000028e-03	2.143150999999999824e-03
7.410299875000000000e+09	1.852067800000000049e-03	2.098900300000000000e-03
7.410303875000000000e+09	2.009268199999999886e-03	1.934563600000000026e-03
7.410307875000000000e+09	2.011710700000000126e-03	1.818376700000000042e-03
7.410311875000000000e+09	2.081982999999999924e-03	2.054549299999999801e-03
7.410315875000000000e+09	1.615834999999999928e-03	1.976092300000000142e-03
7.410319875000000000e+09	1.842937800000000060e-03	2.005338299999999841e-03
7.410323875000000000e+09	1.788601799999999962e-03	2.055025199999999889e-03
7.410327875000000000e+09	1.983277600000000074e-03	2.005049100000000101e-03
7.410331875000000000e+09	1.648406999999999954e-03	1.651830400000000101e-03
7.410335875000000000e+09	1.616289099999999954e-03	1.884928799999999963e-03
7.410339875000000000e+09	1.934573399999999898e-03	1.783727799999999981e-03
7.410343875000000000e+09	1.756671499999999967e-03	1.797680799999999907e-03
7.410347875000000000e+09	1.843116699999999917e-03	2.055760299999999895e-03
7.410351875000000000e+09	1.805572899999999953e-03	1.791758299999999951e-03
7.410355875000000000e+09	1.709486000000000078e-03	1.624080900000000058e-03
7.410359875000000000e+09	2.076393599999999933e-03	1.912998200000000024e-03
7.410363875000000000e+09	1.856345199999999982e-03	2.052860300000000204e-03
7.410367875000000000e+09	1.659175599999999917e-03	1.771914199999999936e-03
7.410371875000000000e+09	1.881965200000000052e-03	1.917281999999999971e-03
7.410375875000000000e+09	1.972045400000000098e-03	2.053463599999999934e-03
7.410379875000000000e+09	1.924297599999999931e-03	1.892532200000000006e-03
7.410383875000000000e+09	1.866846500000000084e-03	1.804841900000000044e-03
7.410387875000000000e+09	1.686856999999999940e-03	1.929733600000000087e-03
7.410391875000000000e+09	2.024944500000000046e-03	1.922887500000000031e-03
7.410395875000000000e+09	1.950522199999999958e-03	1.849108799999999971e-03
7.410399875000000000e+09	2.147670600000000166e-03	1.897669700000000070e-03
7.410403875000000000e+09	1.693863699999999901e-03	1.955930099999999856e-03
7.410407875000000000e+09	1.747615299999999991e-03	1.766182399999999958e-03
7.410411875000000000e+09	1.632472000000000046e-03	1.801207300000000084e-03
7.410415875000000000e+09	1.953942000000000179e-03	2.012913199999999923e-03
7.410419875000000000e+09	1.944505900000000108e-03	2.061896100000000162e-03
7.410423875000000000e+09	1.792011800000000094e-03	1.889013200000000002e-03
7.410427875000000000e+09	1.941705499999999904e-03	1.645688300000000071e-03
7.410431875000000000e+09	1.971003700000000056e-03	2.056280499999999910e-03
7.410435875000000000e+09	1.956639200000000103e-03	2.187514000000000212e-03
7.410439875000000000e+09	1.951735499999999969e-03	1.702042800000000021e-03
7.410443875000000000e+09	2.190472199999999800e-03	1.892076300000000016e-03
7.410447875000000000e+09	1.724232299999999907e-03	1.818688599999999933e-03
7.410451875000000000e+09	1.976770000000000090e-03	1.952580700000000006e-03
7.410455875000000000e+09	1.932457700000000077e-03	1.711377999999999944e-03
7.410459875000000000e+09	1.785265000000000072e-03	1.613485999999999913e-03
7.410463875000000000e+09	1.764345600000000050e-03	1.891674699999999895e-03
7.410467875000000000e+09	1.929845799999999967e-03	1.692207499999999996e-03
7.410471875000000000e+09	1.932740999999999973e-03	1.754053200000000061e-03
7.410475875000000000e+09	1.790937399999999961e-03	1.829927199999999924e-03
7.410479875000000000e+09	2.072907200000000203e-03	1.864635899999999994e-03
7.410483875000000000e+09	2.271626399999999817e-03	1.833726599999999920e-03
7.410487875000000000e+09	2.138624899999999867e-03	1.733039999999999928e-03
7.410491875000000000e+09	2.071695299999999802e-03	1.839095000000000009e-03
7.410495875000000000e+09	2.276010099999999786e-03	1.535291399999999962e-03
7.410499875000000000e+09	1.985894900000000074e-03	1.844467499999999979e-03
7.410503875000000000e+09	2.053327099999999791e-03	1.720055999999999972e-03
7.410507875000000000e+09	2.124090899999999792e-03	1.738106600000000100e-03
7.410511875000000000e+09	1.806939000000000028e-03	1.611057300000000043e-03
7.410515875000000000e+09	1.932499500000000019e-03	1.616672700000000009e-03
7.410519875000000000e+09	1.899736300000000062e-03	1.852781699999999981e-03
7.410523875000000000e+09	1.985871900000000037e-03	1.797607600000000099e-03
7.410527875000000000e+09	2.350707999999999964e-03	1.838434899999999992e-03
7.410531875000000000e+09	2.149120000000000023e-03	1.744059299999999946e-03
7.410535875000000000e+09	2.008364600000000100e-03	1.671177200000000104e-03
7.410539875000000000e+09	2.213633200000000075e-03	1.549202499999999911e-03
7.410543875000000000e+09	1.886252599999999925e-03	1.671668600000000057e-03
7.410547875000000000e+09	1.948451099999999950e-03	1.820114899999999937e-03
7.410551875000000000e+09	1.956951699999999982e-03	1.727003200000000026e-03
7.410555875000000000e+09	1.973445400000000023e-03	1.651843399999999981e-03
7.410559875000000000e+09	1.910015099999999967e-03	1.580001099999999966e-03
7.410563875000000000e+09	2.304097199999999811e-03	1.723448999999999945e-03
7.410567875000000000e+09	2.236733500000000034e-03	1.808444399999999900e-03
7.410571875000000000e+09	1.974273300000000016e-03	1.774454599999999950e-03
