# Freq(Hz)	Amp(mV)
0.000000	35.687228
1305.346700	35.186324
2610.693400	33.692060
3916.040100	31.232993
5221.386800	27.866344
6526.733500	23.688935
7832.080201	18.846818
9137.426901	13.540344
10442.773601	8.024302
11748.120301	2.636312
13053.467001	2.652027
14358.813701	6.981231
15664.160401	10.404828
16969.507101	12.663812
18274.853801	13.620608
19580.200501	13.240937
20885.547201	11.599806
22190.893901	8.881131
23496.240602	5.375946
24801.587302	1.633123
26106.934002	3.008312
27412.280702	6.675106
28717.627402	9.730604
30022.974102	11.807327
31328.320802	12.682983
32633.667502	12.257025
33939.014202	10.557476
35244.360902	7.741114
36549.707602	4.092668
37855.054302	0.780136
39160.401003	4.494319
40465.747703	8.386805
41771.094403	11.548652
43076.441103	13.622951
44381.787803	14.365367
45687.134503	13.660882
46992.481203	11.537990
48297.827903	8.173151
49603.174603	3.905582
50908.521303	1.468912
52213.868003	6.120350
53519.214703	10.599874
54824.561404	14.191876
56129.908104	16.475975
57435.254804	17.158046
58740.601504	16.094305
60045.948204	13.310608
61351.294904	9.009216
62656.641604	3.579815
63961.988304	2.726388
65267.335004	8.874845
66572.681704	14.521998
67878.028404	19.004092
69183.375104	21.777507
70488.721805	22.434856
71794.068505	20.749343
73099.415205	16.708083
74404.761905	10.531860
75710.108605	2.752776
77015.455305	6.432634
78320.802005	15.619539
79626.148705	24.197382
80931.495405	31.207143
82236.842105	35.752440
83542.188805	37.057224
84847.535505	34.533105
86152.882206	27.836358
87458.228906	16.910402
88763.575606	2.139726
90068.922306	16.440070
91374.269006	37.444831
92679.615706	60.059203
93984.962406	83.081787
95290.309106	105.239413
96595.655806	125.269553
97901.002506	142.007555
99206.349206	154.468268
100511.695906	161.915446
101817.042607	163.913483
103122.389307	160.357539
104427.736007	151.479782
105733.082707	137.831370
107038.429407	120.241691
108343.776107	99.758152
109649.122807	77.571308
110954.469507	54.931274
112259.816207	33.062417
113565.162907	13.089019
114870.509607	4.206355
116175.856307	17.799504
117481.203008	27.520253
118786.549708	33.178229
120091.896408	34.919513
121397.243108	33.148346
122702.589808	28.479845
124007.936508	21.680958
125313.283208	13.603885
126618.629908	5.125570
127923.976608	3.063416
129229.323308	10.038781
130534.670008	15.416456
131840.016708	18.822172
133145.363409	20.112033
134450.710109	19.345212
135756.056809	16.762508
137061.403509	12.752971
138366.750209	7.815055
139672.096909	2.583470
140977.443609	3.012944
142282.790309	7.515533
143588.137009	11.073123
144893.483709	13.339741
146198.830409	14.167972
147504.177109	13.560918
148809.523810	11.659086
150114.870510	8.719937
151420.217210	5.093973
152725.563910	1.314910
154030.910610	2.906431
155336.257310	6.276697
156641.604010	8.926023
157946.950710	10.601800
159252.297410	11.183453
160557.644110	10.664807
161862.990810	9.147141
163168.337510	6.825324
164473.684211	3.971406
165779.030911	1.029759
167084.377611	2.344335
168389.724311	4.980049
169695.071011	7.041590
171000.417711	8.322305
172305.764411	8.723508
173611.111111	8.239279
174916.457811	6.951419
176221.804511	5.018992
177527.151211	2.668119
178832.497911	0.518139
180137.844612	2.484409
181443.191312	4.632602
182748.538012	6.280647
184053.884712	7.269719
185359.231412	7.521350
186664.578112	7.034120
187969.924812	5.881021
189275.271512	4.203420
190580.618212	2.219697
191885.964912	0.796403
193191.311612	2.376389
194496.658312	4.158427
195802.005013	5.530582
197107.351713	6.344955
198412.698413	6.538528
199718.045113	6.121993
201023.391813	5.182751
202328.738513	3.903592
203634.085213	2.664357
204939.431913	2.312934
206244.778613	3.205417
207550.125313	4.421264
208855.472013	5.407435
210160.818713	5.949631
211466.165414	5.962752
212771.512114	5.441830
214076.858814	4.448798
215382.205514	3.111518
216687.552214	1.682434
217992.898914	1.182672
219298.245614	2.323459
220603.592314	3.575645
221908.939014	4.508653
223214.285714	4.989731
224519.632414	4.966379
225824.979114	4.444919
227130.325815	3.484037
228435.672515	2.188714
229741.019215	0.728302
231046.365915	0.963541
232351.712615	2.394699
233657.059315	3.608148
234962.406015	4.466196
236267.752715	4.886754
237573.099415	4.834234
238878.446115	4.320975
240183.792815	3.405767
241489.139515	2.191212
242794.486216	0.855842
244099.832916	0.859149
245405.179616	2.140929
246710.526316	3.254798
248015.873016	4.041441
249321.219716	4.421868
250626.566416	4.363071
251931.913116	3.876932
253237.259816	3.018220
254542.606516	1.881591
255847.953216	0.635719
257153.299916	0.901941
258458.646617	2.125322
259763.993317	3.166949
261069.340017	3.901813
262374.686717	4.260014
263680.033417	4.212807
264985.380117	3.773294
266290.726817	2.995935
267596.073517	1.978783
268901.420217	0.924014
270206.766917	0.871390
271512.113617	1.854799
272817.460317	2.767923
274122.807018	3.413786
275428.153718	3.716480
276733.500418	3.647715
278038.847118	3.221188
279344.193818	2.492367
280649.540518	1.569605
281954.887218	0.767750
283260.233918	1.135378
284565.580618	2.059504
285870.927318	2.870817
287176.274018	3.417210
288481.620718	3.627910
289786.967419	3.474873
291092.314119	2.968205
292397.660819	2.153226
293703.007519	1.106567
295008.354219	0.159724
296313.700919	1.314318
297619.047619	2.448225
298924.394319	3.402376
300229.741019	4.093144
301535.087719	4.464926
302840.434419	4.494686
304145.781119	4.194892
305451.127820	3.615057
306756.474520	2.845763
308061.821220	2.040102
309367.167920	1.491378
310672.514620	1.564475
311977.861320	2.051778
313283.208020	2.530714
314588.554720	2.810509
315893.901420	2.822911
317199.248120	2.559105
318504.594820	2.053205
319809.941520	1.385796
321115.288221	0.769041
322420.634921	0.871842
323725.981621	1.535520
325031.328321	2.180367
326336.675021	2.648195
327642.021721	2.874463
328947.368421	2.833543
330252.715121	2.531578
331558.061821	2.004411
332863.408521	1.319058
334168.755221	0.619778
335474.101921	0.614068
336779.448622	1.270623
338084.795322	1.876354
339390.142022	2.299661
340695.488722	2.490083
342000.835422	2.430411
343306.182122	2.133260
344611.528822	1.642807
345916.875522	1.052191
347222.222222	0.646945
348527.568922	0.954086
349832.915622	1.545720
351138.262322	2.067206
352443.609023	2.413180
353748.955723	2.536399
355054.302423	2.421516
356359.649123	2.080985
357664.995823	1.553912
358970.342523	0.912361
360275.689223	0.395373
361581.035923	0.772421
362886.382623	1.388148
364191.729323	1.892365
365497.076023	2.209233
366802.422723	2.303114
368107.769424	2.165819
369413.116124	1.816517
370718.462824	1.306197
372023.809524	0.755655
373329.156224	0.615459
374634.502924	1.115377
375939.849624	1.691976
377245.196324	2.151045
378550.543024	2.420504
379855.889724	2.464419
381161.236424	2.273500
382466.583124	1.863053
383771.929825	1.270509
385077.276525	0.551434
386382.623225	0.227708
387687.969925	0.990488
388993.316625	1.667161
390298.663325	2.193936
391604.010025	2.522216
392909.356725	2.622875
394214.703425	2.489052
395520.050125	2.136934
396825.396825	1.604909
398130.743525	0.954370
399436.090226	0.331575
400741.436926	0.608142
402046.783626	1.219224
403352.130326	1.716849
404657.477026	2.034128
405962.823726	2.139271
407268.170426	2.024366
408573.517126	1.704338
409878.863826	1.215684
411184.210526	0.618394
412489.557226	0.208245
413794.903926	0.762056
415100.250627	1.328977
416405.597327	1.765542
417710.944027	2.022455
419016.290727	2.073369
420321.637427	1.915265
421626.984127	1.571765
422932.330827	1.105636
424237.677527	0.698256
425543.024227	0.809731
426848.370927	1.336354
428153.717627	1.890082
429459.064327	2.334063
430764.411028	2.604805
432069.757728	2.669010
433375.104428	2.517365
434680.451128	2.163015
435985.797828	1.639990
437291.144528	1.002957
438596.491228	0.366007
439901.837928	0.526748
441207.184628	1.130553
442512.531328	1.639515
443817.878028	1.985783
445123.224728	2.138585
446428.571429	2.089752
447733.918129	1.853279
449039.264829	1.466480
450344.611529	0.999189
451649.958229	0.618571
452955.304929	0.691993
454260.651629	1.085046
455565.998329	1.462413
456871.345029	1.713512
458176.691729	1.796432
459482.038429	1.699027
460787.385129	1.432257
462092.731830	1.029357
463398.078530	0.559163
464703.425230	0.336180
466008.771930	0.736932
467314.118630	1.196796
468619.465330	1.557190
469924.812030	1.766449
471230.158730	1.798198
472535.505430	1.645983
473840.852130	1.322389
475146.198830	0.857620
476451.545530	0.300306
477756.892231	0.328995
479062.238931	0.918623
480367.585631	1.443552
481672.932331	1.849832
482978.279031	2.098994
484283.625731	2.168442
485588.972431	2.053577
486894.319131	1.768859
488199.665831	1.348799
489505.012531	0.856315
490810.359231	0.466059
492115.705931	0.630308
493421.052632	1.068839
494726.399332	1.457123
496031.746032	1.715492
497337.092732	1.813692
498642.439432	1.746678
499947.786132	1.533306
501253.132832	1.222407
502558.479532	0.917487
503863.826232	0.817379
505169.172932	1.026491
506474.519632	1.361573
507779.866332	1.660081
509085.213033	1.844066
510390.559733	1.876835
511695.906433	1.747453
513001.253133	1.466809
514306.599833	1.068628
515611.946533	0.629851
516917.293233	0.440745
518222.639933	0.784382
519527.986633	1.229651
520833.333333	1.600948
522138.680033	1.841480
523444.026734	1.923733
524749.373434	1.839576
526054.720134	1.598411
527360.066834	1.225642
528665.413534	0.761279
529970.760234	0.273963
531276.106934	0.330811
532581.453634	0.774543
533886.800334	1.140801
535192.147034	1.381014
536497.493734	1.472746
537802.840434	1.410873
539108.187135	1.208178
540413.533835	0.898730
541718.880535	0.560531
543024.227235	0.441111
544329.573935	0.717443
545634.920635	1.079373
546940.267335	1.379697
548245.614035	1.565377
549550.960735	1.611427
550856.307435	1.511827
552161.654135	1.278490
553467.000835	0.943408
554772.347536	0.577487
556077.694236	0.417074
557383.040936	0.684770
558688.387636	1.050505
559993.734336	1.354868
561299.081036	1.545479
562604.427736	1.598773
563909.774436	1.510090
565215.121136	1.292912
566520.467836	0.982019
567825.814536	0.653265
569131.161236	0.508093
570436.507937	0.716978
571741.854637	1.042422
573047.201337	1.322063
574352.548037	1.495904
575657.894737	1.537552
576963.241437	1.440529
578268.588137	1.215773
579573.934837	0.892667
580879.281537	0.534333
582184.628237	0.362571
583489.974937	0.620151
584795.321637	0.969311
586100.668338	1.255901
587406.015038	1.431499
588711.361738	1.473753
590016.708438	1.377136
591322.055138	1.151300
592627.401838	0.820397
593932.748538	0.427609
595238.095238	0.189438
596543.441938	0.532032
597848.788638	0.909734
599154.135338	1.209732
600459.482038	1.397802
601764.828739	1.456123
603070.175439	1.381151
604375.522139	1.183659
605680.868839	0.889053
606986.215539	0.543162
608291.562239	0.282657
609596.908939	0.441435
610902.255639	0.748164
612207.602339	1.000157
613512.949039	1.149003
614818.295739	1.174851
616123.642439	1.074296
617428.989140	0.859265
618734.335840	0.560092
620039.682540	0.269239
621345.029240	0.374968
622650.375940	0.724528
623955.722640	1.052060
625261.069340	1.297887
626566.416040	1.431355
627871.762740	1.436316
629177.109440	1.310305
630482.456140	1.064543
631787.802840	0.724313
633093.149541	0.340570
634398.496241	0.248972
635703.842941	0.624370
637009.189641	0.994442
638314.536341	1.284847
639619.883041	1.464544
640925.229741	1.516844
642230.576441	1.438160
643535.923141	1.237706
644841.269841	0.936348
646146.616541	0.564492
647451.963241	0.159991
648757.309942	0.243902
650062.656642	0.599471
651368.003342	0.878022
652673.350042	1.053445
653978.696742	1.110550
655284.043442	1.046043
656589.390142	0.868738
657894.736842	0.598747
659200.083542	0.267103
660505.430242	0.120755
661810.776942	0.466222
663116.123642	0.778379
664421.470343	1.016414
665726.817043	1.156247
667032.163743	1.184663
668337.510443	1.100395
669642.857143	0.914838
670948.203843	0.653601
672253.550543	0.370544
673558.897243	0.267729
674864.243943	0.492939
676169.590643	0.753801
677474.937343	0.950225
678780.284043	1.048979
680085.630744	1.035443
681390.977444	0.909282
682696.324144	0.685831
684001.670844	0.410359
685307.017544	0.288179
686612.364244	0.555993
687917.710944	0.912885
689223.057644	1.238030
690528.404344	1.487659
691833.751044	1.635445
693139.097744	1.667245
694444.444444	1.580828
695749.791145	1.385582
697055.137845	1.101425
698360.484545	0.757012
699665.831245	0.388679
700971.177945	0.093141
702276.524645	0.324540
703581.871345	0.569364
704887.218045	0.724147
706192.564745	0.773950
707497.911445	0.718268
708803.258145	0.571683
710108.604845	0.376414
711413.951546	0.282345
712719.298246	0.465752
714024.644946	0.742393
715329.991646	0.999213
716635.338346	1.192531
717940.685046	1.297460
719246.031746	1.301252
720551.378446	1.202543
721856.725146	1.010837
723162.071846	0.745313
724467.418546	0.432849
725772.765246	0.106692
727078.111947	0.207978
728383.458647	0.468319
729688.805347	0.653169
730994.152047	0.742833
732299.498747	0.727495
733604.845447	0.607837
734910.192147	0.394967
736215.538847	0.109621
737520.885547	0.222246
738826.232247	0.565921
740131.578947	0.889017
741436.925647	1.159785
742742.272348	1.351758
744047.619048	1.446424
745352.965748	1.435345
746658.312448	1.321679
747963.659148	1.121614
749269.005848	0.867939
750574.352548	0.624131
751879.699248	0.515803
753185.045948	0.625999
754490.392648	0.828499
755795.739348	1.006504
757101.086048	1.110181
758406.432749	1.120487
759711.779449	1.036789
761017.126149	0.875095
762322.472849	0.673275
763627.819549	0.512132
764933.166249	0.517214
766238.512949	0.681500
767543.859649	0.878398
768849.206349	1.031259
770154.553049	1.105191
771459.899749	1.087110
772765.246449	0.981353
774070.593150	0.812687
775375.939850	0.640328
776681.286550	0.578881
777986.633250	0.704508
779291.979950	0.929620
780597.326650	1.151344
781902.673350	1.312523
783208.020050	1.382130
784513.366750	1.345381
785818.713450	1.200856
787124.060150	0.959462
788429.406850	0.644640
789734.753551	0.305604
791040.100251	0.241051
792345.446951	0.560914
793650.793651	0.875931
794956.140351	1.119772
796261.487051	1.266279
797566.833751	1.302206
798872.180451	1.225568
800177.527151	1.045171
801482.873851	0.779551
802788.220551	0.455191
804093.567251	0.106257
805398.913952	0.245892
806704.260652	0.552024
808009.607352	0.791544
809314.954052	0.942145
810620.300752	0.990855
811925.647452	0.934701
813230.994152	0.780827
814536.340852	0.545667
815841.687552	0.253257
817147.034252	0.067502
818452.380952	0.384473
819757.727652	0.667559
821063.074353	0.889806
822368.421053	1.030850
823673.767753	1.078862
824979.114453	1.031968
826284.461153	0.899293
827589.807853	0.702966
828895.154553	0.487643
830200.501253	0.360471
831505.847953	0.449282
832811.194653	0.644977
834116.541353	0.826043
835421.888053	0.945477
836727.234754	0.983618
838032.581454	0.934857
839337.928154	0.804418
840643.274854	0.606866
841948.621554	0.365625
843253.968254	0.130452
844559.314954	0.206633
845864.661654	0.423261
847170.008354	0.595361
848475.355054	0.698153
849780.701754	0.722050
851086.048454	0.668603
852391.395155	0.552841
853696.741855	0.413360
855002.088555	0.342648
856307.435255	0.434258
857612.781955	0.613481
858918.128655	0.788672
860223.475355	0.915149
861528.822055	0.969375
862834.168755	0.940156
864139.515455	0.826868
865444.862155	0.639442
866750.208855	0.401848
868055.555556	0.197206
869360.902256	0.312201
870666.248956	0.574859
871971.595656	0.817742
873276.942356	1.002031
874582.289056	1.107815
875887.635756	1.125176
877192.982456	1.053549
878498.329156	0.901649
879803.675856	0.687540
881109.022556	0.441744
882414.369256	0.239182
883719.715957	0.285541
885025.062657	0.481535
886330.409357	0.656082
887635.756057	0.767980
888941.102757	0.804257
890246.449457	0.765485
891551.796157	0.665550
892857.142857	0.537109
894162.489557	0.445418
895467.836257	0.471618
896773.182957	0.603022
898078.529657	0.759273
899383.876358	0.885502
900689.223058	0.952803
901994.569758	0.947441
903299.916458	0.866977
904605.263158	0.719161
905910.609858	0.522769
907215.956558	0.318127
908521.303258	0.233410
909826.649958	0.373771
911131.996658	0.561425
912437.343358	0.712561
913742.690058	0.800450
915048.036759	0.814080
916353.383459	0.752242
917658.730159	0.622116
918964.076859	0.438318
920269.423559	0.223325
921574.770259	0.073975
922880.116959	0.253598
924185.463659	0.437944
925490.810359	0.573404
926796.157059	0.645150
928101.503759	0.647099
929406.850459	0.581521
930712.197160	0.459830
932017.543860	0.307002
933322.890560	0.192880
934628.237260	0.253836
935933.583960	0.404214
937238.930660	0.538622
938544.277360	0.622851
939849.624060	0.641906
941154.970760	0.591336
942460.317460	0.477124
943765.664160	0.321445
945071.010860	0.205813
946376.357561	0.302507
947681.704261	0.507460
948987.050961	0.707614
950292.397661	0.864172
951597.744361	0.955427
952903.091061	0.968684
954208.437761	0.899611
955513.784461	0.752255
956819.131161	0.538780
958124.477861	0.279916
959429.824561	0.073374
960735.171261	0.313762
962040.517962	0.570744
963345.864662	0.779262
964651.211362	0.918139
965956.558062	0.974104
967261.904762	0.941864
968567.251462	0.824447
969872.598162	0.632923
971177.944862	0.385589
972483.291562	0.110427
973788.638262	0.192408
975093.984962	0.459080
976399.331662	0.684189
977704.678363	0.845886
979010.025063	0.930387
980315.371763	0.932162
981620.718463	0.855030
982926.065163	0.713808
984231.411863	0.539674
985536.758563	0.400072
986842.105263	0.407026
988147.451963	0.553174
989452.798663	0.727223
990758.145363	0.867160
992063.492063	0.945288
993368.838764	0.949669
994674.185464	0.878982
995979.532164	0.740668
997284.878864	0.549513
998590.225564	0.326453
999895.572264	0.105172
1001200.918964	0.151601
1002506.265664	0.330775
1003811.612364	0.461736
1005116.959064	0.527150
1006422.305764	0.520701
1007727.652464	0.444227
1009032.999165	0.307711
1010338.345865	0.134057
1011643.692565	0.120226
1012949.039265	0.320324
1014254.385965	0.512374
1015559.732665	0.664911
1016865.079365	0.759456
1018170.426065	0.784276
1019475.772765	0.734898
1020781.119465	0.614472
1022086.466165	0.433543
1023391.812865	0.209667
1024697.159566	0.054224
1026002.506266	0.290282
1027307.852966	0.510600
1028613.199666	0.683857
1029918.546366	0.791792
1031223.893066	0.822564
1032529.239766	0.771689
1033834.586466	0.642559
1035139.933166	0.446555
1036445.279866	0.205534
1037750.626566	0.115133
1039055.973266	0.376925
1040361.319967	0.635569
1041666.666667	0.852707
1042972.013367	1.008515
1044277.360067	1.090583
1045582.706767	1.094671
1046888.053467	1.025816
1048193.400167	0.899761
1049498.746867	0.745953
1050804.093567	0.613451
1052109.440267	0.566226
1053414.786967	0.626246
1054720.133668	0.739512
1056025.480368	0.843788
1057330.827068	0.902380
1058636.173768	0.898394
1059941.520468	0.828353
1061246.867168	0.699282
1062552.213868	0.527862
1063857.560568	0.344293
1065162.907268	0.220257
1066468.253968	0.266769
1067773.600668	0.391989
1069078.947368	0.493703
1070384.294069	0.541621
1071689.640769	0.529198
1072994.987469	0.466519
1074300.334169	0.389223
1075605.680869	0.374444
1076911.027569	0.480262
1078216.374269	0.660475
1079521.720969	0.852695
1080827.067669	1.018139
1082132.414369	1.132353
1083437.761069	1.180385
1084743.107769	1.155797
1086048.454470	1.060632
1087353.801170	0.905568
1088659.147870	0.710804
1089964.494570	0.510768
1091269.841270	0.370778
1092575.187970	0.375134
1093880.534670	0.482730
1095185.881370	0.591897
1096491.228070	0.654075
1097796.574770	0.651509
1099101.921470	0.581206
1100407.268170	0.450786
1101712.614871	0.280675
1103017.961571	0.147258
1104323.308271	0.255430
1105628.654971	0.453175
1106934.001671	0.633541
1108239.348371	0.768523
1109544.695071	0.843369
1110850.041771	0.851111
1112155.388471	0.792061
1113460.735171	0.673531
1114766.081871	0.509388
1116071.428571	0.320734
1117376.775272	0.151706
1118682.121972	0.166671
1119987.468672	0.306078
1121292.815372	0.421614
1122598.162072	0.485999
1123903.508772	0.492138
1125208.855472	0.442777
1126514.202172	0.351591
1127819.548872	0.253500
1129124.895572	0.230931
1130430.242272	0.326189
1131735.588972	0.460233
1133040.935673	0.578380
1134346.282373	0.655565
1135651.629073	0.679061
1136956.975773	0.644758
1138262.322473	0.557061
1139567.669173	0.431143
1140873.015873	0.303821
1142178.362573	0.263330
1143483.709273	0.362001
1144789.055973	0.509728
1146094.402673	0.642279
1147399.749373	0.732307
1148705.096074	0.766859
1150010.442774	0.742012
1151315.789474	0.661913
1152621.136174	0.539115
1153926.482874	0.397468
1155231.829574	0.284187
1156537.176274	0.274376
1157842.522974	0.358191
1159147.869674	0.451375
1160453.216374	0.508484
1161758.563074	0.511296
1163063.909774	0.454645
1164369.256475	0.343435
1165674.603175	0.198267
1166979.949875	0.133988
1168285.296575	0.290268
1169590.643275	0.487458
1170895.989975	0.666093
1172201.336675	0.802831
1173506.683375	0.882290
1174812.030075	0.895449
1176117.376775	0.839948
1177422.723475	0.720192
1178728.070175	0.546942
1180033.416876	0.336518
1181338.763576	0.112412
1182644.110276	0.129078
1183949.456976	0.326614
1185254.803676	0.484183
1186560.150376	0.584173
1187865.497076	0.617092
1189170.843776	0.580329
1190476.190476	0.478612
1191781.537176	0.325440
1193086.883876	0.158942
1194392.230576	0.179794
1195697.577277	0.376529
1197002.923977	0.575611
1198308.270677	0.740982
1199613.617377	0.855330
1200918.964077	0.909075
1202224.310777	0.899966
1203529.657477	0.833477
1204835.004177	0.723402
1206140.350877	0.593215
1207445.697577	0.478745
1208751.044277	0.423786
1210056.390977	0.443109
1211361.737678	0.497077
1212667.084378	0.537761
1213972.431078	0.537209
1215277.777778	0.484294
1216583.124478	0.379916
1217888.471178	0.237354
1219193.817878	0.118247
1220499.164578	0.217488
1221804.511278	0.399154
1223109.857978	0.568291
1224415.204678	0.699812
1225720.551378	0.779300
1227025.898079	0.799277
1228331.244779	0.759587
1229636.591479	0.668354
1230941.938179	0.544140
1232247.284879	0.422190
1233552.631579	0.362498
1234857.978279	0.406041
1236163.324979	0.506108
1237468.671679	0.600352
1238774.018379	0.654744
1240079.365079	0.653781
1241384.711779	0.593463
1242690.058480	0.479289
1243995.405180	0.327987
1245300.751880	0.188377
1246606.098580	0.212998
1247911.445280	0.371597
1249216.791980	0.531177
1250522.138680	0.652010
1251827.485380	0.716532
1253132.832080	0.716271
1254438.178780	0.650410
1255743.525480	0.525731
1257048.872180	0.357601
1258354.218881	0.182089
1259659.565581	0.165242
1260964.912281	0.333176
1262270.258981	0.499951
1263575.605681	0.622861
1264880.952381	0.684824
1266186.299081	0.678016
1267491.645781	0.603164
1268796.992481	0.471434
1270102.339181	0.314509
1271407.685881	0.238052
1272713.032581	0.364261
1274018.379282	0.567812
1275323.725982	0.760575
1276629.072682	0.908570
1277934.419382	0.992843
1279239.766082	1.003204
1280545.112782	0.937455
1281850.459482	0.801277
1283155.806182	0.608177
1284461.152882	0.381396
1285766.499582	0.180961
1287071.846282	0.234671
1288377.192982	0.434130
1289682.539683	0.609891
1290987.886383	0.728613
1292293.233083	0.777453
1293598.579783	0.753376
1294903.926483	0.662583
1296209.273183	0.522362
1297514.619883	0.370408
1298819.966583	0.296366
1300125.313283	0.383434
1301430.659983	0.543285
1302736.006683	0.691563
1304041.353383	0.792658
1305346.700084	0.829861
1306652.046784	0.796897
1307957.393484	0.695818
1309262.740184	0.535901
1310568.086884	0.332458
1311873.433584	0.106676
1313178.780284	0.131402
1314484.126984	0.342112
1315789.473684	0.516180
1317094.820384	0.636967
1318400.167084	0.694539
1319705.513784	0.685714
1321010.860485	0.614467
1322316.207185	0.492116
1323621.553885	0.338633
1324926.900585	0.194892
1326232.247285	0.175112
1327537.593985	0.284336
1328842.940685	0.391234
1330148.287385	0.452812
1331453.634085	0.455476
1332758.980785	0.398106
1334064.327485	0.294581
1335369.674185	0.203058
1336675.020886	0.266782
1337980.367586	0.452215
1339285.714286	0.657737
1340591.060986	0.841790
1341896.407686	0.979903
1343201.754386	1.055234
1344507.101086	1.057872
1345812.447786	0.985280
1347117.794486	0.842627
1348423.141186	0.643102
1349728.487886	0.410504
1351033.834586	0.207769
1352339.181287	0.253792
1353644.527987	0.457473
1354949.874687	0.643487
1356255.221387	0.773048
1357560.568087	0.830819
1358865.914787	0.811468
1360171.261487	0.718214
1361476.608187	0.562969
1362781.954887	0.369648
1364087.301587	0.205412
1365392.648287	0.261932
1366697.994987	0.454033
1368003.341688	0.635859
1369308.688388	0.768564
1370614.035088	0.835148
1371919.381788	0.828293
1373224.728488	0.748829
1374530.075188	0.605481
1375835.421888	0.415856
1377140.768588	0.219470
1378446.115288	0.188989
1379751.461988	0.373233
1381056.808688	0.568095
1382362.155388	0.723702
1383667.502089	0.822448
1384972.848789	0.856620
1386278.195489	0.826179
1387583.542189	0.738289
1388888.888889	0.607073
1390194.235589	0.454367
1391499.582289	0.315153
1392804.928989	0.249297
1394110.275689	0.287695
1395415.622389	0.361812
1396720.969089	0.416614
1398026.315789	0.435948
1399331.662490	0.424761
1400637.009190	0.405063
1401942.355890	0.411445
1403247.702590	0.467329
1404553.049290	0.561337
1405858.395990	0.662959
1407163.742690	0.744002
1408469.089390	0.784073
1409774.436090	0.770517
1411079.782790	0.698022
1412385.129490	0.568278
1413690.476190	0.389382
1414995.822891	0.174828
1416301.169591	0.058131
1417606.516291	0.289523
1418911.862991	0.499887
1420217.209691	0.671223
1421522.556391	0.789296
1422827.903091	0.845129
1424133.249791	0.836201
1425438.596491	0.767363
1426743.943191	0.651936
1428049.289891	0.514591
1429354.636591	0.399190
1430659.983292	0.368349
1431965.329992	0.433464
1433270.676692	0.530086
1434576.023392	0.604698
1435881.370092	0.631037
1437186.716792	0.598396
1438492.063492	0.506145
1439797.410192	0.361865
1441102.756892	0.183123
1442408.103592	0.089104
1443713.450292	0.271085
1445018.796992	0.465248
1446324.143693	0.627736
1447629.490393	0.741186
1448934.837093	0.794788
1450240.183793	0.784142
1451545.530493	0.711810
1452850.877193	0.588081
1454156.223893	0.433712
1455461.570593	0.293624
1456766.917293	0.267223
1458072.263993	0.378298
1459377.610693	0.519974
1460682.957393	0.635826
1461988.304094	0.704562
1463293.650794	0.718664
1464598.997494	0.680096
1465904.344194	0.600204
1467209.690894	0.501922
1468515.037594	0.423851
1469820.384294	0.411256
1471125.730994	0.469450
1472431.077694	0.555437
1473736.424394	0.627726
1475041.771094	0.662248
1476347.117794	0.647769
1477652.464495	0.582131
1478957.811195	0.470349
1480263.157895	0.323499
1481568.504595	0.160099
1482873.851295	0.074452
1484179.197995	0.208108
1485484.544695	0.341967
1486789.891395	0.439368
1488095.238095	0.490161
1489400.584795	0.491133
1490705.931495	0.445282
1492011.278195	0.362029
1493316.624896	0.258865
1494621.971596	0.170767
1495927.318296	0.162593
1497232.664996	0.224753
1498538.011696	0.284046
1499843.358396	0.307616
1501148.705096	0.283714
1502454.051796	0.211721
1503759.398496	0.111945
1505064.745196	0.134819
1506370.091896	0.302586
1507675.438596	0.493109
1508980.785297	0.674913
1510286.131997	0.827457
1511591.478697	0.933989
1512896.825397	0.982143
1514202.172097	0.965101
1515507.518797	0.882558
1516812.865497	0.741610
1518118.212197	0.558673
1519423.558897	0.368763
1520728.905597	0.268814
1522034.252297	0.366766
1523339.598997	0.542705
1524644.945698	0.701285
1525950.292398	0.808855
1527255.639098	0.850242
1528560.985798	0.819855
1529866.332498	0.719921
1531171.679198	0.559970
1532477.025898	0.357665
1533782.372598	0.157079
1535087.719298	0.197046
1536393.065998	0.406785
1537698.412698	0.601703
1539003.759398	0.750594
1540309.106099	0.839109
1541614.452799	0.860372
1542919.799499	0.814220
1544225.146199	0.706940
1545530.492899	0.550982
1546835.839599	0.366001
1548141.186299	0.193446
1549446.532999	0.183705
1550751.879699	0.335232
1552057.226399	0.489296
1553362.573099	0.609616
1554667.919799	0.687008
1555973.266500	0.721546
1557278.613200	0.719851
1558583.959900	0.693374
1559889.306600	0.655695
1561194.653300	0.618262
1562500.000000	0.585591
1563805.346700	0.553189
1565110.693400	0.510497
1566416.040100	0.446704
1567721.386800	0.355770
1569026.733500	0.240826
1570332.080201	0.133006
1571637.426901	0.164790
1572942.773601	0.307842
1574248.120301	0.457175
1575553.467001	0.582430
1576858.813701	0.666687
1578164.160401	0.698414
1579469.507101	0.671290
1580774.853801	0.584748
1582080.200501	0.444492
1583385.547201	0.264340
1584690.893901	0.100888
1585996.240602	0.224819
1587301.587302	0.437288
1588606.934002	0.631421
1589912.280702	0.784506
1591217.627402	0.882290
1592522.974102	0.916436
1593828.320802	0.884919
1595133.667502	0.792487
1596439.014202	0.651230
1597744.360902	0.482796
1599049.707602	0.329130
1600355.054302	0.277832
1601660.401003	0.365093
1602965.747703	0.490652
1604271.094403	0.590490
1605576.441103	0.640767
1606881.787803	0.633347
1608187.134503	0.569729
1609492.481203	0.460344
1610797.827903	0.328487
1612103.174603	0.231398
1613408.521303	0.265092
1614713.868003	0.389872
1616019.214703	0.517463
1617324.561404	0.611398
1618629.908104	0.655920
1619935.254804	0.644950
1621240.601504	0.579857
1622545.948204	0.469049
1623851.294904	0.329216
1625156.641604	0.196712
1626461.988304	0.174337
1627767.335004	0.279567
1629072.681704	0.393450
1630378.028404	0.471952
1631683.375104	0.499475
1632988.721805	0.470209
1634294.068505	0.385303
1635599.415205	0.252276
1636904.761905	0.089275
1638210.108605	0.126793
1639515.455305	0.319537
1640820.802005	0.503212
1642126.148705	0.657993
1643431.495405	0.770137
1644736.842105	0.830602
1646042.188805	0.835669
1647347.535505	0.787288
1648652.882206	0.692987
1649958.228906	0.565503
1651263.575606	0.422635
1652568.922306	0.289022
1653874.269006	0.202348
1655179.615706	0.195107
1656484.962406	0.226680
1657790.309106	0.241887
1659095.655806	0.219946
1660401.002506	0.159866
1661706.349206	0.084137
1663011.695906	0.115210
1664317.042607	0.238228
1665622.389307	0.366659
1666927.736007	0.475788
1668233.082707	0.549783
1669538.429407	0.577406
1670843.776107	0.552500
1672149.122807	0.474771
1673454.469507	0.350809
1674759.816207	0.199338
1676065.162907	0.118355
1677370.509607	0.257164
1678675.856307	0.434075
1679981.203008	0.587939
1681286.549708	0.697286
1682591.896408	0.748346
1683897.243108	0.733278
1685202.589808	0.650422
1686507.936508	0.504445
1687813.283208	0.306269
1689118.629908	0.078871
1690423.976608	0.194350
1691729.323308	0.445570
1693034.670008	0.676330
1694340.016708	0.866470
1695645.363409	1.000973
1696950.710109	1.070254
1698256.056809	1.071087
1699561.403509	1.007210
1700866.750209	0.889704
1702172.096909	0.737621
1703477.443609	0.580068
1704782.790309	0.459984
1706088.137009	0.422821
1707393.483709	0.463313
1708698.830409	0.524762
1710004.177109	0.561736
1711309.523810	0.553684
1712614.870510	0.497429
1713920.217210	0.405406
1715225.563910	0.315365
1716530.910610	0.305340
1717836.257310	0.409178
1719141.604010	0.561166
1720446.950710	0.707384
1721752.297410	0.819624
1723057.644110	0.882022
1724362.990810	0.886879
1725668.337510	0.833804
1726973.684211	0.729772
1728279.030911	0.590158
1729584.377611	0.443279
1730889.724311	0.343473
1732195.071011	0.357285
1733500.417711	0.459783
1734805.764411	0.576806
1736111.111111	0.668101
1737416.457811	0.716879
1738721.804511	0.717918
1740027.151211	0.673471
1741332.497911	0.591414
1742637.844612	0.483846
1743943.191312	0.365786
1745248.538012	0.254251
1746553.884712	0.168339
1747859.231412	0.126798
1749164.578112	0.127050
1750469.924812	0.147250
1751775.271512	0.187252
1753080.618212	0.258376
1754385.964912	0.359605
1755691.311612	0.478692
1756996.658312	0.599946
1758302.005013	0.707789
1759607.351713	0.788418
1760912.698413	0.831072
1762218.045113	0.829042
1763523.391813	0.780340
1764828.738513	0.687921
1766134.085213	0.559444
1767439.431913	0.406649
1768744.778613	0.244812
1770050.125313	0.097462
1771355.472013	0.087036
1772660.818713	0.182269
1773966.165414	0.247609
1775271.512114	0.272080
1776576.858814	0.262479
1777882.205514	0.244746
1779187.552214	0.266629
1780492.898914	0.353651
1781798.245614	0.480655
1783103.592314	0.614332
1784408.939014	0.729776
1785714.285714	0.808723
1787019.632414	0.838470
1788324.979114	0.811983
1789630.325815	0.728184
1790935.672515	0.591961
1792241.019215	0.413762
1793546.365915	0.209088
1794851.712615	0.033360
1796157.059315	0.216153
1797462.406015	0.390893
1798767.752715	0.520232
1800073.099415	0.590624
1801378.446115	0.594222
1802683.792815	0.529565
1803989.139515	0.402670
1805294.486216	0.232422
1806599.832916	0.130112
1807905.179616	0.307063
1809210.526316	0.542724
1810515.873016	0.764924
1811821.219716	0.948786
1813126.566416	1.077232
1814431.913116	1.139123
1815737.259816	1.129714
1817042.606516	1.051095
1818347.953216	0.912355
1819653.299916	0.729869
1820958.646617	0.529459
1822263.993317	0.357412
1823569.340017	0.301225
1824874.686717	0.383003
1826180.033417	0.495867
1827485.380117	0.575533
1828790.726817	0.599391
1830096.073517	0.561110
1831401.420217	0.463489
1832706.766917	0.316016
1834012.113617	0.133857
1835317.460317	0.075511
1836622.807018	0.273944
1837928.153718	0.456925
1839233.500418	0.606055
1840538.847118	0.709193
1841844.193818	0.759387
1843149.540518	0.755485
1844454.887218	0.702436
1845760.233918	0.611410
1847065.580618	0.500158
1848370.927318	0.394306
1849676.274018	0.326737
1850981.620718	0.317878
1852286.967419	0.345880
1853592.314119	0.371508
1854897.660819	0.370606
1856203.007519	0.335508
1857508.354219	0.272183
1858813.700919	0.206258
1860119.047619	0.197577
1861424.394319	0.273946
1862729.741019	0.382603
1864035.087719	0.483527
1865340.434419	0.556870
1866645.781119	0.592494
1867951.127820	0.587749
1869256.474520	0.548082
1870561.821220	0.489042
1871867.167920	0.438634
1873172.514620	0.431136
1874477.861320	0.479162
1875783.208020	0.559186
1877088.554720	0.637518
1878393.901420	0.688877
1879699.248120	0.697984
1881004.594820	0.658131
1882309.941520	0.570738
1883615.288221	0.446791
1884920.634921	0.315011
1886225.981621	0.251115
1887531.328321	0.330444
1888836.675021	0.477124
1890142.021721	0.618464
1891447.368421	0.723493
1892752.715121	0.776461
1894058.061821	0.769861
1895363.408521	0.703188
1896668.755221	0.583101
1897974.101921	0.425537
1899279.448622	0.269211
1900584.795322	0.231744
1901890.142022	0.368547
1903195.488722	0.545607
1904500.835422	0.701998
1905806.182122	0.815074
1907111.528822	0.873547
1908416.875522	0.873050
1909722.222222	0.815113
1911027.568922	0.706461
1912332.915622	0.558104
1913638.262322	0.384145
1914943.609023	0.200498
1916248.955723	0.029409
1917554.302423	0.138887
1918859.649123	0.264887
1920164.995823	0.351985
1921470.342523	0.396413
1922775.689223	0.399409
1924081.035923	0.366784
1925386.382623	0.308507
1926691.729323	0.238435
1927997.076023	0.174783
1929302.422723	0.138765
1930607.769424	0.136516
1931913.116124	0.145699
1933218.462824	0.147896
1934523.809524	0.147262
1935829.156224	0.169047
1937134.502924	0.232280
1938439.849624	0.327042
1939745.196324	0.434455
1941050.543024	0.538063
1942355.889724	0.624258
1943661.236424	0.682288
1944966.583124	0.704763
1946271.929825	0.688233
1947577.276525	0.633564
1948882.623225	0.546114
1950187.969925	0.435905
1951493.316625	0.318747
1952798.663325	0.221270
1954104.010025	0.186045
1955409.356725	0.219516
1956714.703425	0.267869
1958020.050125	0.296284
1959325.396825	0.294297
1960630.743525	0.265403
1961936.090226	0.228797
1963241.436926	0.225054
1964546.783626	0.284301
1965852.130326	0.385025
1967157.477026	0.494520
1968462.823726	0.591020
1969768.170426	0.660576
1971073.517126	0.694754
1972378.863826	0.690164
1973684.210526	0.648539
1974989.557226	0.576932
1976294.903926	0.488138
1977600.250627	0.401502
1978905.597327	0.341927
1980210.944027	0.327374
1981516.290727	0.347734
1982821.637427	0.373796
1984126.984127	0.381823
1985432.330827	0.359579
1986737.677527	0.303743
1988043.024227	0.217737
1989348.370927	0.112476
1990653.717627	0.057806
1991959.064327	0.159751
1993264.411028	0.269903
1994569.757728	0.358551
1995875.104428	0.414430
1997180.451128	0.430825
1998485.797828	0.405379
1999791.144528	0.340588
2001096.491228	0.245213
2002401.837928	0.143750
2003707.184628	0.130312
2005012.531328	0.237200
2006317.878028	0.360782
2007623.224728	0.465960
2008928.571429	0.538138
2010233.918129	0.568924
2011539.264829	0.554586
2012844.611529	0.495875
2014149.958229	0.397825
2015455.304929	0.269451
2016760.651629	0.125099
2018065.998329	0.063356
2019371.345029	0.197286
2020676.691729	0.326142
2021982.038429	0.427156
2023287.385129	0.491812
2024592.731830	0.516073
2025898.078530	0.500110
2027203.425230	0.448249
2028508.771930	0.368933
2029814.118630	0.275383
2031119.465330	0.189844
2032424.812030	0.153694
2033730.158730	0.188112
2035035.505430	0.246525
2036340.852130	0.294784
2037646.198830	0.322011
2038951.545530	0.327337
2040256.892231	0.315555
2041562.238931	0.295120
2042867.585631	0.275443
2044172.932331	0.262367
2045478.279031	0.254085
2046783.625731	0.242129
2048088.972431	0.216567
2049394.319131	0.170275
2050699.665831	0.100697
2052005.012531	0.018818
2053310.359231	0.104302
2054615.705931	0.221883
2055921.052632	0.338975
2057226.399332	0.444610
2058531.746032	0.528790
2059837.092732	0.583391
2061142.439432	0.603161
2062447.786132	0.586551
2063753.132832	0.536367
2065058.479532	0.460457
2066363.826232	0.372978
2067669.172932	0.296957
2068974.519632	0.262584
2070279.866332	0.280290
2071585.213033	0.321492
2072890.559733	0.353321
2074195.906433	0.357207
2075501.253133	0.325743
2076806.599833	0.259973
2078111.946533	0.172208
2079417.293233	0.116311
2080722.639933	0.187603
2082027.986633	0.313149
2083333.333333	0.435926
2084638.680033	0.535207
2085944.026733	0.598426
2087249.373434	0.617750
2088554.720134	0.590033
2089860.066834	0.517130
2091165.413534	0.406377
2092470.760234	0.272834
2093776.106934	0.156538
2095081.453634	0.174090
2096386.800334	0.295345
2097692.147034	0.415528
2098997.493734	0.504089
2100302.840434	0.548512
2101608.187135	0.543299
2102913.533835	0.488499
2104218.880535	0.389371
2105524.227235	0.256545
2106829.573935	0.112689
2108134.920635	0.109443
2109440.267335	0.253907
2110745.614035	0.389713
2112050.960735	0.493565
2113356.307435	0.555060
2114661.654135	0.569621
2115967.000835	0.538782
2117272.347536	0.471652
2118577.694236	0.388687
2119883.040936	0.329331
2121188.387636	0.342522
2122493.734336	0.427201
2123799.081036	0.537663
2125104.427736	0.638395
2126409.774436	0.709893
2127715.121136	0.742507
2129020.467836	0.733659
2130325.814536	0.686807
2131631.161236	0.610916
2132936.507937	0.520043
2134241.854637	0.432664
2135547.201337	0.368634
2136852.548037	0.339090
2138157.894737	0.334743
2139463.241437	0.332984
2140768.588137	0.315232
2142073.934837	0.273961
2143379.281537	0.214123
2144684.628237	0.161121
2145989.974937	0.169502
2147295.321637	0.244137
2148600.668338	0.335132
2149906.015038	0.412498
2151211.361738	0.460438
2152516.708438	0.469911
2153822.055138	0.437183
2155127.401838	0.363789
2156432.748538	0.257219
2157738.095238	0.137262
2159043.441938	0.105148
2160348.788638	0.222069
2161654.135338	0.349922
2162959.482038	0.452636
2164264.828739	0.515612
2165570.175439	0.530405
2166875.522139	0.494092
2168180.868839	0.410259
2169486.215539	0.292828
2170791.562239	0.188809
2172096.908939	0.224955
2173402.255639	0.379508
2174707.602339	0.551028
2176012.949039	0.702566
2177318.295739	0.815446
2178623.642439	0.877957
2179928.989140	0.883935
2181234.335840	0.832654
2182539.682540	0.728646
2183845.029240	0.581170
2185150.375940	0.403304
2186455.722640	0.210848
2187761.069340	0.028427
2189066.416040	0.156912
2190371.762740	0.298398
2191677.109440	0.398334
2192982.456140	0.450250
2194287.802840	0.453140
2195593.149541	0.411655
2196898.496241	0.336882
2198203.842941	0.249700
2199509.189641	0.192133
2200814.536341	0.214431
2202119.883041	0.289534
2203425.229741	0.366157
2204730.576441	0.421748
2206035.923141	0.450513
2207341.269841	0.457752
2208646.616541	0.458775
2209951.963241	0.475056
2211257.309942	0.522269
2212562.656642	0.598284
2213868.003342	0.686247
2215173.350042	0.765719
2216478.696742	0.819283
2217784.043442	0.834612
2219089.390142	0.804966
2220394.736842	0.729212
2221700.083542	0.611552
2223005.430242	0.460933
2224310.776942	0.290367
2225616.123642	0.118668
2226921.470343	0.078621
2228226.817043	0.211500
2229532.163743	0.317251
2230837.510443	0.378465
2232142.857143	0.389720
2233448.203843	0.351287
2234753.550543	0.268937
2236058.897243	0.155279
2237364.243943	0.063647
2238669.590643	0.162163
2239974.937343	0.295620
2241280.284043	0.408597
2242585.630744	0.485148
2243890.977444	0.515353
2245196.324144	0.494364
2246501.670844	0.422708
2247807.017544	0.306711
2249112.364244	0.161723
2250417.710944	0.086493
2251723.057644	0.234924
2253028.404344	0.404997
2254333.751044	0.554580
2255639.097744	0.668893
2256944.444444	0.739692
2258249.791145	0.765285
2259555.137845	0.751788
2260860.484545	0.714508
2262165.831245	0.678090
2263471.177945	0.670797
2264776.524645	0.708696
2266081.871345	0.783046
2267387.218045	0.868521
2268692.564745	0.938879
2269997.911445	0.974427
2271303.258145	0.963336
2272608.604845	0.901219
2273913.951546	0.790405
2275219.298246	0.639073
2276524.644946	0.460383
2277829.991646	0.272702
2279135.338346	0.115086
2280440.685046	0.144934
2281746.031746	0.264742
2283051.378446	0.353206
2284356.725146	0.393516
2285662.071846	0.382556
2286967.418546	0.323785
2288272.765246	0.226151
2289578.111947	0.105529
2290883.458647	0.063930
2292188.805347	0.185430
2293494.152047	0.299816
2294799.498747	0.384074
2296104.845447	0.428497
2297410.192147	0.429909
2298715.538847	0.393376
2300020.885547	0.336855
2301326.232247	0.299844
2302631.578947	0.331247
2303936.925647	0.428677
2305242.272348	0.549218
2306547.619048	0.658415
2307852.965748	0.734702
2309158.312448	0.765141
2310463.659148	0.744027
2311769.005848	0.673043
2313074.352548	0.562576
2314379.699248	0.436165
2315685.045948	0.342917
2316990.392648	0.351294
2318295.739348	0.452302
2319601.086048	0.574889
2320906.432749	0.673503
2322211.779449	0.725501
2323517.126149	0.720063
2324822.472849	0.654538
2326127.819549	0.533154
2327433.166249	0.366230
2328738.512949	0.170591
2330043.859649	0.069828
2331349.206349	0.262452
2332654.553049	0.444472
2333959.899749	0.587195
2335265.246449	0.677158
2336570.593150	0.706706
2337875.939850	0.674373
2339181.286550	0.585420
2340486.633250	0.452913
2341791.979950	0.303269
2343097.326650	0.206953
2344402.673350	0.269314
2345708.020050	0.407523
2347013.366750	0.533574
2348318.713450	0.617029
2349624.060150	0.644661
2350929.406850	0.611850
2352234.753551	0.520854
2353540.100251	0.379953
2354845.446951	0.202443
2356150.793651	0.009950
2357456.140351	0.193800
2358761.487051	0.374338
2360066.833751	0.520046
2361372.180451	0.617284
2362677.527151	0.657380
2363982.873851	0.637739
2365288.220551	0.562875
2366593.567251	0.446420
2367898.913952	0.319029
2369204.260652	0.254667
2370509.607352	0.326268
2371814.954052	0.463326
2373120.300752	0.593014
2374425.647452	0.683557
2375730.994152	0.719268
2377036.340852	0.693209
2378341.687552	0.605526
2379647.034252	0.462884
2380952.380952	0.278820
2382257.727652	0.093476
2383563.074353	0.195705
2384868.421053	0.407535
2386173.767753	0.600202
2387479.114453	0.753554
2388784.461153	0.855571
2390089.807853	0.899812
2391395.154553	0.885445
2392700.501253	0.817090
2394005.847953	0.704222
2395311.194653	0.560156
2396616.541353	0.400774
2397921.888053	0.243484
2399227.234754	0.109875
2400532.581454	0.068959
2401837.928154	0.126564
2403143.274854	0.167504
2404448.621554	0.184204
2405753.968254	0.197238
2407059.314954	0.235968
2408364.661654	0.309901
2409670.008354	0.403443
2410975.355054	0.495685
2412280.701754	0.569039
2413586.048454	0.610412
2414891.395155	0.611605
2416196.741855	0.569817
2417502.088555	0.488212
2418807.435255	0.377121
2420112.781955	0.259257
2421418.128655	0.190819
2422723.475355	0.236805
2424028.822055	0.336152
2425334.168755	0.423700
2426639.515455	0.473940
2427944.862155	0.476309
2429250.208855	0.429260
2430555.555556	0.341672
2431860.902256	0.244921
2433166.248956	0.228925
2434471.595656	0.346189
2435776.942356	0.513646
2437082.289056	0.676777
2438387.635756	0.809182
2439692.982456	0.894402
2440998.329156	0.922602
2442303.675856	0.890567
2443609.022556	0.802493
2444914.369256	0.671780
2446219.715957	0.526335
2447525.062657	0.421915
2448830.409357	0.432849
2450135.756057	0.551089
2451441.102757	0.701197
2452746.449457	0.832781
2454051.796157	0.920728
2455357.142857	0.953156
2456662.489557	0.927031
2457967.836257	0.846729
2459273.182957	0.723556
2460578.529657	0.576272
2461883.876358	0.434326
2463189.223058	0.344054
2464494.569758	0.346231
2465799.916458	0.410903
2467105.263158	0.478782
2468410.609858	0.517061
2469715.956558	0.513378
2471021.303258	0.466459
2472326.649958	0.382225
2473631.996658	0.272133
2474937.343358	0.154168
2476242.690058	0.077870
2477548.036759	0.130487
2478853.383459	0.203096
2480158.730159	0.244875
2481464.076859	0.245933
2482769.423559	0.207011
2484074.770259	0.144550
2485380.116959	0.130468
2486685.463659	0.229830
2487990.810359	0.372945
2489296.157059	0.518984
2490601.503759	0.647779
2491906.850459	0.744892
2493212.197160	0.799959
2494517.543860	0.806976
2495822.890560	0.764662
2497128.237260	0.676557
2498433.583960	0.550841
2499738.930660	0.400271
2501044.277360	0.244504
2502349.624060	0.133396
2503654.970760	0.174517
2504960.317460	0.278825
2506265.664160	0.363097
2507571.010860	0.409228
2508876.357561	0.412716
2510181.704261	0.375247
2511487.050961	0.303127
2512792.397661	0.206518
2514097.744361	0.100495
2515403.091061	0.050689
2516708.437761	0.131216
2518013.784461	0.205614
2519319.131161	0.250733
2520624.477861	0.260367
2521929.824561	0.233375
2523235.171261	0.173159
2524540.517962	0.089423
2525845.864662	0.052258
2527151.211362	0.150788
2528456.558062	0.258699
2529761.904762	0.352932
2531067.251462	0.423353
2532372.598162	0.463852
2533677.944862	0.472614
2534983.291562	0.452843
2536288.638262	0.413588
2537593.984962	0.370375
2538899.331662	0.343263
2540204.678363	0.346464
2541510.025063	0.374954
2542815.371763	0.409152
2544120.718463	0.429692
2545426.065163	0.423676
2546731.411863	0.384805
2548036.758563	0.312448
2549342.105263	0.210823
2550647.451963	0.088960
2551952.798663	0.054502
2553258.145363	0.184460
2554563.492063	0.304462
2555868.838764	0.400534
2557174.185464	0.463798
2558479.532164	0.489167
2559784.878864	0.476252
2561090.225564	0.430615
2562395.572264	0.366175
2563700.918964	0.309930
2565006.265664	0.300455
2566311.612364	0.352304
2567616.959064	0.436364
2568922.305764	0.519351
2570227.652464	0.580643
2571532.999165	0.609134
2572838.345865	0.600443
2574143.692565	0.555833
2575449.039265	0.481808
2576754.385965	0.390268
2578059.732665	0.299853
2579365.079365	0.238036
2580670.426065	0.228727
2581975.772765	0.257528
2583281.119465	0.288938
2584586.466165	0.302132
2585891.812865	0.292809
2587197.159566	0.270978
2588502.506266	0.262240
2589807.852966	0.295888
2591113.199666	0.373335
2592418.546366	0.471300
2593723.893066	0.566374
2595029.239766	0.641488
2596334.586466	0.685254
2597639.933166	0.691613
2598945.279866	0.660171
2600250.626566	0.597059
2601555.973266	0.516631
2602861.319967	0.444150
