# Freq(Hz)	Amp(mV)
0.000000	12.638793
1305.346700	12.274977
2610.693400	11.213773
3916.040100	9.546066
5221.386800	7.427589
6526.733500	5.110534
7832.080201	3.140224
9137.426901	2.897795
10442.773601	4.409796
11748.120301	6.109031
13053.467001	7.401833
14358.813701	8.084959
15664.160401	8.084162
16969.507101	7.412149
18274.853801	6.169970
19580.200501	4.588517
20885.547201	3.224775
22190.893901	3.241108
23496.240602	4.696292
24801.587302	6.452730
26106.934002	7.923890
27412.280702	8.840882
28717.627402	9.062500
30022.974102	8.538788
31328.320802	7.311381
32633.667502	5.538816
33939.014202	3.633691
35244.360902	2.887184
36549.707602	4.390323
37855.054302	6.604540
39160.401003	8.591087
40465.747703	9.974363
41771.094403	10.542934
43076.441103	10.187062
44381.787803	8.896093
45687.134503	6.772383
46992.481203	4.108769
48297.827903	2.244594
49603.174603	4.272712
50908.521303	7.483081
52213.868003	10.415664
53519.214703	12.621808
54824.561404	13.813104
56129.908104	13.804329
57435.254804	12.522188
58740.601504	10.022467
60045.948204	6.532574
61351.294904	2.887856
62656.641604	4.136844
63961.988304	8.677666
65267.335004	13.096485
66572.681704	16.684052
67878.028404	18.983263
69183.375104	19.654621
70488.721805	18.490572
71794.068505	15.440583
73099.415205	10.638396
74404.761905	4.532295
75710.108605	3.838572
77015.455305	11.374696
78320.802005	18.986155
79626.148705	25.681713
80931.495405	30.688626
82236.842105	33.308546
83542.188805	32.958270
84847.535505	29.218387
86152.882206	21.878364
87458.228906	11.005722
88763.575606	4.072488
90068.922306	20.797070
91374.269006	40.083045
92679.615706	60.666458
93984.962406	81.512209
95290.309106	101.538509
96595.655806	119.671881
97901.002506	134.914868
99206.349206	146.411727
100511.695906	153.505953
101817.042607	155.785093
103122.389307	153.109397
104427.736007	145.622088
105733.082707	133.740429
107038.429407	118.128161
108343.776107	99.651305
109649.122807	79.320605
110954.469507	58.224980
112259.816207	37.461773
113565.162907	18.076734
114870.509607	1.729435
116175.856307	13.416929
117481.203008	24.096980
118786.549708	31.088515
120091.896408	34.376460
121397.243108	34.201467
122702.589808	31.017180
124007.936508	25.445942
125313.283208	18.227970
126618.629908	10.180150
127923.976608	2.520579
129229.323308	6.019417
130534.670008	12.247227
131840.016708	16.899649
133145.363409	19.627157
134450.710109	20.330713
135756.056809	19.101125
137061.403509	16.193557
138366.750209	11.997544
139672.096909	7.013982
140977.443609	2.109965
142282.790309	3.988426
143588.137009	8.353340
144893.483709	11.804413
146198.830409	13.986596
147504.177109	14.753452
148809.523810	14.105338
150114.870510	12.175214
151420.217210	9.211296
152725.563910	5.562868
154030.910610	1.840921
155336.257310	2.875004
156641.604010	6.298908
157946.950710	9.102023
159252.297410	10.959457
160557.644110	11.722511
161862.990810	11.360190
163168.337510	9.951162
164473.684211	7.673978
165779.030911	4.802060
167084.377611	1.851910
168389.724311	2.297923
169695.071011	5.082469
171000.417711	7.468144
172305.764411	9.112516
173611.111111	9.864887
174916.457811	9.677546
176221.804511	8.597220
177527.151211	6.758097
178832.497911	4.377889
180137.844612	1.850013
181443.191312	1.752211
182748.538012	4.112084
184053.884712	6.218289
185359.231412	7.716734
186664.578112	8.459382
187969.924812	8.389801
189275.271512	7.535323
190580.618212	6.004079
191885.964912	3.991114
193191.311612	1.915316
194496.658312	1.848408
195802.005013	3.853213
197107.351713	5.783611
198412.698413	7.232586
199718.045113	8.041607
201023.391813	8.142658
202328.738513	7.543733
203634.085213	6.324075
204939.431913	4.631355
206244.778613	2.707150
207550.125313	1.305218
208855.472013	2.312342
210160.818713	3.959141
211466.165414	5.282286
212771.512114	6.077038
214076.858814	6.263856
215382.205514	5.838135
216687.552214	4.862755
217992.898914	3.470418
219298.245614	1.926011
220603.592314	1.308646
221908.939014	2.580067
223214.285714	4.066643
224519.632414	5.250649
225824.979114	5.969771
227130.325815	6.149944
228435.672515	5.780471
229741.019215	4.908834
231046.365915	3.637785
232351.712615	2.138882
233657.059315	0.937041
234962.406015	1.717767
236267.752715	3.074360
237573.099415	4.182312
238878.446115	4.876378
240183.792815	5.085664
241489.139515	4.797672
242794.486216	4.053826
244099.832916	2.949954
245405.179616	1.668236
246710.526316	0.934056
248015.873016	1.896519
249321.219716	3.133370
250626.566416	4.136047
251931.913116	4.762911
253237.259816	4.946987
254542.606516	4.673663
255847.953216	3.977467
257153.299916	2.941606
258458.646617	1.717148
259763.993317	0.834430
261069.340017	1.596559
262374.686717	2.760604
263680.033417	3.723149
264985.380117	4.341988
266290.726817	4.551536
267596.073517	4.335902
268901.420217	3.726344
270206.766917	2.803890
271512.113617	1.730165
272817.460317	1.035193
274122.807018	1.661413
275428.153718	2.716034
276733.500418	3.629646
278038.847118	4.243541
279344.193818	4.486285
280649.540518	4.336109
281954.887218	3.815184
283260.233918	2.988426
284565.580618	1.972991
285870.927318	1.049523
287176.274018	1.149998
288481.620718	2.046767
289786.967419	2.896748
291092.314119	3.492822
292397.660819	3.758466
293703.007519	3.668623
295008.354219	3.238907
296313.700919	2.521703
297619.047619	1.606336
298924.394319	0.679448
300229.741019	0.787027
301535.087719	1.667546
302840.434419	2.435515
304145.781119	2.956860
305451.127820	3.177830
306756.474520	3.085797
308061.821220	2.709124
309367.167920	2.126478
310672.514620	1.510763
311977.861320	1.258575
313283.208020	1.660631
314588.554720	2.318248
315893.901420	2.901235
317199.248120	3.268739
318504.594820	3.355987
319809.941520	3.143838
321115.288221	2.652194
322420.634921	1.941391
323725.981621	1.143774
325031.328321	0.754724
326336.675021	1.348482
327642.021721	2.136975
328947.368421	2.785658
330252.715121	3.190387
331558.061821	3.301686
332863.408521	3.106846
334168.755221	2.628093
335474.101921	1.925440
336779.448622	1.127621
338084.795322	0.730510
339390.142022	1.339569
340695.488722	2.147194
342000.835422	2.821625
343306.182122	3.260756
344611.528822	3.415214
345916.875522	3.271545
347222.222222	2.851195
348527.568922	2.214499
349832.915622	1.486523
351138.262322	1.006568
352443.609023	1.309360
353748.955723	2.002904
355054.302423	2.650725
356359.649123	3.104563
357664.995823	3.301711
358970.342523	3.222486
360275.689223	2.883482
361581.035923	2.339125
362886.382623	1.697903
364191.729323	1.197933
365497.076023	1.245011
366802.422723	1.745210
368107.769424	2.286265
369413.116124	2.677120
370718.462824	2.840307
372023.809524	2.749360
373329.156224	2.414655
374634.502924	1.881627
375939.849624	1.245425
377245.196324	0.768112
378550.543024	0.985502
379855.889724	1.575055
381161.236424	2.114048
382466.583124	2.472120
383771.929825	2.594649
385077.276525	2.463915
386382.623225	2.093460
387687.969925	1.529436
388993.316625	0.876432
390298.663325	0.574898
391604.010025	1.123354
392909.356725	1.809918
394214.703425	2.380315
395520.050125	2.751227
396825.396825	2.879203
398130.743525	2.749597
399436.090226	2.375577
400741.436926	1.798497
402046.783626	1.097163
403352.130326	0.522002
404657.477026	0.865250
405962.823726	1.554628
407268.170426	2.150426
408573.517126	2.555133
409878.863826	2.722834
411184.210526	2.637221
412489.557226	2.309755
413794.903926	1.780477
415100.250627	1.128940
416405.597327	0.594953
417710.944027	0.862251
419016.290727	1.512060
420321.637427	2.097187
421626.984127	2.508018
422932.330827	2.695480
424237.677527	2.641878
425543.024227	2.358770
426848.370927	1.890429
428153.717627	1.333177
429459.064327	0.931694
430764.411028	1.098873
432069.757728	1.641388
433375.104428	2.191642
434680.451128	2.604213
435985.797828	2.814886
437291.144528	2.796616
438596.491228	2.550475
439901.837928	2.102391
441207.184628	1.501113
442512.531328	0.824692
443817.878028	0.353587
445123.224728	0.790387
446428.571429	1.356158
447733.918129	1.789263
449039.264829	2.035776
450344.611529	2.077374
451649.958229	1.923413
452955.304929	1.614046
454260.651629	1.235240
455565.998329	0.965943
456871.345029	1.041446
458176.691729	1.386598
459482.038429	1.760702
460787.385129	2.030491
462092.731830	2.133375
463398.078530	2.044339
464703.425230	1.767103
466008.771930	1.333946
467314.118630	0.824080
468619.465330	0.527115
469924.812030	0.882640
471230.158730	1.431465
472535.505430	1.913374
473840.852130	2.247283
475146.198830	2.392511
476451.545530	2.333390
477756.892231	2.077903
479062.238931	1.658904
480367.585631	1.143180
481672.932331	0.695702
482978.279031	0.736687
484283.625731	1.186520
485588.972431	1.644362
486894.319131	1.975289
488199.665831	2.126270
489505.012531	2.076603
490810.359231	1.830290
492115.705931	1.414924
493421.052632	0.888140
494726.399332	0.430557
496031.746032	0.664890
497337.092732	1.220871
498642.439432	1.723295
499947.786132	2.088330
501253.132832	2.276062
502558.479532	2.270359
503863.826232	2.077579
505169.172932	1.727667
506474.519632	1.280202
507779.866332	0.857318
509085.213033	0.733601
510390.559733	1.015140
511695.906433	1.389123
513001.253133	1.675873
514306.599833	1.807866
515611.946533	1.759965
516917.293233	1.534505
518222.639933	1.160088
519527.986633	0.708837
520833.333333	0.459600
522138.680033	0.811709
523444.026734	1.324210
524749.373434	1.775627
526054.720134	2.094843
527360.066834	2.244821
528665.413534	2.211137
529970.760234	2.001759
531276.106934	1.649527
532581.453634	1.222598
533886.800334	0.868867
535192.147034	0.855863
536497.493734	1.174680
537802.840434	1.547153
539108.187135	1.826043
540413.533835	1.948650
541718.880535	1.889097
543024.227235	1.646312
544329.573935	1.239836
545634.920635	0.706462
546940.267335	0.099931
548245.614035	0.537856
549550.960735	1.129234
550856.307435	1.625622
552161.654135	1.979891
553467.000835	2.158727
554772.347536	2.145640
556077.694236	1.942600
557383.040936	1.570256
558688.387636	1.067933
559993.734336	0.506518
561299.081036	0.326034
562604.427736	0.845381
563909.774436	1.355275
565215.121136	1.747282
566520.467836	1.981118
567825.814536	2.037843
569131.161236	1.917933
570436.507937	1.641510
571741.854637	1.249953
573047.201337	0.818647
574352.548037	0.536029
575657.894737	0.685184
576963.241437	1.024280
578268.588137	1.308788
579573.934837	1.460636
580879.281537	1.450524
582184.628237	1.274057
583489.974937	0.947213
584795.321637	0.508840
586100.668338	0.188879
587406.015038	0.645324
588711.361738	1.170409
590016.708438	1.626344
591322.055138	1.963512
592627.401838	2.148308
593932.748538	2.162740
595238.095238	2.005552
596543.441938	1.692308
597848.788638	1.254526
599154.135338	0.740790
600459.482038	0.270419
601764.828739	0.474801
603070.175439	0.928309
604375.522139	1.296048
605680.868839	1.528763
606986.215539	1.605940
608291.562239	1.525357
609596.908939	1.302218
610902.255639	0.969707
612207.602339	0.588940
613512.949039	0.346910
614818.295739	0.554332
616123.642439	0.885475
617428.989140	1.146299
618734.335840	1.284060
620039.682540	1.278140
621345.029240	1.128558
622650.375940	0.857579
623955.722640	0.531561
625261.069340	0.411982
626566.416040	0.733015
627871.762740	1.160718
629177.109440	1.544842
630482.456140	1.827007
631787.802840	1.973052
633093.149541	1.965740
634398.496241	1.804411
635703.842941	1.505277
637009.189641	1.103049
638314.536341	0.665649
639619.883041	0.418128
640925.229741	0.677698
642230.576441	1.072391
643535.923141	1.401838
644841.269841	1.610020
646146.616541	1.673426
647451.963241	1.587274
648757.309942	1.362689
650062.656642	1.024683
651368.003342	0.610051
652673.350042	0.176895
653978.696742	0.311352
655284.043442	0.695342
656589.390142	0.996400
657894.736842	1.182173
659200.083542	1.237542
660505.430242	1.162671
661810.776942	0.974261
663116.123642	0.710463
664421.470343	0.459991
665726.817043	0.440203
667032.163743	0.675048
668337.510443	0.938999
669642.857143	1.134147
670948.203843	1.222131
672253.550543	1.189340
673558.897243	1.043498
674864.243943	0.821581
676169.590643	0.623864
677474.937343	0.646826
678780.284043	0.916298
680085.630744	1.256775
681390.977444	1.559119
682696.324144	1.767069
684001.670844	1.848598
685307.017544	1.789291
686612.364244	1.591284
687917.710944	1.273575
689223.057644	0.876048
690528.404344	0.494409
691833.751044	0.458241
693139.097744	0.804057
694444.444444	1.170149
695749.791145	1.447305
697055.137845	1.595293
698360.484545	1.596834
699665.831245	1.452278
700971.177945	1.179662
702276.524645	0.820126
703581.871345	0.481445
704887.218045	0.499977
706192.564745	0.861724
707497.911445	1.246525
708803.258145	1.553596
710108.604845	1.742281
711413.951546	1.794209
712719.298246	1.708940
714024.644946	1.504483
715329.991646	1.221153
716635.338346	0.935153
717940.685046	0.782961
719246.031746	0.874824
720551.378446	1.110302
721856.725146	1.342442
723162.071846	1.493100
724467.418546	1.527139
725772.765246	1.434264
727078.111947	1.223142
728383.458647	0.920560
729688.805347	0.581394
730994.152047	0.368974
732299.498747	0.537517
733604.845447	0.841044
734910.192147	1.097199
736215.538847	1.251806
737520.885547	1.282399
738826.232247	1.184109
740131.578947	0.967544
741436.925647	0.660204
742742.272348	0.331159
744047.619048	0.322640
745352.965748	0.668364
746658.312448	1.017017
747963.659148	1.292692
749269.005848	1.463388
750574.352548	1.513680
751879.699248	1.443622
753185.045948	1.270750
754490.392648	1.035896
755795.739348	0.819634
757101.086048	0.753580
758406.432749	0.896969
759711.779449	1.138660
761017.126149	1.364948
762322.472849	1.515084
763627.819549	1.560019
764933.166249	1.490948
766238.512949	1.315452
767543.859649	1.056507
768849.206349	0.755835
770154.553049	0.496621
771459.899749	0.447771
772765.246449	0.619081
774070.593150	0.815072
775375.939850	0.943112
776681.286550	0.972123
777986.633250	0.896761
779291.979950	0.732614
780597.326650	0.528552
781902.673350	0.422563
783208.020050	0.573271
784513.366750	0.854326
785818.713450	1.132727
787124.060150	1.350259
788429.406850	1.476233
789734.753551	1.495821
791040.100251	1.408394
792345.446951	1.227999
793650.793651	0.985937
794956.140351	0.740501
796261.487051	0.597907
797566.833751	0.652888
798872.180451	0.825696
800177.527151	0.991968
801482.873851	1.087804
802788.220551	1.086522
804093.567251	0.982879
805398.913952	0.789386
806704.260652	0.542287
808009.607352	0.350506
809314.954052	0.443400
810620.300752	0.713461
811925.647452	0.979882
813230.994152	1.180245
814536.340852	1.285587
815841.687552	1.283157
817147.034252	1.174554
818452.380952	0.977120
819757.727652	0.730890
821063.074353	0.527561
822368.421053	0.533819
823673.767753	0.742938
824979.114453	0.988706
826284.461153	1.182634
827589.807853	1.285493
828895.154553	1.280067
830200.501253	1.164816
831505.847953	0.952916
832811.194653	0.675586
834116.541353	0.409419
835421.888053	0.383267
836727.234754	0.632242
838032.581454	0.911230
839337.928154	1.130525
840643.274854	1.256176
841948.621554	1.273623
843253.968254	1.182743
844559.314954	0.997589
845864.661654	0.749226
847170.008354	0.502381
848475.355054	0.410610
849780.701754	0.564020
851086.048454	0.784854
852391.395155	0.959097
853696.741855	1.043179
855002.088555	1.019076
856307.435255	0.884451
857612.781955	0.650403
858918.128655	0.343035
860223.475355	0.122945
861528.822055	0.442878
862834.168755	0.798488
864139.515455	1.102386
865444.862155	1.321186
866750.208855	1.432060
868055.555556	1.422913
869360.902256	1.293380
870666.248956	1.055278
871971.595656	0.733486
873276.942356	0.378025
874582.289056	0.248878
875887.635756	0.564650
877192.982456	0.905561
878498.329156	1.178600
879803.675856	1.352665
881109.022556	1.412272
882414.369256	1.354534
883719.715957	1.188848
885025.062657	0.936895
886330.409357	0.635503
887635.756057	0.363508
888941.102757	0.346479
890246.449457	0.572078
891551.796157	0.798789
892857.142857	0.954281
894162.489557	1.016785
895467.836257	0.984278
896773.182957	0.871897
898078.529657	0.716653
899383.876358	0.590401
900689.223058	0.589239
901994.569758	0.719995
903299.916458	0.890380
904605.263158	1.024843
905910.609858	1.081607
907215.956558	1.039918
908521.303258	0.894193
909826.649958	0.651752
911131.996658	0.332164
912437.343358	0.082168
913742.690058	0.451627
915048.036759	0.832554
916353.383459	1.167476
917658.730159	1.425783
918964.076859	1.584699
920269.423559	1.630773
921574.770259	1.561041
922880.116959	1.383270
924185.463659	1.115258
925490.810359	0.783532
926796.157059	0.423631
928101.503759	0.133292
929406.850459	0.331433
930712.197160	0.597703
932017.543860	0.791002
933322.890560	0.893264
934628.237260	0.903157
935933.583960	0.833976
937238.930660	0.716872
938544.277360	0.607847
939849.624060	0.581542
941154.970760	0.663436
942460.317460	0.794518
943765.664160	0.907121
945071.010860	0.959676
946376.357561	0.932114
947681.704261	0.821656
948987.050961	0.644642
950292.397661	0.454373
951597.744361	0.399491
952903.091061	0.579734
954208.437761	0.846939
955513.784461	1.097753
956819.131161	1.285429
958124.477861	1.383411
959429.824561	1.377746
960735.171261	1.265795
962040.517962	1.055644
963345.864662	0.765007
964651.211362	0.419428
965956.558062	0.051686
967261.904762	0.312791
968567.251462	0.633494
969872.598162	0.886122
971177.944862	1.049908
972483.291562	1.113608
973788.638262	1.077343
975093.984962	0.954673
976399.331662	0.777121
977704.678363	0.607414
979010.025063	0.552318
980315.371763	0.663670
981620.718463	0.849963
982926.065163	1.018814
984231.411863	1.121454
985536.758563	1.133974
986842.105263	1.048118
988147.451963	0.868052
989452.798663	0.608598
990758.145363	0.294706
992063.492063	0.089668
993368.838764	0.409760
994674.185464	0.718819
995979.532164	0.969093
997284.878864	1.138486
998590.225564	1.214333
999895.572264	1.194434
1001200.918964	1.088359
1002506.265664	0.919589
1003811.612364	0.731344
1005116.959064	0.598189
1006422.305764	0.602806
1007727.652464	0.726974
1009032.999165	0.877924
1010338.345865	0.991248
1011643.692565	1.036163
1012949.039265	1.002522
1014254.385965	0.895817
1015559.732665	0.737458
1016865.079365	0.571800
1018170.426065	0.480030
1019475.772765	0.532013
1020781.119465	0.673433
1022086.466165	0.815096
1023391.812865	0.907792
1024697.159566	0.929756
1026002.506266	0.876700
1027307.852966	0.760513
1028613.199666	0.614921
1029918.546366	0.511203
1031223.893066	0.541342
1032529.239766	0.694926
1033834.586466	0.882769
1035139.933166	1.042579
1036445.279866	1.141067
1037750.626566	1.161929
1039055.973266	1.101654
1040361.319967	0.968532
1041666.666667	0.783390
1042972.013367	0.584433
1044277.360067	0.442116
1045582.706767	0.442260
1046888.053467	0.550922
1048193.400167	0.663742
1049498.746867	0.722639
1050804.093567	0.703572
1052109.440267	0.600970
1053414.786967	0.425188
1054720.133668	0.224398
1056025.480368	0.255124
1057330.827068	0.528604
1058636.173768	0.825161
1059941.520468	1.089913
1061246.867168	1.293515
1062552.213868	1.415921
1063857.560568	1.445935
1065162.907268	1.381993
1066468.253968	1.232797
1067773.600668	1.018092
1069078.947368	0.771663
1070384.294069	0.553439
1071689.640769	0.467321
1072994.987469	0.555683
1074300.334169	0.704345
1075605.680869	0.821272
1076911.027569	0.868573
1078216.374269	0.833739
1079521.720969	0.718970
1080827.067669	0.538233
1082132.414369	0.320592
1083437.761069	0.168518
1084743.107769	0.304960
1086048.454470	0.517061
1087353.801170	0.691984
1088659.147870	0.800495
1089964.494570	0.828890
1091269.841270	0.773490
1092575.187970	0.640007
1093880.534670	0.443678
1095185.881370	0.216026
1096491.228070	0.149390
1097796.574770	0.372017
1099101.921470	0.595346
1100407.268170	0.768088
1101712.614871	0.869093
1103017.961571	0.886897
1104323.308271	0.819165
1105628.654971	0.673404
1106934.001671	0.469841
1108239.348371	0.264697
1109544.695071	0.269942
1110850.041771	0.497760
1112155.388471	0.743260
1113460.735171	0.947394
1114766.081871	1.085128
1116071.428571	1.143048
1117376.775272	1.116901
1118682.121972	1.011085
1119987.468672	0.837988
1121292.815372	0.617101
1122598.162072	0.375465
1123903.508772	0.167379
1125208.855472	0.195422
1126514.202172	0.354949
1127819.548872	0.475658
1129124.895572	0.530740
1130430.242272	0.514627
1131735.588972	0.431561
1133040.935673	0.293731
1134346.282373	0.122398
1135651.629073	0.093178
1136956.975773	0.270919
1138262.322473	0.426528
1139567.669173	0.534580
1140873.015873	0.580370
1142178.362573	0.556388
1143483.709273	0.462945
1144789.055973	0.309084
1146094.402673	0.123448
1147399.749373	0.167060
1148705.096074	0.395940
1150010.442774	0.617540
1151315.789474	0.801212
1152621.136174	0.927301
1153926.482874	0.983180
1155231.829574	0.964532
1156537.176274	0.877175
1157842.522974	0.740225
1159147.869674	0.593930
1160453.216374	0.511780
1161758.563074	0.561252
1163063.909774	0.705159
1164369.256475	0.862362
1165674.603175	0.980863
1166979.949875	1.032899
1168285.296575	1.005430
1169590.643275	0.896539
1170895.989975	0.713870
1172201.336675	0.473698
1173506.683375	0.204225
1174812.030075	0.137917
1176117.376775	0.396269
1177422.723475	0.632232
1178728.070175	0.809334
1180033.416876	0.910180
1181338.763576	0.925783
1182644.110276	0.855493
1183949.456976	0.706837
1185254.803676	0.494693
1186560.150376	0.239809
1187865.497076	0.034348
1189170.843776	0.299285
1190476.190476	0.532680
1191781.537176	0.712863
1193086.883876	0.824564
1194392.230576	0.859921
1195697.577277	0.819587
1197002.923977	0.713598
1198308.270677	0.563203
1199613.617377	0.408283
1200918.964077	0.326420
1202224.310777	0.381100
1203529.657477	0.499504
1204835.004177	0.599980
1206140.350877	0.645902
1207445.697577	0.622432
1208751.044277	0.527080
1210056.390977	0.366852
1211361.737678	0.157695
1212667.084378	0.096813
1213972.431078	0.341549
1215277.777778	0.574055
1216583.124478	0.767705
1217888.471178	0.903833
1219193.817878	0.970588
1220499.164578	0.964745
1221804.511278	0.893737
1223109.857978	0.778694
1224415.204678	0.659952
1225720.551378	0.598763
1227025.898079	0.639857
1228331.244779	0.755112
1229636.591479	0.881303
1230941.938179	0.971022
1232247.284879	0.997128
1233552.631579	0.947494
1234857.978279	0.822388
1236163.324979	0.634395
1237468.671679	0.414943
1238774.018379	0.263217
1240079.365079	0.364845
1241384.711779	0.585004
1242690.058480	0.787825
1243995.405180	0.930007
1245300.751880	0.990947
1246606.098580	0.961508
1247911.445280	0.842403
1249216.791980	0.643750
1250522.138680	0.385507
1251827.485380	0.122828
1253132.832080	0.267735
1254438.178780	0.555893
1255743.525480	0.807697
1257048.872180	0.993656
1258354.218881	1.095515
1259659.565581	1.103627
1260964.912281	1.017360
1262270.258981	0.845227
1263575.605681	0.604898
1264880.952381	0.327164
1266186.299081	0.148486
1267491.645781	0.364950
1268796.992481	0.628068
1270102.339181	0.842379
1271407.685881	0.983418
1272713.032581	1.039018
1274018.379282	1.006333
1275323.725982	0.891325
1276629.072682	0.707971
1277934.419382	0.477062
1279239.766082	0.226421
1280545.112782	0.080435
1281850.459482	0.274336
1283155.806182	0.446407
1284461.152882	0.553521
1285766.499582	0.584122
1287071.846282	0.536086
1288377.192982	0.416044
1289682.539683	0.240219
1290987.886383	0.075385
1292293.233083	0.241122
1293598.579783	0.462395
1294903.926483	0.653622
1296209.273183	0.790635
1297514.619883	0.857173
1298819.966583	0.844538
1300125.313283	0.752336
1301430.659983	0.588997
1302736.006683	0.373594
1304041.353383	0.162581
1305346.700084	0.239592
1306652.046784	0.479520
1307957.393484	0.698893
1309262.740184	0.862357
1310568.086884	0.951272
1311873.433584	0.955824
1313178.780284	0.874689
1314484.126984	0.714879
1315789.473684	0.491081
1317094.820384	0.225152
1318400.167084	0.078645
1319705.513784	0.348724
1321010.860485	0.594821
1322316.207185	0.786580
1323621.553885	0.906670
1324926.900585	0.945142
1326232.247285	0.900067
1327537.593985	0.777708
1328842.940685	0.592221
1330148.287385	0.366188
1331453.634085	0.150227
1332758.980785	0.204361
1334064.327485	0.410594
1335369.674185	0.585753
1336675.020886	0.702646
1337980.367586	0.751933
1339285.714286	0.734933
1340591.060986	0.664425
1341896.407686	0.567746
1343201.754386	0.491126
1344507.101086	0.486380
1345812.447786	0.557083
1347117.794486	0.653404
1348423.141186	0.726928
1349728.487886	0.748181
1351033.834586	0.702730
1352339.181287	0.587919
1353644.527987	0.412170
1354949.874687	0.203783
1356255.221387	0.164415
1357560.568087	0.396093
1358865.914787	0.640742
1360171.261487	0.848592
1361476.608187	0.996055
1362781.954887	1.067682
1364087.301587	1.055776
1365392.648287	0.960808
1366697.994987	0.791318
1368003.341688	0.563102
1369308.688388	0.297810
1370614.035088	0.028019
1371919.381788	0.245103
1373224.728488	0.469159
1374530.075188	0.633218
1375835.421888	0.721863
1377140.768588	0.727347
1378446.115288	0.650359
1379751.461988	0.500412
1381056.808688	0.297441
1382362.155388	0.110531
1383667.502089	0.252383
1384972.848789	0.483547
1386278.195489	0.681563
1387583.542189	0.819059
1388888.888889	0.880104
1390194.235589	0.858203
1391499.582289	0.757996
1392804.928989	0.599966
1394110.275689	0.438396
1395415.622389	0.401776
1396720.969089	0.558968
1398026.315789	0.789888
1399331.662490	1.005765
1400637.009190	1.164039
1401942.355890	1.240692
1403247.702590	1.223372
1404553.049290	1.110052
1405858.395990	0.908538
1407163.742690	0.636061
1408469.089390	0.322026
1409774.436090	0.130484
1411079.782790	0.408183
1412385.129490	0.703640
1413690.476190	0.941295
1414995.822891	1.097478
1416301.169591	1.159117
1417606.516291	1.122781
1418911.862991	0.995051
1420217.209691	0.793250
1421522.556391	0.549661
1422827.903091	0.339932
1424133.249791	0.349645
1425438.596491	0.551923
1426743.943191	0.764214
1428049.289891	0.922746
1429354.636591	1.003869
1430659.983292	0.999170
1431965.329992	0.911166
1433270.676692	0.752062
1434576.023392	0.543617
1435881.370092	0.322977
1437186.716792	0.196206
1438492.063492	0.303162
1439797.410192	0.460601
1441102.756892	0.570239
1442408.103592	0.606434
1443713.450292	0.561213
1445018.796992	0.437434
1446324.143693	0.248404
1447629.490393	0.067430
1448934.837093	0.280889
1450240.183793	0.545312
1451545.530493	0.785103
1452850.877193	0.973699
1454156.223893	1.090848
1455461.570593	1.123209
1456766.917293	1.065462
1458072.263993	0.920856
1459377.610693	0.701202
1460682.957393	0.427400
1461988.304094	0.150496
1463293.650794	0.253453
1464598.997494	0.541616
1465904.344194	0.796550
1467209.690894	0.988391
1468515.037594	1.100933
1469820.384294	1.126529
1471125.730994	1.065942
1472431.077694	0.928079
1473736.424394	0.729319
1475041.771094	0.493275
1476347.117794	0.257925
1477652.464495	0.164125
1478957.811195	0.318001
1480263.157895	0.480798
1481568.504595	0.591619
1482873.851295	0.638386
1484179.197995	0.622398
1485484.544695	0.555741
1486789.891395	0.462930
1488095.238095	0.384928
1489400.584795	0.369782
1490705.931495	0.420968
1492011.278195	0.490193
1493316.624896	0.533687
1494621.971596	0.527319
1495927.318296	0.461083
1497232.664996	0.335292
1498538.011696	0.158539
1499843.358396	0.054053
1501148.705096	0.282558
1502454.051796	0.504750
1503759.398496	0.698201
1505064.745196	0.842738
1506370.091896	0.922562
1507675.438596	0.927966
1508980.785297	0.856536
1510286.131997	0.713892
1511591.478697	0.514745
1512896.825397	0.290754
1514202.172097	0.179696
1515507.518797	0.357811
1516812.865497	0.583081
1518118.212197	0.772027
1519423.558897	0.899805
1520728.905597	0.954592
1522034.252297	0.934420
1523339.598997	0.847971
1524644.945698	0.717265
1525950.292398	0.584340
1527255.639098	0.517104
1528560.985798	0.565147
1529866.332498	0.688446
1531171.679198	0.816129
1532477.025898	0.902300
1533782.372598	0.922875
1535087.719298	0.868103
1536393.065998	0.739622
1537698.412698	0.550203
1539003.759398	0.330829
1540309.106099	0.203202
1541614.452799	0.360059
1542919.799499	0.592070
1544225.146199	0.795142
1545530.492899	0.938275
1546835.839599	1.005737
1548141.186299	0.991552
1549446.532999	0.899327
1550751.879699	0.743307
1552057.226399	0.552855
1553362.573099	0.391789
1554667.919799	0.380288
1555973.266500	0.523419
1557278.613200	0.697058
1558583.959900	0.834112
1559889.306600	0.906656
1561194.653300	0.903925
1562500.000000	0.827649
1563805.346700	0.692976
1565110.693400	0.535986
1566416.040100	0.435295
1567721.386800	0.487610
1569026.733500	0.656834
1570332.080201	0.847100
1571637.426901	1.004680
1572942.773601	1.102918
1574248.120301	1.129612
1575553.467001	1.083605
1576858.813701	0.974204
1578164.160401	0.822036
1579469.507101	0.662341
1580774.853801	0.549520
1582080.200501	0.536654
1583385.547201	0.610275
1584690.893901	0.704528
1585996.240602	0.768515
1587301.587302	0.776452
1588606.934002	0.719190
1589912.280702	0.599298
1591217.627402	0.429476
1592522.974102	0.238285
1593828.320802	0.150538
1595133.667502	0.305682
1596439.014202	0.490971
1597744.360902	0.639473
1599049.707602	0.730534
1600355.054302	0.754452
1601660.401003	0.709862
1602965.747703	0.603986
1604271.094403	0.454816
1605576.441103	0.303322
1606881.787803	0.256336
1608187.134503	0.374278
1609492.481203	0.538304
1610797.827903	0.679707
1612103.174603	0.772584
1613408.521303	0.806323
1614713.868003	0.780880
1616019.214703	0.707268
1617324.561404	0.610776
1618629.908104	0.535914
1619935.254804	0.535582
1621240.601504	0.620244
1622545.948204	0.746448
1623851.294904	0.867714
1625156.641604	0.954637
1626461.988304	0.992056
1627767.335004	0.975855
1629072.681704	0.911802
1630378.028404	0.815542
1631683.375104	0.713033
1632988.721805	0.638356
1634294.068505	0.619545
1635599.415205	0.654226
1636904.761905	0.710725
1638210.108605	0.754548
1639515.455305	0.762669
1640820.802005	0.724081
1642126.148705	0.637392
1643431.495405	0.508674
1644736.842105	0.349641
1646042.188805	0.176215
1647347.535505	0.030412
1648652.882206	0.157038
1649958.228906	0.277078
1651263.575606	0.353598
1652568.922306	0.379434
1653874.269006	0.353339
1655179.615706	0.279722
1656484.962406	0.168692
1657790.309106	0.047612
1659095.655806	0.129739
1660401.002506	0.267880
1661706.349206	0.385556
1663011.695906	0.467278
1664317.042607	0.502920
1665622.389307	0.487445
1666927.736007	0.421428
1668233.082707	0.311634
1669538.429407	0.174731
1670843.776107	0.096086
1672149.122807	0.221618
1673454.469507	0.379072
1674759.816207	0.515414
1676065.162907	0.613453
1677370.509607	0.663090
1678675.856307	0.659916
1679981.203008	0.605469
1681286.549708	0.507674
1682591.896408	0.382333
1683897.243108	0.260531
1685202.589808	0.210615
1686507.936508	0.274543
1687813.283208	0.374110
1689118.629908	0.453238
1690423.976608	0.490608
1691729.323308	0.478316
1693034.670008	0.416631
1694340.016708	0.313576
1695645.363409	0.190965
1696950.710109	0.135489
1698256.056809	0.243073
1699561.403509	0.389912
1700866.750209	0.520279
1702172.096909	0.614824
1703477.443609	0.663088
1704782.790309	0.660574
1706088.137009	0.608366
1707393.483709	0.512811
1708698.830409	0.384971
1710004.177109	0.240464
1711309.523810	0.106640
1712614.870510	0.100394
1713920.217210	0.196328
1715225.563910	0.270087
1716530.910610	0.303653
1717836.257310	0.295653
1719141.604010	0.256125
1720446.950710	0.215149
1721752.297410	0.228491
1723057.644110	0.313228
1724362.990810	0.427126
1725668.337510	0.534377
1726973.684211	0.613012
1728279.030911	0.648913
1729584.377611	0.634168
1730889.724311	0.567099
1732195.071011	0.452960
1733500.417711	0.307192
1734805.764411	0.179813
1736111.111111	0.219803
1737416.457811	0.382506
1738721.804511	0.549885
1740027.151211	0.686897
1741332.497911	0.777253
1742637.844612	0.812455
1743943.191312	0.790810
1745248.538012	0.717879
1746553.884712	0.607752
1747859.231412	0.486589
1749164.578112	0.399395
1750469.924812	0.397141
1751775.271512	0.472614
1753080.618212	0.569465
1754385.964912	0.645661
1755691.311612	0.680146
1756996.658312	0.665069
1758302.005013	0.602591
1759607.351713	0.505237
1760912.698413	0.400808
1762218.045113	0.342191
1763523.391813	0.380155
1764828.738513	0.487793
1766134.085213	0.608173
1767439.431913	0.707740
1768744.778613	0.770921
1770050.125313	0.793296
1771355.472013	0.779516
1772660.818713	0.742674
1773966.165414	0.702897
1775271.512114	0.682081
1776576.858814	0.692968
1777882.205514	0.730216
1779187.552214	0.774634
1780492.898914	0.804867
1781798.245614	0.805013
1783103.592314	0.767041
1784408.939014	0.691189
1785714.285714	0.586433
1787019.632414	0.472594
1788324.979114	0.385015
1789630.325815	0.367305
1790935.672515	0.422308
1792241.019215	0.504508
1793546.365915	0.574251
1794851.712615	0.610884
1796157.059315	0.606419
1797462.406015	0.561882
1798767.752715	0.486446
1800073.099415	0.398707
1801378.446115	0.329816
1802683.792815	0.316001
1803989.139515	0.359303
1805294.486216	0.422683
1806599.832916	0.473064
1807905.179616	0.492975
1809210.526316	0.476081
1810515.873016	0.424407
1811821.219716	0.348144
1813126.566416	0.268880
1814431.913116	0.226036
1815737.259816	0.252021
1817042.606516	0.318970
1818347.953216	0.384758
1819653.299916	0.427411
1820958.646617	0.438825
1822263.993317	0.420549
1823569.340017	0.383694
1824874.686717	0.349970
1826180.033417	0.346388
1827485.380117	0.383784
1828790.726817	0.444772
1830096.073517	0.502601
1831401.420217	0.536311
1832706.766917	0.532902
1834012.113617	0.486512
1835317.460317	0.397923
1836622.807018	0.275147
1837928.153718	0.142323
1839233.500418	0.126710
1840538.847118	0.264165
1841844.193818	0.408723
1843149.540518	0.526213
1844454.887218	0.602579
1845760.233918	0.631078
1847065.580618	0.612520
1848370.927318	0.557573
1849676.274018	0.491154
1850981.620718	0.455685
1852286.967419	0.490664
1853592.314119	0.589029
1854897.660819	0.709577
1856203.007519	0.815061
1857508.354219	0.880471
1858813.700919	0.890616
1860119.047619	0.838392
1861424.394319	0.724008
1862729.741019	0.554380
1864035.087719	0.342555
1865340.434419	0.111527
1866645.781119	0.156056
1867951.127820	0.383921
1869256.474520	0.583380
1870561.821220	0.735240
1871867.167920	0.828076
1873172.514620	0.857141
1874477.861320	0.825373
1875783.208020	0.744742
1877088.554720	0.638575
1878393.901420	0.544928
1879699.248120	0.510726
1881004.594820	0.553633
1882309.941520	0.638269
1883615.288221	0.716996
1884920.634921	0.757530
1886225.981621	0.742586
1887531.328321	0.665929
1888836.675021	0.530034
1890142.021721	0.344615
1891447.368421	0.126657
1892752.715121	0.119860
1894058.061821	0.349263
1895363.408521	0.556576
1896668.755221	0.721475
1897974.101921	0.829595
1899279.448622	0.872078
1900584.795322	0.846305
1901890.142022	0.756232
1903195.488722	0.612394
1904500.835422	0.432430
1905806.182122	0.248149
1907111.528822	0.164811
1908416.875522	0.280518
1909722.222222	0.426449
1911027.568922	0.536246
1912332.915622	0.592319
1913638.262322	0.589273
1914943.609023	0.529704
1916248.955723	0.423949
1917554.302423	0.293273
1918859.649123	0.191075
1920164.995823	0.223232
1921470.342523	0.345930
1922775.689223	0.467391
1924081.035923	0.556189
1925386.382623	0.601272
1926691.729323	0.602240
1927997.076023	0.568991
1929302.422723	0.523383
1930607.769424	0.498294
1931913.116124	0.522229
1933218.462824	0.593570
1934523.809524	0.684156
1935829.156224	0.763559
1937134.502924	0.809895
1938439.849624	0.810499
1939745.196324	0.761011
1941050.543024	0.664805
1942355.889724	0.533047
1943661.236424	0.386880
1944966.583124	0.268009
1946271.929825	0.247615
1947577.276525	0.321553
1948882.623225	0.406190
1950187.969925	0.457141
1951493.316625	0.458412
1952798.663325	0.407808
1954104.010025	0.316444
1955409.356725	0.224834
1956714.703425	0.238474
1958020.050125	0.376485
1959325.396825	0.547343
1960630.743525	0.703882
1961936.090226	0.821760
1963241.436926	0.885639
1964546.783626	0.887215
1965852.130326	0.825553
1967157.477026	0.708181
1968462.823726	0.554208
1969768.170426	0.405906
1971073.517126	0.352599
1972378.863826	0.449314
1973684.210526	0.611069
1974989.557226	0.763188
1976294.903926	0.871264
1977600.250627	0.918452
1978905.597327	0.897965
1980210.944027	0.811178
1981516.290727	0.667146
1982821.637427	0.483586
1984126.984127	0.296252
1985432.330827	0.215273
1986737.677527	0.335967
1988043.024227	0.504804
1989348.370927	0.645315
1990653.717627	0.733913
1991959.064327	0.761053
1993264.411028	0.725326
1994569.757728	0.632195
1995875.104428	0.493597
1997180.451128	0.329482
1998485.797828	0.184462
1999791.144528	0.189605
2001096.491228	0.320993
2002401.837928	0.450648
2003707.184628	0.544172
2005012.531328	0.590899
2006317.878028	0.589131
2007623.224728	0.544080
2008928.571429	0.467700
2010233.918129	0.379767
2011539.264829	0.309994
2012844.611529	0.290337
2014149.958229	0.320744
2015455.304929	0.366467
2016760.651629	0.397346
2018065.998329	0.398399
2019371.345029	0.365154
2020676.691729	0.300106
2021982.038429	0.210674
2023287.385129	0.107697
2024592.731830	0.014472
2025898.078530	0.094445
2027203.425230	0.168715
2028508.771930	0.217407
2029814.118630	0.241190
2031119.465330	0.251044
2032424.812030	0.269572
2033730.158730	0.319573
2035035.505430	0.403404
2036340.852130	0.504716
2037646.198830	0.603177
2038951.545530	0.680955
2040256.892231	0.724178
2041562.238931	0.723675
2042867.585631	0.675794
2044172.932331	0.583501
2045478.279031	0.458806
2046783.625731	0.331590
2048088.972431	0.274158
2049394.319131	0.349990
2050699.665831	0.491400
2052005.012531	0.630208
2053310.359231	0.735709
2054615.705931	0.792720
2055921.052632	0.794818
2057226.399332	0.743237
2058531.746032	0.647439
2059837.092732	0.527626
2061142.439432	0.421417
2062447.786132	0.385887
2063753.132832	0.445017
2065058.479532	0.550413
2066363.826232	0.650120
2067669.172932	0.716074
2068974.519632	0.736235
2070279.866332	0.709779
2071585.213033	0.646352
2072890.559733	0.567581
2074195.906433	0.508345
2075501.253133	0.505155
2076806.599833	0.563022
2078111.946533	0.649982
2079417.293233	0.729802
2080722.639933	0.778456
2082027.986633	0.784418
2083333.333333	0.747426
2084638.680033	0.679100
2085944.026733	0.605322
2087249.373434	0.565732
2088554.720134	0.593660
2089860.066834	0.682769
2091165.413534	0.796096
2092470.760234	0.897890
2093776.106934	0.964202
2095081.453634	0.982028
2096386.800334	0.947863
2097692.147034	0.867267
2098997.493734	0.755390
2100302.840434	0.638586
2101608.187135	0.554616
2102913.533835	0.537568
2104218.880535	0.583355
2105524.227235	0.651879
2106829.573935	0.704137
2108134.920635	0.716409
2109440.267335	0.678007
2110745.614035	0.587982
2112050.960735	0.453115
2113356.307435	0.287176
2114661.654135	0.119648
2115967.000835	0.130926
2117272.347536	0.283991
2118577.694236	0.415302
2119883.040936	0.501114
2121188.387636	0.531284
2122493.734336	0.502229
2123799.081036	0.416383
2125104.427736	0.281743
2126409.774436	0.111053
2127715.121136	0.080049
2129020.467836	0.272794
2130325.814536	0.449793
2131631.161236	0.594752
2132936.507937	0.694852
2134241.854637	0.742028
2135547.201337	0.733965
2136852.548037	0.674816
2138157.894737	0.575993
2139463.241437	0.458161
2140768.588137	0.356579
2142073.934837	0.320714
2143379.281537	0.363938
2144684.628237	0.436684
2145989.974937	0.492790
2147295.321637	0.509046
2148600.668338	0.476307
2149906.015038	0.394353
2151211.361738	0.269730
2152516.708438	0.115159
2153822.055138	0.067784
2155127.401838	0.236283
2156432.748538	0.391734
2157738.095238	0.515962
2159043.441938	0.597562
2160348.788638	0.630642
2161654.135338	0.616246
2162959.482038	0.564375
2164264.828739	0.497294
2165570.175439	0.452321
2166875.522139	0.467749
2168180.868839	0.544389
2169486.215539	0.646627
2170791.562239	0.738400
2172096.908939	0.795491
2173402.255639	0.803915
2174707.602339	0.757882
2176012.949039	0.658658
2177318.295739	0.513703
2178623.642439	0.335837
2179928.989140	0.144313
2181234.335840	0.080637
2182539.682540	0.246252
2183845.029240	0.388226
2185150.375940	0.483430
2186455.722640	0.522095
2187761.069340	0.500450
2189066.416040	0.420615
2190371.762740	0.290694
2191677.109440	0.128031
2192982.456140	0.100569
2194287.802840	0.288441
2195593.149541	0.475436
2196898.496241	0.636040
2198203.842941	0.755970
2199509.189641	0.826041
2200814.536341	0.842526
2202119.883041	0.807568
2203425.229741	0.729324
2204730.576441	0.622034
2206035.923141	0.506380
2207341.269841	0.409770
2208646.616541	0.360018
2209951.963241	0.361645
2211257.309942	0.386443
2212562.656642	0.403955
2213868.003342	0.400689
2215173.350042	0.380899
2216478.696742	0.365552
2217784.043442	0.384571
2219089.390142	0.451096
2220394.736842	0.548638
2221700.083542	0.650466
2223005.430242	0.734229
2224310.776942	0.784524
2225616.123642	0.792863
2226921.470343	0.757991
2228226.817043	0.686863
2229532.163743	0.596717
2230837.510443	0.518075
2232142.857143	0.490581
2233448.203843	0.533117
2234753.550543	0.620841
2236058.897243	0.714313
2237364.243943	0.784602
2238669.590643	0.815029
2239974.937343	0.798265
2241280.284043	0.734481
2242585.630744	0.630312
2243890.977444	0.498360
2245196.324144	0.358147
2246501.670844	0.242499
2247807.017544	0.205061
2249112.364244	0.249377
2250417.710944	0.306516
2251723.057644	0.337715
2253028.404344	0.333130
2254333.751044	0.298806
2255639.097744	0.258521
2256944.444444	0.257281
2258249.791145	0.322315
2259555.137845	0.426471
2260860.484545	0.533743
2262165.831245	0.620277
2263471.177945	0.671024
2264776.524645	0.677346
2266081.871345	0.636328
2267387.218045	0.550446
2268692.564745	0.427066
2269997.911445	0.277724
2271303.258145	0.118376
2272608.604845	0.059874
2273913.951546	0.193587
2275219.298246	0.304845
2276524.644946	0.377709
2277829.991646	0.407497
2279135.338346	0.396485
2280440.685046	0.355878
2281746.031746	0.310044
2283051.378446	0.297474
2284356.725146	0.342091
2285662.071846	0.422631
2286967.418546	0.503768
2288272.765246	0.560246
2289578.111947	0.576885
2290883.458647	0.546438
2292188.805347	0.469266
2293494.152047	0.355307
2294799.498747	0.236038
2296104.845447	0.209571
2297410.192147	0.329487
2298715.538847	0.491422
2300020.885547	0.639986
2301326.232247	0.751520
2302631.578947	0.812540
2303936.925647	0.816436
2305242.272348	0.763381
2306547.619048	0.661050
2307852.965748	0.526770
2309158.312448	0.394960
2310463.659148	0.331594
2311769.005848	0.386892
2313074.352548	0.505124
2314379.699248	0.619289
2315685.045948	0.696253
2316990.392648	0.720895
2318295.739348	0.688351
2319601.086048	0.601979
2320906.432749	0.473733
2322211.779449	0.329720
2323517.126149	0.237371
2324822.472849	0.294198
2326127.819549	0.436768
2327433.166249	0.580305
2328738.512949	0.693566
2330043.859649	0.764651
2331349.206349	0.791578
2332654.553049	0.780520
2333959.899749	0.745051
2335265.246449	0.704182
2336570.593150	0.676899
2337875.939850	0.672718
2339181.286550	0.685043
2340486.633250	0.695322
2341791.979950	0.683162
2343097.326650	0.633265
2344402.673350	0.537769
2345708.020050	0.396282
2347013.366750	0.215063
2348318.713450	0.008654
2349624.060150	0.216643
2350929.406850	0.433824
2352234.753551	0.628426
2353540.100251	0.784289
2354845.446951	0.888571
2356150.793651	0.933094
2357456.140351	0.915351
2358761.487051	0.839170
2360066.833751	0.715342
2361372.180451	0.563284
2362677.527151	0.417107
2363982.873851	0.337939
2365288.220551	0.374964
2366593.567251	0.476804
2367898.913952	0.575375
2369204.260652	0.637977
2370509.607352	0.651668
2371814.954052	0.614060
2373120.300752	0.530213
2374425.647452	0.411422
2375730.994152	0.275839
2377036.340852	0.159031
2378341.687552	0.147971
2379647.034252	0.228782
2380952.380952	0.303411
2382257.727652	0.342219
2383563.074353	0.339255
2384868.421053	0.301320
2386173.767753	0.253868
2387479.114453	0.251473
2388784.461153	0.330862
2390089.807853	0.458444
2391395.154553	0.593539
2392700.501253	0.710994
2394005.847953	0.794866
2395311.194653	0.835585
2396616.541353	0.829450
2397921.888053	0.778685
2399227.234754	0.691579
2400532.581454	0.582842
2401837.928154	0.474532
2403143.274854	0.395913
2404448.621554	0.371320
2405753.968254	0.393077
2407059.314954	0.427010
2408364.661654	0.444158
2409670.008354	0.429974
2410975.355054	0.380989
2412280.701754	0.301957
2413586.048454	0.205978
2414891.395155	0.125924
2416196.741855	0.136299
2417502.088555	0.212537
2418807.435255	0.284107
2420112.781955	0.328816
2421418.128655	0.341393
2422723.475355	0.327429
2424028.822055	0.306255
2425334.168755	0.311624
2426639.515455	0.368669
2427944.862155	0.466489
2429250.208855	0.576887
2430555.555556	0.675484
2431860.902256	0.744725
2433166.248956	0.773107
2434471.595656	0.755011
2435776.942356	0.690985
2437082.289056	0.588391
2438387.635756	0.463298
2439692.982456	0.346805
2440998.329156	0.294490
2442303.675856	0.340116
2443609.022556	0.432117
2444914.369256	0.515106
2446219.715957	0.562168
2447525.062657	0.562005
2448830.409357	0.512782
2450135.756057	0.420858
2451441.102757	0.303314
2452746.449457	0.204472
2454051.796157	0.218822
2455357.142857	0.331787
2456662.489557	0.454476
2457967.836257	0.549522
2459273.182957	0.601069
2460578.529657	0.602854
2461883.876358	0.556684
2463189.223058	0.473701
2464494.569758	0.379105
2465799.916458	0.321140
2467105.263158	0.349066
2468410.609858	0.441053
2469715.956558	0.540659
2471021.303258	0.611133
2472326.649958	0.632469
2473631.996658	0.594817
2474937.343358	0.496181
2476242.690058	0.341556
2477548.036759	0.143033
2478853.383459	0.095818
2480158.730159	0.333230
2481464.076859	0.564050
2482769.423559	0.765388
2484074.770259	0.919106
2485380.116959	1.011190
2486685.463659	1.032914
2487990.810359	0.981657
2489296.157059	0.861178
2490601.503759	0.681333
2491906.850459	0.457380
2493212.197160	0.210166
2494517.543860	0.075412
2495822.890560	0.298531
2497128.237260	0.502411
2498433.583960	0.657334
2499738.930660	0.752071
2501044.277360	0.782525
2502349.624060	0.752214
2503654.970760	0.673457
2504960.317460	0.569964
2506265.664160	0.481464
2507571.010860	0.458213
2508876.357561	0.515862
2510181.704261	0.613978
2511487.050961	0.706211
2512792.397661	0.764054
2514097.744361	0.773284
2515403.091061	0.729665
2516708.437761	0.636861
2518013.784461	0.505533
2519319.131161	0.354285
2520624.477861	0.219795
2521929.824561	0.188793
2523235.171261	0.275040
2524540.517962	0.373182
2525845.864662	0.438832
2527151.211362	0.458363
2528456.558062	0.428964
2529761.904762	0.354913
2531067.251462	0.247386
2532372.598162	0.132782
2533677.944862	0.119802
2534983.291562	0.232623
2536288.638262	0.350068
2537593.984962	0.440701
2538899.331662	0.492803
2540204.678363	0.501612
2541510.025063	0.468288
2542815.371763	0.400207
2544120.718463	0.312595
2545426.065163	0.234418
2546731.411863	0.212867
2548036.758563	0.260410
2549342.105263	0.329150
2550647.451963	0.382623
2551952.798663	0.405549
2553258.145363	0.394921
2554563.492063	0.358391
2555868.838764	0.317279
2557174.185464	0.307423
2558479.532164	0.353696
2559784.878864	0.439542
2561090.225564	0.532089
2562395.572264	0.606134
2563700.918964	0.645450
2565006.265664	0.640835
2566311.612364	0.589337
2567616.959064	0.494138
2568922.305764	0.365257
2570227.652464	0.225327
2571532.999165	0.151086
2572838.345865	0.239407
2574143.692565	0.374381
2575449.039265	0.490323
2576754.385965	0.566897
2578059.732665	0.594768
2579365.079365	0.571025
2580670.426065	0.498385
2581975.772765	0.384702
2583281.119465	0.242574
2584586.466165	0.093179
2585891.812865	0.094413
2587197.159566	0.225704
2588502.506266	0.332325
2589807.852966	0.397231
2591113.199666	0.413068
2592418.546366	0.378788
2593723.893066	0.301257
2595029.239766	0.204007
2596334.586466	0.169402
2597639.933166	0.273486
2598945.279866	0.427482
2600250.626566	0.576527
2601555.973266	0.697207
2602861.319967	0.775244
