# Frequency	I_corrected	Q_corrected
1.35520000e+10	-2.57038065e-02	-1.44186020e-02
1.35521800e+10	-2.58775394e-02	-1.43491091e-02
1.35523600e+10	-2.59161792e-02	-1.41143845e-02
1.35525400e+10	-2.59614369e-02	-1.39300296e-02
1.35527200e+10	-2.59763775e-02	-1.38385503e-02
1.35529000e+10	-2.61142495e-02	-1.36394811e-02
1.35530800e+10	-2.63709799e-02	-1.36689816e-02
1.35532600e+10	-2.62716621e-02	-1.34240268e-02
1.35534400e+10	-2.66484751e-02	-1.34070150e-02
1.35536200e+10	-2.65633946e-02	-1.32999344e-02
1.35538000e+10	-2.66839300e-02	-1.31541372e-02
1.35539800e+10	-2.66120688e-02	-1.29311504e-02
1.35541600e+10	-2.65881055e-02	-1.27777126e-02
1.35543400e+10	-2.69662798e-02	-1.27280799e-02
1.35545200e+10	-2.69321092e-02	-1.26184168e-02
1.35547000e+10	-2.70804256e-02	-1.24373687e-02
1.35548800e+10	-2.73350048e-02	-1.23865977e-02
1.35550600e+10	-2.73566017e-02	-1.22438075e-02
1.35552400e+10	-2.75994917e-02	-1.21826691e-02
1.35554200e+10	-2.72529473e-02	-1.19510336e-02
1.35556000e+10	-2.75172727e-02	-1.17808480e-02
1.35557800e+10	-2.75428910e-02	-1.16085487e-02
1.35559600e+10	-2.75616153e-02	-1.13997100e-02
1.35561400e+10	-2.77511807e-02	-1.13899742e-02
1.35563200e+10	-2.79303516e-02	-1.12441914e-02
1.35565000e+10	-2.81812596e-02	-1.11804434e-02
1.35566800e+10	-2.81842338e-02	-1.10578773e-02
1.35568600e+10	-2.81520565e-02	-1.08834522e-02
1.35570400e+10	-2.83112060e-02	-1.07931504e-02
1.35572200e+10	-2.83000885e-02	-1.05804642e-02
1.35574000e+10	-2.83408912e-02	-1.04469284e-02
1.35575800e+10	-2.82514939e-02	-1.02457531e-02
1.35577600e+10	-2.85214101e-02	-1.01855565e-02
1.35579400e+10	-2.86612481e-02	-1.00702589e-02
1.35581200e+10	-2.86144362e-02	-9.92211141e-03
1.35583000e+10	-2.88498916e-02	-9.80461299e-03
1.35584800e+10	-2.88110325e-02	-9.63707401e-03
1.35586600e+10	-2.90242246e-02	-9.60626391e-03
1.35588400e+10	-2.88417093e-02	-9.37366119e-03
1.35590200e+10	-2.88606384e-02	-9.17257972e-03
1.35592000e+10	-2.91545706e-02	-9.11594728e-03
1.35593800e+10	-2.91206216e-02	-8.94226313e-03
1.35595600e+10	-2.92862274e-02	-8.82936043e-03
1.35597400e+10	-2.92757005e-02	-8.66072770e-03
1.35599200e+10	-2.93214464e-02	-8.60821073e-03
1.35601000e+10	-2.96133191e-02	-8.41704220e-03
1.35602800e+10	-2.92336045e-02	-8.16879199e-03
1.35604600e+10	-2.95444255e-02	-8.12470235e-03
1.35606400e+10	-2.96234651e-02	-7.96472783e-03
1.35608200e+10	-2.97281220e-02	-7.83080965e-03
1.35610000e+10	-2.97817034e-02	-7.61487641e-03
1.35611800e+10	-2.98565486e-02	-7.61317106e-03
1.35613600e+10	-3.00102232e-02	-7.48950268e-03
1.35615400e+10	-2.99870109e-02	-7.24801647e-03
1.35617200e+10	-2.98094712e-02	-7.15894481e-03
1.35619000e+10	-2.99507008e-02	-6.97399640e-03
1.35620800e+10	-2.99674722e-02	-6.79438042e-03
1.35622600e+10	-3.01035888e-02	-6.68503074e-03
1.35624400e+10	-3.00498446e-02	-6.44005045e-03
1.35626200e+10	-3.05084642e-02	-6.42150899e-03
1.35628000e+10	-3.05369887e-02	-6.38706712e-03
1.35629800e+10	-3.04928036e-02	-6.15530933e-03
1.35631600e+10	-3.05597868e-02	-6.03127346e-03
1.35633400e+10	-3.04635194e-02	-5.85396851e-03
1.35635200e+10	-3.04550639e-02	-5.70532068e-03
1.35637000e+10	-3.04092586e-02	-5.50038088e-03
1.35638800e+10	-3.04446197e-02	-5.37711608e-03
1.35640600e+10	-3.07007123e-02	-5.26487826e-03
1.35642400e+10	-3.07199513e-02	-5.15251094e-03
1.35644200e+10	-3.08658153e-02	-4.94812744e-03
1.35646000e+10	-3.07760895e-02	-4.90099473e-03
1.35647800e+10	-3.09501055e-02	-4.70243669e-03
1.35649600e+10	-3.08084742e-02	-4.52035412e-03
1.35651400e+10	-3.08131262e-02	-4.41255578e-03
1.35653200e+10	-3.09640157e-02	-4.25555457e-03
1.35655000e+10	-3.10562730e-02	-4.10370190e-03
1.35656800e+10	-3.11291775e-02	-4.04202479e-03
1.35658600e+10	-3.10749914e-02	-3.77966538e-03
1.35660400e+10	-3.11719501e-02	-3.69810368e-03
1.35662200e+10	-3.13422889e-02	-3.58351926e-03
1.35664000e+10	-3.10873371e-02	-3.37398023e-03
1.35665800e+10	-3.12797014e-02	-3.29536784e-03
1.35667600e+10	-3.12641150e-02	-3.09584461e-03
1.35669400e+10	-3.13917570e-02	-3.01699752e-03
1.35671200e+10	-3.14216971e-02	-2.88461658e-03
1.35673000e+10	-3.12554799e-02	-2.70750487e-03
1.35674800e+10	-3.17603971e-02	-2.50996059e-03
1.35676600e+10	-3.15367302e-02	-2.44143176e-03
1.35678400e+10	-3.14226696e-02	-2.28661771e-03
1.35680200e+10	-3.15230521e-02	-2.07682093e-03
1.35682000e+10	-3.15023635e-02	-2.01079883e-03
1.35683800e+10	-3.16565084e-02	-1.85775620e-03
1.35685600e+10	-3.15920438e-02	-1.73776688e-03
1.35687400e+10	-3.17283747e-02	-1.46765957e-03
1.35689200e+10	-3.19498295e-02	-1.42092920e-03
1.35691000e+10	-3.19578730e-02	-1.24784703e-03
1.35692800e+10	-3.18551881e-02	-1.07166505e-03
1.35694600e+10	-3.17491648e-02	-9.55258531e-04
1.35696400e+10	-3.18806275e-02	-8.32298188e-04
1.35698200e+10	-3.17264973e-02	-6.61029710e-04
1.35700000e+10	-3.17500681e-02	-5.48876313e-04
1.35701800e+10	-3.19456979e-02	-3.99005265e-04
1.35703600e+10	-3.20526082e-02	-2.53318944e-04
1.35705400e+10	-3.21969271e-02	-1.14304309e-04
1.35707200e+10	-3.20561764e-02	5.82911459e-05
1.35709000e+10	-3.22119313e-02	2.30967315e-04
1.35710800e+10	-3.22255221e-02	3.33306460e-04
1.35712600e+10	-3.19942148e-02	5.03882529e-04
1.35714400e+10	-3.20303286e-02	6.40238779e-04
1.35716200e+10	-3.19854761e-02	7.61938251e-04
1.35718000e+10	-3.22777060e-02	8.84453461e-04
1.35719800e+10	-3.21813976e-02	9.91798621e-04
1.35721600e+10	-3.21835340e-02	1.18294883e-03
1.35723400e+10	-3.24317279e-02	1.33089921e-03
1.35725200e+10	-3.23704057e-02	1.38419645e-03
1.35727000e+10	-3.23180278e-02	1.62589002e-03
1.35728800e+10	-3.22482771e-02	1.77263661e-03
1.35730600e+10	-3.23400327e-02	1.91111430e-03
1.35732400e+10	-3.24971312e-02	2.06246482e-03
1.35734200e+10	-3.22633516e-02	2.18853330e-03
1.35736000e+10	-3.25579097e-02	2.31284792e-03
1.35737800e+10	-3.24895408e-02	2.50949183e-03
1.35739600e+10	-3.24892610e-02	2.61028432e-03
1.35741400e+10	-3.23829633e-02	2.72788010e-03
1.35743200e+10	-3.22464367e-02	2.87425975e-03
1.35745000e+10	-3.25003293e-02	3.06028119e-03
1.35746800e+10	-3.23714889e-02	3.18742054e-03
1.35748600e+10	-3.25564371e-02	3.32353620e-03
1.35750400e+10	-3.27426352e-02	3.48288210e-03
1.35752200e+10	-3.26382030e-02	3.66858043e-03
1.35754000e+10	-3.27794621e-02	3.83113389e-03
1.35755800e+10	-3.24264367e-02	3.88664570e-03
1.35757600e+10	-3.26574931e-02	4.07489886e-03
1.35759400e+10	-3.25949138e-02	4.19495098e-03
1.35761200e+10	-3.24560922e-02	4.29609699e-03
1.35763000e+10	-3.25758826e-02	4.51529400e-03
1.35764800e+10	-3.26955083e-02	4.65170480e-03
1.35766600e+10	-3.28788955e-02	4.82105253e-03
1.35768400e+10	-3.27617346e-02	4.88413814e-03
1.35770200e+10	-3.27634249e-02	5.02258657e-03
1.35772000e+10	-3.28786292e-02	5.27358685e-03
1.35773800e+10	-3.27348583e-02	5.35561585e-03
1.35775600e+10	-3.26819158e-02	5.34497622e-03
1.35777400e+10	-3.24647614e-02	5.63002343e-03
1.35779200e+10	-3.28177580e-02	5.78083043e-03
1.35781000e+10	-3.28430388e-02	5.95297005e-03
1.35782800e+10	-3.27805528e-02	6.04895927e-03
1.35784600e+10	-3.29689557e-02	6.20954826e-03
1.35786400e+10	-3.28443344e-02	6.37025148e-03
1.35788200e+10	-3.29587648e-02	6.56423638e-03
1.35790000e+10	-3.27600378e-02	6.56945393e-03
1.35791800e+10	-3.26902554e-02	6.78662468e-03
1.35793600e+10	-3.29920614e-02	6.93812179e-03
1.35795400e+10	-3.28080160e-02	7.01876461e-03
1.35797200e+10	-3.28454090e-02	7.11573252e-03
1.35799000e+10	-3.28951149e-02	7.33863466e-03
1.35800800e+10	-3.28380367e-02	7.40488536e-03
1.35802600e+10	-3.30234137e-02	7.64986887e-03
1.35804400e+10	-3.26581278e-02	7.70412202e-03
1.35806200e+10	-3.28948554e-02	7.90404391e-03
1.35808000e+10	-3.28627588e-02	8.05130288e-03
1.35809800e+10	-3.28107003e-02	8.21894936e-03
1.35811600e+10	-3.29408192e-02	8.30687225e-03
1.35813400e+10	-3.29280494e-02	8.48911010e-03
1.35815200e+10	-3.30744814e-02	8.73682218e-03
1.35817000e+10	-3.29427324e-02	8.71817375e-03
1.35818800e+10	-3.28526701e-02	8.86908635e-03
1.35820600e+10	-3.28389759e-02	8.97624698e-03
1.35822400e+10	-3.26953013e-02	9.14776765e-03
1.35824200e+10	-3.28374132e-02	9.24986066e-03
1.35826000e+10	-3.27255990e-02	9.44845427e-03
1.35827800e+10	-3.30486632e-02	9.67757474e-03
1.35829600e+10	-3.31056288e-02	9.80067911e-03
1.35831400e+10	-3.30270996e-02	9.93491448e-03
1.35833200e+10	-3.30235963e-02	1.00914538e-02
1.35835000e+10	-3.28506203e-02	1.01672381e-02
1.35836800e+10	-3.28070901e-02	1.02161705e-02
1.35838600e+10	-3.26829983e-02	1.03575155e-02
1.35840400e+10	-3.27382102e-02	1.05431225e-02
1.35842200e+10	-3.30412038e-02	1.07397033e-02
1.35844000e+10	-3.29163806e-02	1.09489876e-02
1.35845800e+10	-3.30048063e-02	1.11076847e-02
1.35847600e+10	-3.29623487e-02	1.11995869e-02
1.35849400e+10	-3.30531027e-02	1.13624871e-02
1.35851200e+10	-3.28276285e-02	1.14230317e-02
1.35853000e+10	-3.27282155e-02	1.15276276e-02
1.35854800e+10	-3.28685343e-02	1.17102478e-02
1.35856600e+10	-3.28159803e-02	1.18795810e-02
1.35858400e+10	-3.29008245e-02	1.20352877e-02
1.35860200e+10	-3.28675013e-02	1.21885306e-02
1.35862000e+10	-3.29054672e-02	1.23203673e-02
1.35863800e+10	-3.30791883e-02	1.24847558e-02
1.35865600e+10	-3.26554763e-02	1.24378201e-02
1.35867400e+10	-3.29333258e-02	1.26931707e-02
1.35869200e+10	-3.28620335e-02	1.28195457e-02
1.35871000e+10	-3.29497694e-02	1.29681142e-02
1.35872800e+10	-3.29955283e-02	1.31805574e-02
1.35874600e+10	-3.27353766e-02	1.32648611e-02
1.35876400e+10	-3.30841572e-02	1.35651307e-02
1.35878200e+10	-3.29615092e-02	1.36362347e-02
1.35880000e+10	-3.28101422e-02	1.37574251e-02
1.35881800e+10	-3.28155374e-02	1.38733479e-02
1.35883600e+10	-3.28064546e-02	1.40029419e-02
1.35885400e+10	-3.28973959e-02	1.41340686e-02
1.35887200e+10	-3.27891458e-02	1.42683405e-02
1.35889000e+10	-3.28876436e-02	1.44216400e-02
1.35890800e+10	-3.30615374e-02	1.47552220e-02
1.35892600e+10	-3.30341526e-02	1.48471579e-02
1.35894400e+10	-3.29323585e-02	1.49931675e-02
1.35896200e+10	-3.28079461e-02	1.49923550e-02
1.35898000e+10	-3.29927419e-02	1.52535406e-02
1.35899800e+10	-3.26947222e-02	1.52549583e-02
1.35901600e+10	-3.26720017e-02	1.54383147e-02
1.35903400e+10	-3.27540426e-02	1.55744398e-02
1.35905200e+10	-3.28237582e-02	1.58546295e-02
1.35907000e+10	-3.30295268e-02	1.60638829e-02
1.35908800e+10	-3.29040344e-02	1.61623649e-02
1.35910600e+10	-3.29946939e-02	1.63105797e-02
1.35912400e+10	-3.29999356e-02	1.64874503e-02
1.35914200e+10	-3.26879980e-02	1.64210984e-02
1.35916000e+10	-3.27893485e-02	1.66690114e-02
1.35917800e+10	-3.26161375e-02	1.67102200e-02
1.35919600e+10	-3.28313951e-02	1.69959237e-02
1.35921400e+10	-3.28222684e-02	1.70565699e-02
1.35923200e+10	-3.29013396e-02	1.72861939e-02
1.35925000e+10	-3.30445996e-02	1.74810667e-02
1.35926800e+10	-3.29404952e-02	1.76327617e-02
1.35928600e+10	-3.28209424e-02	1.77227613e-02
1.35930400e+10	-3.28536720e-02	1.78497499e-02
1.35932200e+10	-3.27960782e-02	1.79608298e-02
1.35934000e+10	-3.29490882e-02	1.82292202e-02
1.35935800e+10	-3.27448449e-02	1.82574632e-02
1.35937600e+10	-3.30102280e-02	1.85218241e-02
1.35939400e+10	-3.28546713e-02	1.86542658e-02
1.35941200e+10	-3.29247215e-02	1.88466409e-02
1.35943000e+10	-3.27988831e-02	1.88875052e-02
1.35944800e+10	-3.26988424e-02	1.90128922e-02
1.35946600e+10	-3.28854781e-02	1.93142257e-02
1.35948400e+10	-3.27599932e-02	1.93598217e-02
1.35950200e+10	-3.27977378e-02	1.95971108e-02
1.35952000e+10	-3.30547237e-02	1.98034511e-02
1.35953800e+10	-3.29029527e-02	1.99052107e-02
1.35955600e+10	-3.30525493e-02	2.01876062e-02
1.35957400e+10	-3.26807509e-02	2.01755084e-02
1.35959200e+10	-3.28537877e-02	2.04014843e-02
1.35961000e+10	-3.27836650e-02	2.04927231e-02
1.35962800e+10	-3.25959626e-02	2.05722583e-02
1.35964600e+10	-3.28055777e-02	2.08231705e-02
1.35966400e+10	-3.28965669e-02	2.10840598e-02
1.35968200e+10	-3.31559646e-02	2.12982506e-02
1.35970000e+10	-3.29014221e-02	2.14322361e-02
1.35971800e+10	-3.29554284e-02	2.15393976e-02
1.35973600e+10	-3.30452433e-02	2.18068287e-02
1.35975400e+10	-3.28979934e-02	2.18238024e-02
1.35977200e+10	-3.27239735e-02	2.19556695e-02
1.35979000e+10	-3.26654427e-02	2.20616982e-02
1.35980800e+10	-3.27982758e-02	2.22607763e-02
1.35982600e+10	-3.28885564e-02	2.25349676e-02
1.35984400e+10	-3.27439228e-02	2.25855695e-02
1.35986200e+10	-3.30283217e-02	2.29921913e-02
1.35988000e+10	-3.29207314e-02	2.30713773e-02
1.35989800e+10	-3.30349412e-02	2.33610281e-02
1.35991600e+10	-3.28332343e-02	2.33496891e-02
1.35993400e+10	-3.27538537e-02	2.33985976e-02
1.35995200e+10	-3.29622442e-02	2.37648903e-02
1.35997000e+10	-3.27153594e-02	2.37598542e-02
1.35998800e+10	-3.28643631e-02	2.40373954e-02
1.36000600e+10	-3.28763272e-02	2.42666003e-02
1.36002400e+10	-3.28945646e-02	2.44329281e-02
1.36004200e+10	-3.30784473e-02	2.46536261e-02
1.36006000e+10	-3.27017081e-02	2.46343544e-02
1.36007800e+10	-3.29502127e-02	2.49413582e-02
1.36009600e+10	-3.28256069e-02	2.50973069e-02
1.36011400e+10	-3.28638477e-02	2.52604432e-02
1.36013200e+10	-3.28280436e-02	2.54404979e-02
1.36015000e+10	-3.30321639e-02	2.57076802e-02
1.36016800e+10	-3.30987353e-02	2.59585980e-02
1.36018600e+10	-3.29574027e-02	2.60599554e-02
1.36020400e+10	-3.27853255e-02	2.61552397e-02
1.36022200e+10	-3.29261120e-02	2.63460323e-02
1.36024000e+10	-3.27897221e-02	2.64078466e-02
1.36025800e+10	-3.28939547e-02	2.67163119e-02
1.36027600e+10	-3.27620849e-02	2.68117835e-02
1.36029400e+10	-3.31658481e-02	2.72691980e-02
1.36031200e+10	-3.31227027e-02	2.74453995e-02
1.36033000e+10	-3.30497719e-02	2.75785066e-02
1.36034800e+10	-3.30638158e-02	2.78228141e-02
1.36036600e+10	-3.29525666e-02	2.78762339e-02
1.36038400e+10	-3.28612705e-02	2.80019542e-02
1.36040200e+10	-3.28402582e-02	2.80898294e-02
1.36042000e+10	-3.27935442e-02	2.83442094e-02
1.36043800e+10	-3.30773791e-02	2.87812222e-02
1.36045600e+10	-3.28698480e-02	2.88784475e-02
1.36047400e+10	-3.31567860e-02	2.91602954e-02
1.36049200e+10	-3.30753522e-02	2.93659862e-02
1.36051000e+10	-3.32508002e-02	2.96747200e-02
1.36052800e+10	-3.29854879e-02	2.96672249e-02
1.36054600e+10	-3.28349121e-02	2.97530798e-02
1.36056400e+10	-3.30512024e-02	3.01181098e-02
1.36058200e+10	-3.30378548e-02	3.02363229e-02
1.36060000e+10	-3.30170497e-02	3.05375260e-02
1.36061800e+10	-3.29990713e-02	3.07541853e-02
1.36063600e+10	-3.31091907e-02	3.09964659e-02
1.36065400e+10	-3.33230739e-02	3.13561686e-02
1.36067200e+10	-3.29525848e-02	3.12297448e-02
1.36069000e+10	-3.31335503e-02	3.16329652e-02
1.36070800e+10	-3.30844088e-02	3.18318130e-02
1.36072600e+10	-3.31193400e-02	3.20557789e-02
1.36074400e+10	-3.31451586e-02	3.23304263e-02
1.36076200e+10	-3.30038807e-02	3.23488004e-02
1.36078000e+10	-3.33560370e-02	3.29677236e-02
1.36079800e+10	-3.32932893e-02	3.30445868e-02
1.36081600e+10	-3.30690088e-02	3.31366777e-02
1.36083400e+10	-3.31872849e-02	3.34451872e-02
1.36085200e+10	-3.31511223e-02	3.35824845e-02
1.36087000e+10	-3.31897515e-02	3.39143535e-02
1.36088800e+10	-3.31242805e-02	3.40817133e-02
1.36090600e+10	-3.32118274e-02	3.43225057e-02
1.36092400e+10	-3.34355733e-02	3.48799339e-02
1.36094200e+10	-3.34066108e-02	3.49204477e-02
1.36096000e+10	-3.34477679e-02	3.52543285e-02
1.36097800e+10	-3.32782689e-02	3.53287910e-02
1.36099600e+10	-3.34507533e-02	3.57558864e-02
1.36101400e+10	-3.31976448e-02	3.57223670e-02
1.36103200e+10	-3.31345115e-02	3.59378802e-02
1.36105000e+10	-3.33558261e-02	3.63460992e-02
1.36106800e+10	-3.34379338e-02	3.67313135e-02
1.36108600e+10	-3.35961279e-02	3.71739947e-02
1.36110400e+10	-3.35333648e-02	3.73335308e-02
1.36112200e+10	-3.36616448e-02	3.76152851e-02
1.36114000e+10	-3.37211944e-02	3.80342848e-02
1.36115800e+10	-3.33116438e-02	3.78789551e-02
1.36117600e+10	-3.34765101e-02	3.82694537e-02
1.36119400e+10	-3.33762605e-02	3.83965976e-02
1.36121200e+10	-3.35440514e-02	3.89013089e-02
1.36123000e+10	-3.35337398e-02	3.91157597e-02
1.36124800e+10	-3.36726718e-02	3.94799311e-02
1.36126600e+10	-3.39161959e-02	4.00839777e-02
1.36128400e+10	-3.37860464e-02	4.01953388e-02
1.36130200e+10	-3.36860207e-02	4.03749930e-02
1.36132000e+10	-3.37440641e-02	4.06150675e-02
1.36133800e+10	-3.37298923e-02	4.09065771e-02
1.36135600e+10	-3.38436502e-02	4.13367331e-02
1.36137400e+10	-3.36814375e-02	4.14073926e-02
1.36139200e+10	-3.39788966e-02	4.21062267e-02
1.36141000e+10	-3.39875593e-02	4.22867146e-02
1.36142800e+10	-3.39526585e-02	4.26157462e-02
1.36144600e+10	-3.39348015e-02	4.28056791e-02
1.36146400e+10	-3.37713026e-02	4.30133647e-02
1.36148200e+10	-3.40724439e-02	4.36997028e-02
1.36150000e+10	-3.39129747e-02	4.37771038e-02
1.36151800e+10	-3.39846022e-02	4.41384458e-02
1.36153600e+10	-3.42861017e-02	4.49341025e-02
1.36155400e+10	-3.41759250e-02	4.50098907e-02
1.36157200e+10	-3.43243796e-02	4.55163420e-02
1.36159000e+10	-3.40362160e-02	4.55250613e-02
1.36160800e+10	-3.41721394e-02	4.60392423e-02
1.36162600e+10	-3.42213869e-02	4.63963028e-02
1.36164400e+10	-3.40033781e-02	4.64010614e-02
1.36166200e+10	-3.42959073e-02	4.70179522e-02
1.36168000e+10	-3.43483642e-02	4.76299186e-02
1.36169800e+10	-3.45287765e-02	4.81937071e-02
1.36171600e+10	-3.44477839e-02	4.84678133e-02
1.36173400e+10	-3.44642584e-02	4.88027230e-02
1.36175200e+10	-3.46930547e-02	4.93842992e-02
1.36177000e+10	-3.44831938e-02	4.95469190e-02
1.36178800e+10	-3.44391180e-02	4.97561476e-02
1.36180600e+10	-3.43163168e-02	5.00312169e-02
1.36182400e+10	-3.45796527e-02	5.07792739e-02
1.36184200e+10	-3.46687101e-02	5.12714585e-02
1.36186000e+10	-3.45291574e-02	5.15374719e-02
1.36187800e+10	-3.48925774e-02	5.23926047e-02
1.36189600e+10	-3.47835310e-02	5.27464623e-02
1.36191400e+10	-3.50409706e-02	5.32667639e-02
1.36193200e+10	-3.47740170e-02	5.34155269e-02
1.36195000e+10	-3.46668844e-02	5.37404417e-02
1.36196800e+10	-3.49021399e-02	5.45323974e-02
1.36198600e+10	-3.47011947e-02	5.46391010e-02
1.36200400e+10	-3.48707113e-02	5.52780269e-02
1.36202200e+10	-3.50592948e-02	5.60392584e-02
1.36204000e+10	-3.50615528e-02	5.64972353e-02
1.36205800e+10	-3.52443043e-02	5.72316860e-02
1.36207600e+10	-3.49378593e-02	5.72171356e-02
1.36209400e+10	-3.52515909e-02	5.81286058e-02
1.36211200e+10	-3.51168009e-02	5.84607689e-02
1.36213000e+10	-3.51631397e-02	5.89465074e-02
1.36214800e+10	-3.51941378e-02	5.95082223e-02
1.36216600e+10	-3.53930922e-02	6.03361468e-02
1.36218400e+10	-3.55078755e-02	6.10242215e-02
1.36220200e+10	-3.54462499e-02	6.14005531e-02
1.36222000e+10	-3.53559409e-02	6.18174552e-02
1.36223800e+10	-3.54835667e-02	6.26243903e-02
1.36225600e+10	-3.52539432e-02	6.27565969e-02
1.36227400e+10	-3.54796823e-02	6.37610040e-02
1.36229200e+10	-3.54026206e-02	6.41705264e-02
1.36231000e+10	-3.58083158e-02	6.54992645e-02
1.36232800e+10	-3.58136633e-02	6.60631310e-02
1.36234600e+10	-3.57275089e-02	6.65124352e-02
1.36236400e+10	-3.58671976e-02	6.74597643e-02
1.36238200e+10	-3.57286857e-02	6.78317137e-02
1.36240000e+10	-3.56683359e-02	6.82668409e-02
1.36241800e+10	-3.55810222e-02	6.88500457e-02
1.36243600e+10	-3.56134404e-02	6.96024710e-02
1.36245400e+10	-3.59492426e-02	7.09933981e-02
1.36247200e+10	-3.57921227e-02	7.14634388e-02
1.36249000e+10	-3.60390378e-02	7.25837808e-02
1.36250800e+10	-3.60955345e-02	7.34526485e-02
1.36252600e+10	-3.61827891e-02	7.43821641e-02
1.36254400e+10	-3.60383064e-02	7.47239812e-02
1.36256200e+10	-3.58425181e-02	7.52581797e-02
1.36258000e+10	-3.59964906e-02	7.65251354e-02
1.36259800e+10	-3.59635066e-02	7.72148190e-02
1.36261600e+10	-3.60534415e-02	7.81966595e-02
1.36263400e+10	-3.60519607e-02	7.90705099e-02
1.36265200e+10	-3.62141040e-02	8.03580810e-02
1.36267000e+10	-3.64133764e-02	8.17609614e-02
1.36268800e+10	-3.59636721e-02	8.18737208e-02
1.36270600e+10	-3.62502761e-02	8.33217001e-02
1.36272400e+10	-3.61581581e-02	8.44052437e-02
1.36274200e+10	-3.60435203e-02	8.51553640e-02
1.36276000e+10	-3.61504257e-02	8.64375839e-02
1.36277800e+10	-3.59659688e-02	8.70765514e-02
1.36279600e+10	-3.63071261e-02	8.90810919e-02
1.36281400e+10	-3.61327470e-02	9.00304274e-02
1.36283200e+10	-3.60077848e-02	9.08257473e-02
1.36285000e+10	-3.60222605e-02	9.22972321e-02
1.36286800e+10	-3.60293392e-02	9.33239131e-02
1.36288600e+10	-3.59576032e-02	9.48051673e-02
1.36290400e+10	-3.57337082e-02	9.58957062e-02
1.36292200e+10	-3.58368702e-02	9.73852222e-02
1.36294000e+10	-3.59708726e-02	9.96184388e-02
1.36295800e+10	-3.57854523e-02	1.00506841e-01
1.36297600e+10	-3.57780618e-02	1.02226881e-01
1.36299400e+10	-3.54876254e-02	1.03340673e-01
1.36301200e+10	-3.55173820e-02	1.05237379e-01
1.36303000e+10	-3.51493163e-02	1.06023323e-01
1.36304800e+10	-3.49894377e-02	1.07498236e-01
1.36306600e+10	-3.49677765e-02	1.09716289e-01
1.36308400e+10	-3.49167644e-02	1.11579157e-01
1.36310200e+10	-3.48204296e-02	1.13932079e-01
1.36312000e+10	-3.47050631e-02	1.15814663e-01
1.36313800e+10	-3.45032682e-02	1.17741948e-01
1.36315600e+10	-3.43088692e-02	1.20087792e-01
1.36317400e+10	-3.36161114e-02	1.20464739e-01
1.36319200e+10	-3.34801264e-02	1.23113112e-01
1.36321000e+10	-3.30122386e-02	1.24874207e-01
1.36322800e+10	-3.27813313e-02	1.27421557e-01
1.36324600e+10	-3.25024681e-02	1.29902147e-01
1.36326400e+10	-3.20128693e-02	1.32518260e-01
1.36328200e+10	-3.17371803e-02	1.35875081e-01
1.36330000e+10	-3.12555642e-02	1.37981060e-01
1.36331800e+10	-3.06745192e-02	1.40123167e-01
1.36333600e+10	-3.00468269e-02	1.42966307e-01
1.36335400e+10	-2.94286187e-02	1.45483221e-01
1.36337200e+10	-2.87093382e-02	1.48851163e-01
1.36339000e+10	-2.77809607e-02	1.50885280e-01
1.36340800e+10	-2.71767441e-02	1.55476012e-01
1.36342600e+10	-2.63043221e-02	1.58602000e-01
1.36344400e+10	-2.52864712e-02	1.61848021e-01
1.36346200e+10	-2.41337819e-02	1.65170239e-01
1.36348000e+10	-2.30031756e-02	1.68390019e-01
1.36349800e+10	-2.18320519e-02	1.73227154e-01
1.36351600e+10	-2.01746082e-02	1.76033545e-01
1.36353400e+10	-1.87642831e-02	1.80156569e-01
1.36355200e+10	-1.73730649e-02	1.86164626e-01
1.36357000e+10	-1.51808049e-02	1.89761878e-01
1.36358800e+10	-1.32920189e-02	1.94979867e-01
1.36360600e+10	-1.09226227e-02	1.98536926e-01
1.36362400e+10	-8.47376530e-03	2.04083656e-01
1.36364200e+10	-5.88734166e-03	2.09524995e-01
1.36366000e+10	-2.76230255e-03	2.13035069e-01
1.36367800e+10	4.55964336e-04	2.20063267e-01
1.36369600e+10	3.93146260e-03	2.26650077e-01
1.36371400e+10	8.06347991e-03	2.33494941e-01
1.36373200e+10	1.24511781e-02	2.39317508e-01
1.36375000e+10	1.72569422e-02	2.45809015e-01
1.36376800e+10	2.27720950e-02	2.53522201e-01
1.36378600e+10	2.86312711e-02	2.59106363e-01
1.36380400e+10	3.52970679e-02	2.65377555e-01
1.36382200e+10	4.25817461e-02	2.72165179e-01
1.36384000e+10	5.10573231e-02	2.80685268e-01
1.36385800e+10	6.01756602e-02	2.88916971e-01
1.36387600e+10	7.00828200e-02	2.95526756e-01
1.36389400e+10	8.19472642e-02	3.06366933e-01
1.36391200e+10	9.41142313e-02	3.12924225e-01
1.36393000e+10	1.08196098e-01	3.20863111e-01
1.36394800e+10	1.22765209e-01	3.26223604e-01
1.36396600e+10	1.38902665e-01	3.30637316e-01
1.36398400e+10	1.58350709e-01	3.37650375e-01
1.36400200e+10	1.77176438e-01	3.39629255e-01
1.36402000e+10	1.98907464e-01	3.42678045e-01
1.36403800e+10	2.23990484e-01	3.46126178e-01
1.36405600e+10	2.48637176e-01	3.43538824e-01
1.36407400e+10	2.75818955e-01	3.40939724e-01
1.36409200e+10	3.00395840e-01	3.30145923e-01
1.36411000e+10	3.29574254e-01	3.20565808e-01
1.36412800e+10	3.55581625e-01	3.04340349e-01
1.36414600e+10	3.80736574e-01	2.84642846e-01
1.36416400e+10	4.06013428e-01	2.61925152e-01
1.36418200e+10	4.28294328e-01	2.36209844e-01
1.36420000e+10	4.47494081e-01	2.06766350e-01
1.36421800e+10	4.59107775e-01	1.73416462e-01
1.36423600e+10	4.67519124e-01	1.39444029e-01
1.36425400e+10	4.73436627e-01	1.05642151e-01
1.36427200e+10	4.68836823e-01	7.10791269e-02
1.36429000e+10	4.66937880e-01	3.88256830e-02
1.36430800e+10	4.56992963e-01	8.55860891e-03
1.36432600e+10	4.49605048e-01	-1.94702146e-02
1.36434400e+10	4.35392685e-01	-4.48357308e-02
1.36436200e+10	4.17599711e-01	-6.66992581e-02
1.36438000e+10	4.02713936e-01	-8.64787280e-02
1.36439800e+10	3.83110841e-01	-1.02370345e-01
1.36441600e+10	3.63541930e-01	-1.15619142e-01
1.36443400e+10	3.45637127e-01	-1.26873420e-01
1.36445200e+10	3.28042608e-01	-1.35951930e-01
1.36447000e+10	3.14122156e-01	-1.44556378e-01
1.36448800e+10	2.96577968e-01	-1.49757329e-01
1.36450600e+10	2.82428876e-01	-1.54688005e-01
1.36452400e+10	2.68607335e-01	-1.58499777e-01
1.36454200e+10	2.54803346e-01	-1.60770957e-01
1.36456000e+10	2.40556533e-01	-1.61338947e-01
1.36457800e+10	2.27315955e-01	-1.61283703e-01
1.36459600e+10	2.16899192e-01	-1.61982289e-01
1.36461400e+10	2.05458623e-01	-1.61235136e-01
1.36463200e+10	1.95592258e-01	-1.60610082e-01
1.36465000e+10	1.86335463e-01	-1.59729215e-01
1.36466800e+10	1.78369858e-01	-1.58981187e-01
1.36468600e+10	1.71023970e-01	-1.58347075e-01
1.36470400e+10	1.61778213e-01	-1.55167976e-01
1.36472200e+10	1.55172514e-01	-1.53914848e-01
1.36474000e+10	1.48449491e-01	-1.52304253e-01
1.36475800e+10	1.41406403e-01	-1.49479966e-01
1.36477600e+10	1.35673427e-01	-1.47784755e-01
1.36479400e+10	1.29336122e-01	-1.44790033e-01
1.36481200e+10	1.25435182e-01	-1.44284645e-01
1.36483000e+10	1.20016609e-01	-1.41716141e-01
1.36484800e+10	1.14912054e-01	-1.39041479e-01
1.36486600e+10	1.11025252e-01	-1.37735468e-01
1.36488400e+10	1.06490896e-01	-1.35266084e-01
1.36490200e+10	1.02467806e-01	-1.33246315e-01
1.36492000e+10	9.84698093e-02	-1.30824316e-01
1.36493800e+10	9.50182014e-02	-1.29125404e-01
1.36495600e+10	9.23579631e-02	-1.28016288e-01
1.36497400e+10	8.87965809e-02	-1.25512400e-01
1.36499200e+10	8.59640250e-02	-1.24032200e-01
1.36501000e+10	8.27497992e-02	-1.21631743e-01
1.36502800e+10	8.00316003e-02	-1.20230318e-01
1.36504600e+10	7.70012103e-02	-1.17622254e-01
1.36506400e+10	7.43635195e-02	-1.15647588e-01
1.36508200e+10	7.23251611e-02	-1.14580470e-01
1.36510000e+10	7.01367849e-02	-1.13030725e-01
1.36511800e+10	6.81902968e-02	-1.11639975e-01
1.36513600e+10	6.63074728e-02	-1.10429527e-01
1.36515400e+10	6.41146236e-02	-1.08696441e-01
1.36517200e+10	6.25213745e-02	-1.07481599e-01
1.36519000e+10	5.97517236e-02	-1.04747280e-01
1.36520800e+10	5.83254969e-02	-1.03554013e-01
1.36522600e+10	5.65248598e-02	-1.01943210e-01
1.36524400e+10	5.49730886e-02	-1.00658968e-01
1.36526200e+10	5.36156413e-02	-9.95002694e-02
1.36528000e+10	5.22201533e-02	-9.84480565e-02
1.36529800e+10	5.10959987e-02	-9.77401462e-02
1.36531600e+10	4.95492262e-02	-9.61414481e-02
1.36533400e+10	4.80299190e-02	-9.44271255e-02
1.36535200e+10	4.67095534e-02	-9.34511366e-02
1.36537000e+10	4.54081355e-02	-9.19481570e-02
1.36538800e+10	4.42270814e-02	-9.09629058e-02
1.36540600e+10	4.28672875e-02	-8.92766653e-02
1.36542400e+10	4.23086783e-02	-8.89641322e-02
1.36544200e+10	4.11305998e-02	-8.79426439e-02
1.36546000e+10	3.99477243e-02	-8.66270472e-02
1.36547800e+10	3.89512588e-02	-8.56611915e-02
1.36549600e+10	3.80127294e-02	-8.44476431e-02
1.36551400e+10	3.72874419e-02	-8.38976509e-02
1.36553200e+10	3.60564832e-02	-8.24101964e-02
1.36555000e+10	3.51536405e-02	-8.13438840e-02
1.36556800e+10	3.46765689e-02	-8.12004599e-02
1.36558600e+10	3.36715019e-02	-7.97857504e-02
1.36560400e+10	3.29688008e-02	-7.90979261e-02
1.36562200e+10	3.20005831e-02	-7.79003102e-02
1.36564000e+10	3.13160868e-02	-7.71443575e-02
1.36565800e+10	3.07412317e-02	-7.65608815e-02
1.36567600e+10	2.96605078e-02	-7.49876545e-02
1.36569400e+10	2.91373015e-02	-7.46194832e-02
1.36571200e+10	2.84955614e-02	-7.40304547e-02
1.36573000e+10	2.79444383e-02	-7.34289073e-02
1.36574800e+10	2.72259537e-02	-7.26636638e-02
1.36576600e+10	2.67378168e-02	-7.18144235e-02
1.36578400e+10	2.61766111e-02	-7.14328337e-02
1.36580200e+10	2.55457155e-02	-7.03065820e-02
1.36582000e+10	2.47710092e-02	-6.92191882e-02
1.36583800e+10	2.42186392e-02	-6.84862966e-02
1.36585600e+10	2.37388397e-02	-6.79144690e-02
1.36587400e+10	2.32841163e-02	-6.74593351e-02
1.36589200e+10	2.27094523e-02	-6.64958104e-02
1.36591000e+10	2.24351970e-02	-6.66976864e-02
1.36592800e+10	2.19461592e-02	-6.59186740e-02
1.36594600e+10	2.14850785e-02	-6.52788582e-02
1.36596400e+10	2.08497947e-02	-6.43626749e-02
1.36598200e+10	2.03807532e-02	-6.35087574e-02
1.36600000e+10	2.00362121e-02	-6.31174857e-02
1.36601800e+10	1.94344990e-02	-6.22730363e-02
1.36603600e+10	1.90513328e-02	-6.16796631e-02
1.36605400e+10	1.87875229e-02	-6.16335499e-02
1.36607200e+10	1.82908886e-02	-6.09518270e-02
1.36609000e+10	1.80202689e-02	-6.06310118e-02
1.36610800e+10	1.75223056e-02	-5.97330390e-02
1.36612600e+10	1.72490293e-02	-5.95279766e-02
1.36614400e+10	1.68277524e-02	-5.87083869e-02
1.36616200e+10	1.63904460e-02	-5.81231058e-02
1.36618000e+10	1.61150686e-02	-5.76769996e-02
1.36619800e+10	1.57734101e-02	-5.72988612e-02
1.36621600e+10	1.54916455e-02	-5.69965124e-02
1.36623400e+10	1.50636643e-02	-5.63403120e-02
1.36625200e+10	1.48337563e-02	-5.58644435e-02
1.36627000e+10	1.45357575e-02	-5.56889053e-02
1.36628800e+10	1.40779489e-02	-5.46206844e-02
1.36630600e+10	1.38781574e-02	-5.45049379e-02
1.36632400e+10	1.34900232e-02	-5.38852969e-02
1.36634200e+10	1.34052940e-02	-5.38613183e-02
1.36636000e+10	1.31102980e-02	-5.34591263e-02
1.36637800e+10	1.27501729e-02	-5.27129782e-02
1.36639600e+10	1.25299887e-02	-5.27924789e-02
1.36641400e+10	1.22040135e-02	-5.20060700e-02
1.36643200e+10	1.18386720e-02	-5.13542418e-02
1.36645000e+10	1.16353239e-02	-5.09540378e-02
1.36646800e+10	1.13735496e-02	-5.04914698e-02
1.36648600e+10	1.11989451e-02	-5.05883870e-02
1.36650400e+10	1.10073113e-02	-4.99324352e-02
1.36652200e+10	1.07649506e-02	-4.97267087e-02
1.36654000e+10	1.04902221e-02	-4.95581914e-02
1.36655800e+10	1.03925922e-02	-4.92089044e-02
1.36657600e+10	1.00448275e-02	-4.86933612e-02
1.36659400e+10	9.72034383e-03	-4.80050371e-02
1.36661200e+10	9.59868744e-03	-4.79303627e-02
1.36663000e+10	9.34164853e-03	-4.73743226e-02
1.36664800e+10	9.11933805e-03	-4.70405147e-02
1.36666600e+10	8.89876025e-03	-4.67558053e-02
1.36668400e+10	8.79159088e-03	-4.66198162e-02
1.36670200e+10	8.65039310e-03	-4.65943020e-02
1.36672000e+10	8.40037165e-03	-4.58606444e-02
1.36673800e+10	8.15308022e-03	-4.57486584e-02
1.36675600e+10	7.99128702e-03	-4.55088793e-02
1.36677400e+10	7.69830801e-03	-4.48449187e-02
1.36679200e+10	7.59377900e-03	-4.45665715e-02
1.36681000e+10	7.42402518e-03	-4.40351443e-02
1.36682800e+10	7.33720770e-03	-4.42505981e-02
1.36684600e+10	7.13628309e-03	-4.38407030e-02
1.36686400e+10	6.87511102e-03	-4.34230579e-02
1.36688200e+10	6.76638627e-03	-4.33673579e-02
1.36690000e+10	6.54980620e-03	-4.30022984e-02
1.36691800e+10	6.38921891e-03	-4.26606382e-02
1.36693600e+10	6.25327864e-03	-4.23545386e-02
1.36695400e+10	6.05395576e-03	-4.20467662e-02
1.36697200e+10	5.95453601e-03	-4.20831687e-02
1.36699000e+10	5.80670429e-03	-4.16711998e-02
1.36700800e+10	5.66878050e-03	-4.15579666e-02
1.36702600e+10	5.52494548e-03	-4.11204438e-02
1.36704400e+10	5.39121432e-03	-4.09843013e-02
1.36706200e+10	5.17640212e-03	-4.04321477e-02
1.36708000e+10	5.05604397e-03	-4.00821439e-02
1.36709800e+10	4.89189774e-03	-4.00360553e-02
1.36711600e+10	4.78419720e-03	-3.98011922e-02
1.36713400e+10	4.66011622e-03	-3.96776641e-02
1.36715200e+10	4.44017843e-03	-3.95817206e-02
1.36717000e+10	4.39799653e-03	-3.92232948e-02
1.36718800e+10	4.29075696e-03	-3.92023115e-02
1.36720600e+10	4.05774344e-03	-3.84290409e-02
1.36722400e+10	4.00882660e-03	-3.83558085e-02
1.36724200e+10	3.92193265e-03	-3.80399503e-02
1.36726000e+10	3.81791037e-03	-3.78437042e-02
1.36727800e+10	3.57045099e-03	-3.76729337e-02
1.36729600e+10	3.52854807e-03	-3.76061080e-02
1.36731400e+10	3.40937336e-03	-3.75794533e-02
1.36733200e+10	3.27589263e-03	-3.72945493e-02
1.36735000e+10	3.21311772e-03	-3.69277500e-02
1.36736800e+10	3.03854105e-03	-3.67270564e-02
1.36738600e+10	2.93850684e-03	-3.64841929e-02
1.36740400e+10	2.84203703e-03	-3.63208224e-02
1.36742200e+10	2.68755959e-03	-3.58373160e-02
1.36744000e+10	2.59767359e-03	-3.59809757e-02
1.36745800e+10	2.51522280e-03	-3.57434775e-02
1.36747600e+10	2.44021678e-03	-3.54483329e-02
1.36749400e+10	2.37114446e-03	-3.54048879e-02
1.36751200e+10	2.23519048e-03	-3.51501758e-02
1.36753000e+10	2.17369487e-03	-3.50379230e-02
1.36754800e+10	2.00578823e-03	-3.46160029e-02
1.36756600e+10	1.96077220e-03	-3.44483609e-02
1.36758400e+10	1.82991835e-03	-3.45769831e-02
1.36760200e+10	1.85789301e-03	-3.41548285e-02
1.36762000e+10	1.64103935e-03	-3.41101086e-02
1.36763800e+10	1.60192557e-03	-3.38019534e-02
1.36765600e+10	1.45506290e-03	-3.36679331e-02
1.36767400e+10	1.41928782e-03	-3.35997263e-02
1.36769200e+10	1.29071335e-03	-3.30908824e-02
1.36771000e+10	1.12543776e-03	-3.31023610e-02
1.36772800e+10	1.13263709e-03	-3.29497410e-02
1.36774600e+10	1.04423758e-03	-3.28746993e-02
1.36776400e+10	9.76085519e-04	-3.27328546e-02
1.36778200e+10	8.73074764e-04	-3.25140143e-02
1.36780000e+10	7.15213039e-04	-3.25603165e-02
1.36781800e+10	7.45341352e-04	-3.21433426e-02
1.36783600e+10	6.28062063e-04	-3.18586994e-02
1.36785400e+10	4.92505192e-04	-3.16558348e-02
1.36787200e+10	4.76466572e-04	-3.15178038e-02
1.36789000e+10	4.37194779e-04	-3.14927612e-02
1.36790800e+10	3.62609922e-04	-3.11575265e-02
1.36792600e+10	2.33198780e-04	-3.13820055e-02
1.36794400e+10	1.78278423e-04	-3.12692593e-02
1.36796200e+10	7.04149065e-05	-3.10869348e-02
1.36798000e+10	4.90975653e-06	-3.07975432e-02
1.36799800e+10	-5.39826168e-05	-3.05307774e-02
1.36801600e+10	-1.22337590e-04	-3.03545809e-02
1.36803400e+10	-2.68651213e-04	-3.01439592e-02
1.36805200e+10	-2.53577058e-04	-2.99620810e-02
1.36807000e+10	-3.47204791e-04	-3.01240005e-02
1.36808800e+10	-3.84263508e-04	-2.98464438e-02
1.36810600e+10	-5.47690903e-04	-2.98719033e-02
1.36812400e+10	-6.11917724e-04	-2.95941448e-02
1.36814200e+10	-6.84429460e-04	-2.95811904e-02
1.36816000e+10	-7.66614629e-04	-2.93169029e-02
1.36817800e+10	-7.45054240e-04	-2.89934300e-02
1.36819600e+10	-8.09819093e-04	-2.90156161e-02
1.36821400e+10	-8.28975528e-04	-2.89181452e-02
1.36823200e+10	-9.83734395e-04	-2.88632452e-02
1.36825000e+10	-9.62026961e-04	-2.85657394e-02
1.36826800e+10	-1.03968893e-03	-2.85343733e-02
1.36828600e+10	-1.19041742e-03	-2.85577577e-02
1.36830400e+10	-1.14771222e-03	-2.80769555e-02
1.36832200e+10	-1.28646379e-03	-2.81037840e-02
1.36834000e+10	-1.27250457e-03	-2.79576602e-02
1.36835800e+10	-1.37634613e-03	-2.79495744e-02
1.36837600e+10	-1.46091510e-03	-2.79330028e-02
1.36839400e+10	-1.49717026e-03	-2.75567347e-02
1.36841200e+10	-1.57023542e-03	-2.77060443e-02
1.36843000e+10	-1.61781924e-03	-2.73964779e-02
1.36844800e+10	-1.64268486e-03	-2.71203573e-02
1.36846600e+10	-1.74574241e-03	-2.70695128e-02
1.36848400e+10	-1.77721544e-03	-2.68974602e-02
1.36850200e+10	-1.77514188e-03	-2.70004440e-02
1.36852000e+10	-1.87550125e-03	-2.67464991e-02
1.36853800e+10	-1.96206665e-03	-2.67436571e-02
1.36855600e+10	-2.04508116e-03	-2.67300631e-02
1.36857400e+10	-2.08212289e-03	-2.65104366e-02
1.36859200e+10	-2.07516892e-03	-2.63445082e-02
1.36861000e+10	-2.14356874e-03	-2.61433724e-02
1.36862800e+10	-2.20064449e-03	-2.61363115e-02
1.36864600e+10	-2.23700636e-03	-2.59534644e-02
1.36866400e+10	-2.29085527e-03	-2.57980432e-02
1.36868200e+10	-2.33021029e-03	-2.57380266e-02
1.36870000e+10	-2.43167611e-03	-2.58298768e-02
1.36871800e+10	-2.52133363e-03	-2.57821618e-02
1.36873600e+10	-2.47649744e-03	-2.54365113e-02
1.36875400e+10	-2.56103842e-03	-2.54766323e-02
1.36877200e+10	-2.64988259e-03	-2.54192481e-02
1.36879000e+10	-2.64078696e-03	-2.50587122e-02
1.36880800e+10	-2.64504276e-03	-2.50927644e-02
1.36882600e+10	-2.75663045e-03	-2.49078478e-02
1.36884400e+10	-2.83266689e-03	-2.49762003e-02
1.36886200e+10	-2.85264498e-03	-2.48058003e-02
1.36888000e+10	-2.88436017e-03	-2.46714091e-02
1.36889800e+10	-2.97233764e-03	-2.47091422e-02
1.36891600e+10	-2.95977209e-03	-2.45657846e-02
1.36893400e+10	-2.94267803e-03	-2.43919920e-02
1.36895200e+10	-3.02094638e-03	-2.42584565e-02
1.36897000e+10	-3.05432937e-03	-2.40959535e-02
1.36898800e+10	-3.08514564e-03	-2.42143832e-02
1.36900600e+10	-3.16693318e-03	-2.39154916e-02
1.36902400e+10	-3.24511264e-03	-2.40799739e-02
1.36904200e+10	-3.29841587e-03	-2.38546694e-02
1.36906000e+10	-3.32151423e-03	-2.38009674e-02
1.36907800e+10	-3.27082879e-03	-2.35913965e-02
1.36909600e+10	-3.34875335e-03	-2.34318898e-02
1.36911400e+10	-3.44883920e-03	-2.34828955e-02
1.36913200e+10	-3.38992085e-03	-2.33788033e-02
1.36915000e+10	-3.56672632e-03	-2.33284005e-02
1.36916800e+10	-3.59393526e-03	-2.32998142e-02
1.36918600e+10	-3.61301990e-03	-2.31274420e-02
1.36920400e+10	-3.69039954e-03	-2.32227049e-02
1.36922200e+10	-3.56956421e-03	-2.28133401e-02
1.36924000e+10	-3.75866051e-03	-2.28166055e-02
1.36925800e+10	-3.74336082e-03	-2.27304562e-02
1.36927600e+10	-3.82550471e-03	-2.25523401e-02
1.36929400e+10	-3.82684736e-03	-2.25617143e-02
1.36931200e+10	-3.87114823e-03	-2.26224159e-02
1.36933000e+10	-3.91263853e-03	-2.25861606e-02
1.36934800e+10	-3.99445672e-03	-2.23945827e-02
1.36936600e+10	-3.98444185e-03	-2.22755088e-02
1.36938400e+10	-4.04725345e-03	-2.23667523e-02
1.36940200e+10	-4.00933221e-03	-2.21010391e-02
1.36942000e+10	-4.09754565e-03	-2.20396871e-02
1.36943800e+10	-4.14931620e-03	-2.18660020e-02
1.36945600e+10	-4.22485995e-03	-2.19050486e-02
1.36947400e+10	-4.16358224e-03	-2.18684934e-02
1.36949200e+10	-4.20785796e-03	-2.16848119e-02
1.36951000e+10	-4.21187798e-03	-2.17254852e-02
1.36952800e+10	-4.28555101e-03	-2.16378773e-02
1.36954600e+10	-4.35198087e-03	-2.16604741e-02
1.36956400e+10	-4.35456208e-03	-2.13527572e-02
1.36958200e+10	-4.42532445e-03	-2.12813606e-02
1.36960000e+10	-4.46390475e-03	-2.14104502e-02
1.36961800e+10	-4.52208380e-03	-2.11242963e-02
1.36963600e+10	-4.48664746e-03	-2.11065929e-02
1.36965400e+10	-4.46208281e-03	-2.10830056e-02
1.36967200e+10	-4.50811975e-03	-2.10122513e-02
1.36969000e+10	-4.63086123e-03	-2.09921609e-02
1.36970800e+10	-4.62356646e-03	-2.07185789e-02
1.36972600e+10	-4.67353889e-03	-2.06753352e-02
1.36974400e+10	-4.61339012e-03	-2.07200398e-02
1.36976200e+10	-4.71006351e-03	-2.05709321e-02
1.36978000e+10	-4.75387443e-03	-2.06058870e-02
1.36979800e+10	-4.74394560e-03	-2.04327653e-02
1.36981600e+10	-4.90749422e-03	-2.04574689e-02
1.36983400e+10	-4.84861924e-03	-2.03666677e-02
1.36985200e+10	-4.87557105e-03	-2.01781342e-02
1.36987000e+10	-4.94171252e-03	-2.02008371e-02
1.36988800e+10	-4.89748147e-03	-2.00195540e-02
1.36990600e+10	-4.98661525e-03	-2.00492093e-02
1.36992400e+10	-4.99932574e-03	-1.99223584e-02
1.36994200e+10	-5.04791585e-03	-1.99936145e-02
1.36996000e+10	-5.07196978e-03	-1.99841454e-02
1.36997800e+10	-5.12647970e-03	-1.99174014e-02
1.36999600e+10	-5.16756653e-03	-1.97392745e-02
1.37001400e+10	-5.06283703e-03	-1.96902428e-02
1.37003200e+10	-5.10914426e-03	-1.95859762e-02
1.37005000e+10	-5.19411548e-03	-1.93239225e-02
1.37006800e+10	-5.18901012e-03	-1.93135206e-02
1.37008600e+10	-5.23125253e-03	-1.95626580e-02
1.37010400e+10	-5.29282765e-03	-1.92821650e-02
1.37012200e+10	-5.34496186e-03	-1.93821618e-02
1.37014000e+10	-5.41692874e-03	-1.92604925e-02
1.37015800e+10	-5.35053314e-03	-1.92479411e-02
1.37017600e+10	-5.39463075e-03	-1.90746298e-02
1.37019400e+10	-5.42099081e-03	-1.89231342e-02
1.37021200e+10	-5.42078866e-03	-1.88934716e-02
1.37023000e+10	-5.52098563e-03	-1.89210353e-02
1.37024800e+10	-5.49820463e-03	-1.87867726e-02
1.37026600e+10	-5.46790772e-03	-1.87478717e-02
1.37028400e+10	-5.52143371e-03	-1.87575470e-02
1.37030200e+10	-5.60225766e-03	-1.88020851e-02
1.37032000e+10	-5.59462942e-03	-1.83785445e-02
1.37033800e+10	-5.65345349e-03	-1.85263024e-02
1.37035600e+10	-5.65411322e-03	-1.85385259e-02
1.37037400e+10	-5.69993708e-03	-1.83982839e-02
1.37039200e+10	-5.71865529e-03	-1.84559168e-02
1.37041000e+10	-5.71152848e-03	-1.83120551e-02
1.37042800e+10	-5.87226890e-03	-1.82946371e-02
1.37044600e+10	-5.78234397e-03	-1.82291422e-02
1.37046400e+10	-5.70599421e-03	-1.80346495e-02
1.37048200e+10	-5.83730043e-03	-1.79792383e-02
1.37050000e+10	-5.84172755e-03	-1.79338182e-02
1.37051800e+10	-5.84583691e-03	-1.79401419e-02
1.37053600e+10	-5.91186419e-03	-1.78282300e-02
1.37055400e+10	-5.86691374e-03	-1.78620871e-02
1.37057200e+10	-6.05554511e-03	-1.79301657e-02
1.37059000e+10	-5.98448899e-03	-1.78317448e-02
1.37060800e+10	-5.96433765e-03	-1.76639173e-02
1.37062600e+10	-6.03483843e-03	-1.75206243e-02
1.37064400e+10	-6.09571007e-03	-1.75874135e-02
1.37066200e+10	-6.02884799e-03	-1.75466717e-02
1.37068000e+10	-6.10090186e-03	-1.73378449e-02
1.37069800e+10	-6.13511572e-03	-1.73484276e-02
1.37071600e+10	-6.22743137e-03	-1.74451818e-02
1.37073400e+10	-6.22160928e-03	-1.72960298e-02
1.37075200e+10	-6.21285353e-03	-1.72538677e-02
1.37077000e+10	-6.31377839e-03	-1.72911011e-02
1.37078800e+10	-6.27687724e-03	-1.72255316e-02
1.37080600e+10	-6.28183257e-03	-1.69611965e-02
1.37082400e+10	-6.24267171e-03	-1.70631943e-02
1.37084200e+10	-6.27273933e-03	-1.68751962e-02
1.37086000e+10	-6.42323272e-03	-1.70681366e-02
1.37087800e+10	-6.40686661e-03	-1.69236240e-02
1.37089600e+10	-6.35795539e-03	-1.68139973e-02
1.37091400e+10	-6.48218635e-03	-1.69053203e-02
1.37093200e+10	-6.44796652e-03	-1.67898770e-02
1.37095000e+10	-6.48236710e-03	-1.67096773e-02
1.37096800e+10	-6.44800058e-03	-1.66090073e-02
1.37098600e+10	-6.52613928e-03	-1.65702963e-02
1.37100400e+10	-6.56714623e-03	-1.66380057e-02
1.37102200e+10	-6.53773090e-03	-1.64481739e-02
1.37104000e+10	-6.63054347e-03	-1.64766844e-02
1.37105800e+10	-6.66873162e-03	-1.64612668e-02
1.37107600e+10	-6.73217890e-03	-1.64129984e-02
1.37109400e+10	-6.64311113e-03	-1.62096371e-02
1.37111200e+10	-6.59555953e-03	-1.62342850e-02
1.37113000e+10	-6.78058931e-03	-1.62114410e-02
1.37114800e+10	-6.73629434e-03	-1.61944230e-02
1.37116600e+10	-6.75794422e-03	-1.60878479e-02
1.37118400e+10	-6.83346280e-03	-1.61834480e-02
1.37120200e+10	-6.83348903e-03	-1.61272897e-02
1.37122000e+10	-6.84905458e-03	-1.60524548e-02
1.37123800e+10	-6.78431909e-03	-1.58507031e-02
1.37125600e+10	-6.85654177e-03	-1.59017704e-02
1.37127400e+10	-6.85078063e-03	-1.58194449e-02
1.37129200e+10	-6.86407434e-03	-1.56876053e-02
1.37131000e+10	-6.87457879e-03	-1.58001190e-02
1.37132800e+10	-6.99005574e-03	-1.57537479e-02
1.37134600e+10	-7.03994263e-03	-1.58081712e-02
1.37136400e+10	-7.00531775e-03	-1.56923215e-02
1.37138200e+10	-6.97801009e-03	-1.55635794e-02
1.37140000e+10	-7.00384862e-03	-1.56666932e-02
1.37141800e+10	-7.07903521e-03	-1.55231135e-02
1.37143600e+10	-7.10197621e-03	-1.53684704e-02
1.37145400e+10	-7.07767596e-03	-1.53348004e-02
1.37147200e+10	-7.14059549e-03	-1.53548547e-02
1.37149000e+10	-7.19739231e-03	-1.54252762e-02
1.37150800e+10	-7.16981053e-03	-1.52153790e-02
1.37152600e+10	-7.18106146e-03	-1.52351660e-02
1.37154400e+10	-7.19221933e-03	-1.51882987e-02
1.37156200e+10	-7.27809341e-03	-1.51780340e-02
1.37158000e+10	-7.15369256e-03	-1.50235102e-02
1.37159800e+10	-7.22707314e-03	-1.49930269e-02
1.37161600e+10	-7.27971508e-03	-1.50283510e-02
1.37163400e+10	-7.28769064e-03	-1.49925271e-02
1.37165200e+10	-7.36342357e-03	-1.49499902e-02
1.37167000e+10	-7.37485317e-03	-1.48985968e-02
1.37168800e+10	-7.40994385e-03	-1.48877688e-02
1.37170600e+10	-7.39631452e-03	-1.49558767e-02
1.37172400e+10	-7.34550382e-03	-1.45704140e-02
1.37174200e+10	-7.47064447e-03	-1.46734755e-02
1.37176000e+10	-7.42203834e-03	-1.47051112e-02
1.37177800e+10	-7.44405234e-03	-1.46605872e-02
1.37179600e+10	-7.52821483e-03	-1.45578175e-02
1.37181400e+10	-7.51869536e-03	-1.46618487e-02
1.37183200e+10	-7.54345835e-03	-1.45626250e-02
1.37185000e+10	-7.55383725e-03	-1.45478598e-02
1.37186800e+10	-7.52713489e-03	-1.43771473e-02
1.37188600e+10	-7.55912935e-03	-1.44030966e-02
1.37190400e+10	-7.64263696e-03	-1.42631194e-02
1.37192200e+10	-7.59206913e-03	-1.42579117e-02
1.37194000e+10	-7.65668174e-03	-1.41480035e-02
1.37195800e+10	-7.69389640e-03	-1.43392708e-02
1.37197600e+10	-7.75663030e-03	-1.41670333e-02
1.37199400e+10	-7.74967767e-03	-1.41625810e-02
1.37201200e+10	-7.69466308e-03	-1.41362643e-02
1.37203000e+10	-7.73366970e-03	-1.40339854e-02
1.37204800e+10	-7.67475028e-03	-1.40256711e-02
1.37206600e+10	-7.72635801e-03	-1.38721199e-02
1.37208400e+10	-7.75104430e-03	-1.38126310e-02
1.37210200e+10	-7.78012845e-03	-1.39640510e-02
1.37212000e+10	-7.80162861e-03	-1.38343336e-02
1.37213800e+10	-7.88787751e-03	-1.38698816e-02
1.37215600e+10	-7.93681697e-03	-1.38571986e-02
1.37217400e+10	-7.97301928e-03	-1.37684232e-02
1.37219200e+10	-7.94552691e-03	-1.36774784e-02
1.37221000e+10	-7.89282745e-03	-1.35668553e-02
1.37222800e+10	-7.81269598e-03	-1.36650988e-02
1.37224600e+10	-7.87468820e-03	-1.36309730e-02
1.37226400e+10	-7.93061526e-03	-1.35568708e-02
1.37228200e+10	-8.03125569e-03	-1.35370927e-02
1.37230000e+10	-8.01166923e-03	-1.35655505e-02
1.37231800e+10	-8.20144175e-03	-1.35708003e-02
1.37233600e+10	-7.95697317e-03	-1.34105109e-02
1.37235400e+10	-7.98813724e-03	-1.34205069e-02
1.37237200e+10	-8.13461372e-03	-1.33193183e-02
1.37239000e+10	-8.06651823e-03	-1.33328412e-02
1.37240800e+10	-8.12646287e-03	-1.32782987e-02
1.37242600e+10	-8.14739602e-03	-1.32124545e-02
1.37244400e+10	-8.27631745e-03	-1.32732388e-02
1.37246200e+10	-8.23898916e-03	-1.31881298e-02
1.37248000e+10	-8.16396033e-03	-1.30515806e-02
1.37249800e+10	-8.22235751e-03	-1.30961718e-02
1.37251600e+10	-8.18771045e-03	-1.29420418e-02
1.37253400e+10	-8.23589290e-03	-1.29935056e-02
1.37255200e+10	-8.30380217e-03	-1.29856100e-02
1.37257000e+10	-8.23624578e-03	-1.29294851e-02
1.37258800e+10	-8.34842459e-03	-1.29947355e-02
1.37260600e+10	-8.32537269e-03	-1.30215559e-02
1.37262400e+10	-8.36582213e-03	-1.29133032e-02
1.37264200e+10	-8.31541089e-03	-1.27850508e-02
1.37266000e+10	-8.37897061e-03	-1.27474691e-02
1.37267800e+10	-8.34415933e-03	-1.27115808e-02
1.37269600e+10	-8.40293474e-03	-1.26136833e-02
1.37271400e+10	-8.42832990e-03	-1.27081579e-02
1.37273200e+10	-8.54530523e-03	-1.27477747e-02
1.37275000e+10	-8.58450763e-03	-1.26769172e-02
1.37276800e+10	-8.59046592e-03	-1.26065534e-02
1.37278600e+10	-8.50833695e-03	-1.26293966e-02
1.37280400e+10	-8.55059480e-03	-1.25337322e-02
1.37282200e+10	-8.49029086e-03	-1.23973743e-02
1.37284000e+10	-8.57706821e-03	-1.24640342e-02
1.37285800e+10	-8.53259327e-03	-1.23145454e-02
1.37287600e+10	-8.59478273e-03	-1.24285012e-02
1.37289400e+10	-8.68232646e-03	-1.23911920e-02
1.37291200e+10	-8.68027390e-03	-1.22927791e-02
1.37293000e+10	-8.79854560e-03	-1.23321105e-02
1.37294800e+10	-8.73377757e-03	-1.23371775e-02
1.37296600e+10	-8.68818498e-03	-1.21141294e-02
1.37298400e+10	-8.78020946e-03	-1.21616810e-02
1.37300200e+10	-8.79355462e-03	-1.21489729e-02
1.37302000e+10	-8.73906732e-03	-1.21478548e-02
1.37303800e+10	-8.65158773e-03	-1.20527262e-02
1.37305600e+10	-8.78824263e-03	-1.20827563e-02
1.37307400e+10	-8.76102684e-03	-1.20402102e-02
1.37309200e+10	-8.86808906e-03	-1.19873290e-02
1.37311000e+10	-8.83155072e-03	-1.19462130e-02
1.37312800e+10	-8.91664406e-03	-1.18625508e-02
1.37314600e+10	-8.91588901e-03	-1.18557430e-02
1.37316400e+10	-8.83585826e-03	-1.18882797e-02
1.37318200e+10	-8.88180726e-03	-1.17479096e-02
1.37320000e+10	-9.01961783e-03	-1.19114180e-02
