# Frequency	I_corrected	Q_corrected
7.21500000e+09	2.75695095e-03	-1.87114917e-03
7.21515000e+09	2.72238993e-03	-1.95411384e-03
7.21530000e+09	2.68856837e-03	-1.92629656e-03
7.21545000e+09	2.67980491e-03	-1.92668130e-03
7.21560000e+09	2.73748893e-03	-1.96454194e-03
7.21575000e+09	2.73368992e-03	-1.92912612e-03
7.21590000e+09	2.69103226e-03	-1.94773346e-03
7.21605000e+09	2.68116955e-03	-1.90778601e-03
7.21620000e+09	2.65653473e-03	-1.97944225e-03
7.21635000e+09	2.70904627e-03	-1.97990607e-03
7.21650000e+09	2.62616396e-03	-1.98717985e-03
7.21665000e+09	2.66874220e-03	-2.03032124e-03
7.21680000e+09	2.63035542e-03	-2.03778012e-03
7.21695000e+09	2.59361802e-03	-1.99033436e-03
7.21710000e+09	2.54536400e-03	-2.05499685e-03
7.21725000e+09	2.65064141e-03	-2.08207648e-03
7.21740000e+09	2.56203181e-03	-2.05687988e-03
7.21755000e+09	2.53612720e-03	-2.06912943e-03
7.21770000e+09	2.57360211e-03	-2.11324650e-03
7.21785000e+09	2.53025545e-03	-2.13324063e-03
7.21800000e+09	2.55161739e-03	-2.06880616e-03
7.21815000e+09	2.54154156e-03	-2.08007585e-03
7.21830000e+09	2.50255087e-03	-2.13274779e-03
7.21845000e+09	2.50745275e-03	-2.08319086e-03
7.21860000e+09	2.47046211e-03	-2.11670402e-03
7.21875000e+09	2.51311862e-03	-2.15578157e-03
7.21890000e+09	2.49205025e-03	-2.15964589e-03
7.21905000e+09	2.46156642e-03	-2.22070662e-03
7.21920000e+09	2.46716213e-03	-2.15405253e-03
7.21935000e+09	2.45683566e-03	-2.19869936e-03
7.21950000e+09	2.42852864e-03	-2.20034507e-03
7.21965000e+09	2.40579643e-03	-2.19623055e-03
7.21980000e+09	2.34210068e-03	-2.21558350e-03
7.21995000e+09	2.39382794e-03	-2.22660979e-03
7.22010000e+09	2.40592045e-03	-2.24234648e-03
7.22025000e+09	2.40636552e-03	-2.26777100e-03
7.22040000e+09	2.32349154e-03	-2.25289466e-03
7.22055000e+09	2.35789460e-03	-2.28652775e-03
7.22070000e+09	2.34647834e-03	-2.28560658e-03
7.22085000e+09	2.32786204e-03	-2.26763047e-03
7.22100000e+09	2.34798385e-03	-2.33754084e-03
7.22115000e+09	2.28344593e-03	-2.31651583e-03
7.22130000e+09	2.31101508e-03	-2.28750464e-03
7.22145000e+09	2.35473252e-03	-2.31110974e-03
7.22160000e+09	2.31868006e-03	-2.26511889e-03
7.22175000e+09	2.24754503e-03	-2.30740568e-03
7.22190000e+09	2.23849217e-03	-2.33841201e-03
7.22205000e+09	2.29407665e-03	-2.38454941e-03
7.22220000e+09	2.28274338e-03	-2.41934669e-03
7.22235000e+09	2.25056261e-03	-2.39210979e-03
7.22250000e+09	2.25423331e-03	-2.37433997e-03
7.22265000e+09	2.22259952e-03	-2.39351861e-03
7.22280000e+09	2.20724368e-03	-2.38637673e-03
7.22295000e+09	2.17826344e-03	-2.36231538e-03
7.22310000e+09	2.22274337e-03	-2.41025390e-03
7.22325000e+09	2.20495528e-03	-2.41667094e-03
7.22340000e+09	2.22104094e-03	-2.41688812e-03
7.22355000e+09	2.21357042e-03	-2.44872013e-03
7.22370000e+09	2.20855575e-03	-2.44088056e-03
7.22385000e+09	2.20120148e-03	-2.44985680e-03
7.22400000e+09	2.17029356e-03	-2.44515270e-03
7.22415000e+09	2.14385498e-03	-2.47787545e-03
7.22430000e+09	2.11746833e-03	-2.44131427e-03
7.22445000e+09	2.09236407e-03	-2.48824286e-03
7.22460000e+09	2.07289829e-03	-2.48065038e-03
7.22475000e+09	2.04801363e-03	-2.47129998e-03
7.22490000e+09	2.06635656e-03	-2.42919892e-03
7.22505000e+09	2.07162370e-03	-2.50627835e-03
7.22520000e+09	2.04285315e-03	-2.50947130e-03
7.22535000e+09	2.08054643e-03	-2.53817230e-03
7.22550000e+09	2.05425062e-03	-2.50164448e-03
7.22565000e+09	2.04104833e-03	-2.50389226e-03
7.22580000e+09	2.01504693e-03	-2.54742520e-03
7.22595000e+09	2.01678644e-03	-2.51790247e-03
7.22610000e+09	1.96868523e-03	-2.57267682e-03
7.22625000e+09	1.99349414e-03	-2.59719495e-03
7.22640000e+09	1.99856616e-03	-2.61048545e-03
7.22655000e+09	2.01923430e-03	-2.61323136e-03
7.22670000e+09	2.03150308e-03	-2.54631763e-03
7.22685000e+09	1.96130408e-03	-2.61269868e-03
7.22700000e+09	1.92978181e-03	-2.60118658e-03
7.22715000e+09	1.90993011e-03	-2.60098659e-03
7.22730000e+09	1.90727058e-03	-2.61401482e-03
7.22745000e+09	1.88708412e-03	-2.63391699e-03
7.22760000e+09	1.91065025e-03	-2.59378371e-03
7.22775000e+09	1.96196272e-03	-2.63488299e-03
7.22790000e+09	1.86875987e-03	-2.63931047e-03
7.22805000e+09	1.86211252e-03	-2.68774417e-03
7.22820000e+09	1.88418399e-03	-2.66362107e-03
7.22835000e+09	1.88354423e-03	-2.64790541e-03
7.22850000e+09	1.88420199e-03	-2.67491247e-03
7.22865000e+09	1.81314339e-03	-2.71533669e-03
7.22880000e+09	1.83674440e-03	-2.69666479e-03
7.22895000e+09	1.76291786e-03	-2.67300467e-03
7.22910000e+09	1.83461622e-03	-2.62923758e-03
7.22925000e+09	1.81228921e-03	-2.63211958e-03
7.22940000e+09	1.79398392e-03	-2.73056904e-03
7.22955000e+09	1.78966389e-03	-2.70972004e-03
7.22970000e+09	1.68571177e-03	-2.67116196e-03
7.22985000e+09	1.75134624e-03	-2.69656999e-03
7.23000000e+09	1.78919328e-03	-2.74037558e-03
7.23015000e+09	1.69971377e-03	-2.72061854e-03
7.23030000e+09	1.74612753e-03	-2.74292972e-03
7.23045000e+09	1.70331250e-03	-2.72482625e-03
7.23060000e+09	1.66273294e-03	-2.73576807e-03
7.23075000e+09	1.70841163e-03	-2.73661331e-03
7.23090000e+09	1.71265691e-03	-2.76368862e-03
7.23105000e+09	1.71177296e-03	-2.78688172e-03
7.23120000e+09	1.65273698e-03	-2.75632858e-03
7.23135000e+09	1.66154946e-03	-2.78200920e-03
7.23150000e+09	1.67289900e-03	-2.82822435e-03
7.23165000e+09	1.67217294e-03	-2.86052229e-03
7.23180000e+09	1.63595956e-03	-2.76215324e-03
7.23195000e+09	1.58378513e-03	-2.75773120e-03
7.23210000e+09	1.59191379e-03	-2.82983154e-03
7.23225000e+09	1.60832634e-03	-2.82564111e-03
7.23240000e+09	1.57951282e-03	-2.79726443e-03
7.23255000e+09	1.54006443e-03	-2.81992891e-03
7.23270000e+09	1.55245943e-03	-2.83608345e-03
7.23285000e+09	1.55203874e-03	-2.82204696e-03
7.23300000e+09	1.51602020e-03	-2.82089679e-03
7.23315000e+09	1.53472653e-03	-2.80849037e-03
7.23330000e+09	1.43010962e-03	-2.87536814e-03
7.23345000e+09	1.46851182e-03	-2.90238054e-03
7.23360000e+09	1.42933853e-03	-2.85407778e-03
7.23375000e+09	1.45484546e-03	-2.85756464e-03
7.23390000e+09	1.42842442e-03	-2.88720405e-03
7.23405000e+09	1.42919682e-03	-2.87521515e-03
7.23420000e+09	1.38908911e-03	-2.91634530e-03
7.23435000e+09	1.43124794e-03	-2.89490882e-03
7.23450000e+09	1.35624573e-03	-2.89101921e-03
7.23465000e+09	1.41371753e-03	-2.91283660e-03
7.23480000e+09	1.35825735e-03	-2.90881719e-03
7.23495000e+09	1.37566665e-03	-2.96939624e-03
7.23510000e+09	1.29428852e-03	-2.93646789e-03
7.23525000e+09	1.35846890e-03	-2.97024273e-03
7.23540000e+09	1.30490127e-03	-2.91019987e-03
7.23555000e+09	1.30144622e-03	-2.95708197e-03
7.23570000e+09	1.27043779e-03	-2.90272430e-03
7.23585000e+09	1.26797994e-03	-2.97112092e-03
7.23600000e+09	1.31297984e-03	-2.92244646e-03
7.23615000e+09	1.24797003e-03	-3.01555569e-03
7.23630000e+09	1.24596082e-03	-2.91552705e-03
7.23645000e+09	1.24700383e-03	-3.00113595e-03
7.23660000e+09	1.17301209e-03	-2.94932760e-03
7.23675000e+09	1.29004776e-03	-2.99637558e-03
7.23690000e+09	1.16579697e-03	-2.93278255e-03
7.23705000e+09	1.17026198e-03	-2.91554425e-03
7.23720000e+09	1.16493087e-03	-2.93760908e-03
7.23735000e+09	1.19678116e-03	-3.02174480e-03
7.23750000e+09	1.12407584e-03	-3.01499763e-03
7.23765000e+09	1.13327914e-03	-3.00119594e-03
7.23780000e+09	1.15862573e-03	-3.01927862e-03
7.23795000e+09	1.09538025e-03	-3.02522010e-03
7.23810000e+09	1.07541097e-03	-2.99024705e-03
7.23825000e+09	1.14149415e-03	-3.03548617e-03
7.23840000e+09	1.09042071e-03	-2.98432902e-03
7.23855000e+09	1.12793850e-03	-3.00950156e-03
7.23870000e+09	1.03760514e-03	-3.02235167e-03
7.23885000e+09	1.05070639e-03	-3.03852984e-03
7.23900000e+09	1.03681912e-03	-3.04294272e-03
7.23915000e+09	1.01943949e-03	-2.98144385e-03
7.23930000e+09	1.00913454e-03	-3.06658363e-03
7.23945000e+09	1.00746582e-03	-3.07552720e-03
7.23960000e+09	9.80810598e-04	-3.06672673e-03
7.23975000e+09	9.86820584e-04	-3.00850975e-03
7.23990000e+09	1.00371035e-03	-3.08673490e-03
7.24005000e+09	9.46879509e-04	-3.04512557e-03
7.24020000e+09	9.42595730e-04	-3.03802127e-03
7.24035000e+09	9.55240027e-04	-2.99811781e-03
7.24050000e+09	9.46196077e-04	-3.07889698e-03
7.24065000e+09	9.43814409e-04	-3.05572779e-03
7.24080000e+09	9.35652761e-04	-3.04246148e-03
7.24095000e+09	9.29222210e-04	-3.07327033e-03
7.24110000e+09	9.02349175e-04	-3.04819768e-03
7.24125000e+09	8.61315862e-04	-3.01324426e-03
7.24140000e+09	8.87161083e-04	-3.03804437e-03
7.24155000e+09	8.35716474e-04	-2.99995624e-03
7.24170000e+09	8.62964291e-04	-3.07617413e-03
7.24185000e+09	8.72524020e-04	-3.07677605e-03
7.24200000e+09	8.99413743e-04	-3.03721925e-03
7.24215000e+09	8.94547725e-04	-3.07542102e-03
7.24230000e+09	7.98742195e-04	-3.05594514e-03
7.24245000e+09	8.45513310e-04	-3.09906882e-03
7.24260000e+09	7.85647404e-04	-3.09323274e-03
7.24275000e+09	8.10090831e-04	-3.12939888e-03
7.24290000e+09	8.39837249e-04	-3.11833759e-03
7.24305000e+09	7.98962761e-04	-3.16257953e-03
7.24320000e+09	7.32892352e-04	-3.15786595e-03
7.24335000e+09	7.53923464e-04	-3.10232956e-03
7.24350000e+09	7.40976486e-04	-3.10727332e-03
7.24365000e+09	7.15933495e-04	-3.10037439e-03
7.24380000e+09	7.47525335e-04	-3.16793673e-03
7.24395000e+09	7.29720983e-04	-3.13366464e-03
7.24410000e+09	7.21182596e-04	-3.15766297e-03
7.24425000e+09	6.96661214e-04	-3.13302478e-03
7.24440000e+09	6.40214012e-04	-3.13661761e-03
7.24455000e+09	6.64486056e-04	-3.12302894e-03
7.24470000e+09	6.02902510e-04	-3.18358444e-03
7.24485000e+09	6.70559529e-04	-3.16360566e-03
7.24500000e+09	6.25079395e-04	-3.16786314e-03
7.24515000e+09	6.28323352e-04	-3.17193281e-03
7.24530000e+09	6.22958145e-04	-3.18695447e-03
7.24545000e+09	6.17789518e-04	-3.16491535e-03
7.24560000e+09	5.69153993e-04	-3.22135452e-03
7.24575000e+09	6.10872812e-04	-3.19770629e-03
7.24590000e+09	5.92171504e-04	-3.22648362e-03
7.24605000e+09	5.94674618e-04	-3.20435910e-03
7.24620000e+09	5.35591791e-04	-3.22692763e-03
7.24635000e+09	5.41805207e-04	-3.23259427e-03
7.24650000e+09	5.72833514e-04	-3.22667957e-03
7.24665000e+09	5.04707225e-04	-3.21592616e-03
7.24680000e+09	4.87471274e-04	-3.23486152e-03
7.24695000e+09	4.61457601e-04	-3.26959144e-03
7.24710000e+09	4.87555737e-04	-3.28497520e-03
7.24725000e+09	5.03053612e-04	-3.27633576e-03
7.24740000e+09	5.40586649e-04	-3.27379551e-03
7.24755000e+09	4.06240954e-04	-3.29880030e-03
7.24770000e+09	3.78401570e-04	-3.29330424e-03
7.24785000e+09	4.26009759e-04	-3.30607780e-03
7.24800000e+09	4.03737414e-04	-3.25520452e-03
7.24815000e+09	4.55345222e-04	-3.22783024e-03
7.24830000e+09	3.73853568e-04	-3.25207565e-03
7.24845000e+09	3.31201045e-04	-3.29741933e-03
7.24860000e+09	3.39452326e-04	-3.29395997e-03
7.24875000e+09	3.15234549e-04	-3.30676343e-03
7.24890000e+09	3.86883040e-04	-3.32729885e-03
7.24905000e+09	3.04047156e-04	-3.32121254e-03
7.24920000e+09	3.24851859e-04	-3.32322758e-03
7.24935000e+09	2.75926470e-04	-3.30966875e-03
7.24950000e+09	3.13759559e-04	-3.32298010e-03
7.24965000e+09	2.64385845e-04	-3.30599133e-03
7.24980000e+09	2.16239008e-04	-3.29980172e-03
7.24995000e+09	2.38980224e-04	-3.31009142e-03
7.25010000e+09	2.36582639e-04	-3.33239369e-03
7.25025000e+09	2.00684985e-04	-3.35779734e-03
7.25040000e+09	2.00451497e-04	-3.33683083e-03
7.25055000e+09	1.95809813e-04	-3.32357837e-03
7.25070000e+09	2.30252460e-04	-3.37090428e-03
7.25085000e+09	1.98906784e-04	-3.30616137e-03
7.25100000e+09	1.20953295e-04	-3.35351920e-03
7.25115000e+09	1.07977935e-04	-3.29286331e-03
7.25130000e+09	1.24258093e-04	-3.32040791e-03
7.25145000e+09	1.16966976e-04	-3.34037890e-03
7.25160000e+09	5.87335938e-05	-3.36410155e-03
7.25175000e+09	1.08469431e-04	-3.35063188e-03
7.25190000e+09	1.03572613e-04	-3.36192986e-03
7.25205000e+09	4.71519341e-05	-3.37661130e-03
7.25220000e+09	9.29865367e-05	-3.34116794e-03
7.25235000e+09	3.96982301e-05	-3.35290064e-03
7.25250000e+09	4.32616964e-05	-3.33803858e-03
7.25265000e+09	3.93575375e-05	-3.40703200e-03
7.25280000e+09	6.30621029e-06	-3.34657606e-03
7.25295000e+09	3.78585234e-05	-3.40337834e-03
7.25310000e+09	-4.66033745e-05	-3.40194959e-03
7.25325000e+09	-7.05300244e-07	-3.42231299e-03
7.25340000e+09	-4.73740374e-05	-3.37479561e-03
7.25355000e+09	-6.80771874e-05	-3.42130582e-03
7.25370000e+09	-5.09858933e-05	-3.39273892e-03
7.25385000e+09	-4.74424631e-05	-3.39731059e-03
7.25400000e+09	-1.40607964e-04	-3.36860748e-03
7.25415000e+09	-8.18782169e-05	-3.37796741e-03
7.25430000e+09	-1.31935830e-04	-3.37548197e-03
7.25445000e+09	-1.39905911e-04	-3.37728522e-03
7.25460000e+09	-1.28447647e-04	-3.44032354e-03
7.25475000e+09	-1.48165453e-04	-3.49028258e-03
7.25490000e+09	-1.90255881e-04	-3.38600912e-03
7.25505000e+09	-1.73917867e-04	-3.42906666e-03
7.25520000e+09	-2.58209646e-04	-3.49994663e-03
7.25535000e+09	-1.76964739e-04	-3.47802101e-03
7.25550000e+09	-2.42719070e-04	-3.45282679e-03
7.25565000e+09	-2.40074553e-04	-3.47800797e-03
7.25580000e+09	-2.43605814e-04	-3.44868944e-03
7.25595000e+09	-2.71204899e-04	-3.45263416e-03
7.25610000e+09	-2.48716194e-04	-3.44832995e-03
7.25625000e+09	-2.94285741e-04	-3.43168213e-03
7.25640000e+09	-3.03210834e-04	-3.46520894e-03
7.25655000e+09	-2.96926136e-04	-3.50856882e-03
7.25670000e+09	-3.60193755e-04	-3.47944298e-03
7.25685000e+09	-3.38649377e-04	-3.51212655e-03
7.25700000e+09	-3.56032413e-04	-3.46765384e-03
7.25715000e+09	-3.96163552e-04	-3.49166315e-03
7.25730000e+09	-3.90232813e-04	-3.50703883e-03
7.25745000e+09	-4.34272122e-04	-3.48120668e-03
7.25760000e+09	-4.22865254e-04	-3.48807463e-03
7.25775000e+09	-4.24262661e-04	-3.48336573e-03
7.25790000e+09	-5.02273899e-04	-3.52564579e-03
7.25805000e+09	-4.76481305e-04	-3.55036358e-03
7.25820000e+09	-4.63329940e-04	-3.55379306e-03
7.25835000e+09	-4.84447720e-04	-3.58319646e-03
7.25850000e+09	-4.89628814e-04	-3.49076291e-03
7.25865000e+09	-5.96937435e-04	-3.54732520e-03
7.25880000e+09	-6.07300289e-04	-3.56705999e-03
7.25895000e+09	-6.30248272e-04	-3.59011876e-03
7.25910000e+09	-6.06107355e-04	-3.54697793e-03
7.25925000e+09	-6.66151335e-04	-3.52681026e-03
7.25940000e+09	-6.18178195e-04	-3.54698523e-03
7.25955000e+09	-6.16196383e-04	-3.57240000e-03
7.25970000e+09	-6.74191854e-04	-3.57704323e-03
7.25985000e+09	-6.86146490e-04	-3.58448394e-03
7.26000000e+09	-7.11663100e-04	-3.59690805e-03
7.26015000e+09	-7.44504444e-04	-3.49880128e-03
7.26030000e+09	-7.48685468e-04	-3.60848301e-03
7.26045000e+09	-7.59798815e-04	-3.55820994e-03
7.26060000e+09	-7.78068363e-04	-3.57895092e-03
7.26075000e+09	-7.96508429e-04	-3.56936948e-03
7.26090000e+09	-8.09120326e-04	-3.64670594e-03
7.26105000e+09	-8.03626203e-04	-3.65441579e-03
7.26120000e+09	-8.50975542e-04	-3.56671438e-03
7.26135000e+09	-8.59710341e-04	-3.60054040e-03
7.26150000e+09	-9.05512905e-04	-3.65791091e-03
7.26165000e+09	-9.39857536e-04	-3.59994119e-03
7.26180000e+09	-8.82162833e-04	-3.71305858e-03
7.26195000e+09	-9.23978179e-04	-3.61421357e-03
7.26210000e+09	-9.67620024e-04	-3.67280362e-03
7.26225000e+09	-1.00350626e-03	-3.62088356e-03
7.26240000e+09	-1.02359207e-03	-3.60103670e-03
7.26255000e+09	-1.00591391e-03	-3.65984635e-03
7.26270000e+09	-1.03578307e-03	-3.70025055e-03
7.26285000e+09	-1.10590773e-03	-3.64409239e-03
7.26300000e+09	-1.08431971e-03	-3.69575410e-03
7.26315000e+09	-1.07674375e-03	-3.65936444e-03
7.26330000e+09	-1.16921948e-03	-3.67688593e-03
7.26345000e+09	-1.08893593e-03	-3.64956463e-03
7.26360000e+09	-1.19140406e-03	-3.60405032e-03
7.26375000e+09	-1.18635234e-03	-3.67041301e-03
7.26390000e+09	-1.14912515e-03	-3.69790293e-03
7.26405000e+09	-1.21093482e-03	-3.66271946e-03
7.26420000e+09	-1.28475916e-03	-3.74975249e-03
7.26435000e+09	-1.27198816e-03	-3.71382229e-03
7.26450000e+09	-1.33676597e-03	-3.68603887e-03
7.26465000e+09	-1.29979537e-03	-3.73537431e-03
7.26480000e+09	-1.32731514e-03	-3.70432206e-03
7.26495000e+09	-1.29136234e-03	-3.68488962e-03
7.26510000e+09	-1.41007896e-03	-3.73603826e-03
7.26525000e+09	-1.43405887e-03	-3.77120186e-03
7.26540000e+09	-1.44935690e-03	-3.71980439e-03
7.26555000e+09	-1.40875517e-03	-3.70334027e-03
7.26570000e+09	-1.50005733e-03	-3.72778020e-03
7.26585000e+09	-1.58431462e-03	-3.75872755e-03
7.26600000e+09	-1.56120151e-03	-3.75148657e-03
7.26615000e+09	-1.55158186e-03	-3.73712301e-03
7.26630000e+09	-1.62705052e-03	-3.74171884e-03
7.26645000e+09	-1.58817613e-03	-3.80821838e-03
7.26660000e+09	-1.65362462e-03	-3.77473304e-03
7.26675000e+09	-1.65564178e-03	-3.74156786e-03
7.26690000e+09	-1.70710603e-03	-3.77076254e-03
7.26705000e+09	-1.68984459e-03	-3.74052567e-03
7.26720000e+09	-1.75639300e-03	-3.76942373e-03
7.26735000e+09	-1.77642710e-03	-3.78859660e-03
7.26750000e+09	-1.79355315e-03	-3.73304625e-03
7.26765000e+09	-1.82127718e-03	-3.82237495e-03
7.26780000e+09	-1.82520302e-03	-3.74428837e-03
7.26795000e+09	-1.89193661e-03	-3.79093038e-03
7.26810000e+09	-1.92650889e-03	-3.73147813e-03
7.26825000e+09	-1.94962472e-03	-3.82327826e-03
7.26840000e+09	-1.93021785e-03	-3.78466381e-03
7.26855000e+09	-1.98414110e-03	-3.77484756e-03
7.26870000e+09	-2.06817696e-03	-3.76504405e-03
7.26885000e+09	-2.01419509e-03	-3.82442432e-03
7.26900000e+09	-2.16697814e-03	-3.79557641e-03
7.26915000e+09	-2.12134577e-03	-3.78253166e-03
7.26930000e+09	-2.09457099e-03	-3.80750071e-03
7.26945000e+09	-2.17983413e-03	-3.79527043e-03
7.26960000e+09	-2.18921121e-03	-3.79833554e-03
7.26975000e+09	-2.23224656e-03	-3.79264848e-03
7.26990000e+09	-2.23728173e-03	-3.80545133e-03
7.27005000e+09	-2.27795606e-03	-3.79829800e-03
7.27020000e+09	-2.34908789e-03	-3.84059245e-03
7.27035000e+09	-2.32524035e-03	-3.83750704e-03
7.27050000e+09	-2.34113562e-03	-3.84572848e-03
7.27065000e+09	-2.43839401e-03	-3.89149615e-03
7.27080000e+09	-2.42716121e-03	-3.77554139e-03
7.27095000e+09	-2.53558552e-03	-3.83179751e-03
7.27110000e+09	-2.48185074e-03	-3.85787623e-03
7.27125000e+09	-2.53010115e-03	-3.80170497e-03
7.27140000e+09	-2.57663482e-03	-3.80060492e-03
7.27155000e+09	-2.63987640e-03	-3.82842975e-03
7.27170000e+09	-2.63135191e-03	-3.81810174e-03
7.27185000e+09	-2.67506642e-03	-3.82006466e-03
7.27200000e+09	-2.75113486e-03	-3.80765122e-03
7.27215000e+09	-2.79425971e-03	-3.89402722e-03
7.27230000e+09	-2.73124475e-03	-3.83985164e-03
7.27245000e+09	-2.80242031e-03	-3.88595204e-03
7.27260000e+09	-2.79885098e-03	-3.79227019e-03
7.27275000e+09	-2.89034397e-03	-3.81779698e-03
7.27290000e+09	-2.91818129e-03	-3.79649180e-03
7.27305000e+09	-2.94679550e-03	-3.84228701e-03
7.27320000e+09	-3.07428445e-03	-3.79927641e-03
7.27335000e+09	-3.09998823e-03	-3.90570101e-03
7.27350000e+09	-3.08731178e-03	-3.84829105e-03
7.27365000e+09	-3.14790021e-03	-3.80857534e-03
7.27380000e+09	-3.16241262e-03	-3.85653573e-03
7.27395000e+09	-3.26991452e-03	-3.80412403e-03
7.27410000e+09	-3.22836976e-03	-3.84377587e-03
7.27425000e+09	-3.28208822e-03	-3.87543331e-03
7.27440000e+09	-3.34437111e-03	-3.81309246e-03
7.27455000e+09	-3.37496489e-03	-3.78575167e-03
7.27470000e+09	-3.42489778e-03	-3.84832096e-03
7.27485000e+09	-3.48421371e-03	-3.81875535e-03
7.27500000e+09	-3.55124926e-03	-3.82580646e-03
7.27515000e+09	-3.59211499e-03	-3.80930816e-03
7.27530000e+09	-3.68620903e-03	-3.89315034e-03
7.27545000e+09	-3.65047519e-03	-3.87342453e-03
7.27560000e+09	-3.69709687e-03	-3.88344911e-03
7.27575000e+09	-3.72864022e-03	-3.79135672e-03
7.27590000e+09	-3.78247992e-03	-3.82638116e-03
7.27605000e+09	-3.82493065e-03	-3.75241749e-03
7.27620000e+09	-3.93827897e-03	-3.83659273e-03
7.27635000e+09	-3.94093923e-03	-3.85012795e-03
7.27650000e+09	-3.99513686e-03	-3.86345416e-03
7.27665000e+09	-4.02843515e-03	-3.84442815e-03
7.27680000e+09	-4.15027223e-03	-3.90362185e-03
7.27695000e+09	-4.19377620e-03	-3.85684621e-03
7.27710000e+09	-4.23337287e-03	-3.86490451e-03
7.27725000e+09	-4.26704586e-03	-3.79584536e-03
7.27740000e+09	-4.39647509e-03	-3.87177283e-03
7.27755000e+09	-4.41022034e-03	-3.76355157e-03
7.27770000e+09	-4.44463083e-03	-3.81076485e-03
7.27785000e+09	-4.57216802e-03	-3.83114926e-03
7.27800000e+09	-4.67988084e-03	-3.82255810e-03
7.27815000e+09	-4.67130728e-03	-3.83364127e-03
7.27830000e+09	-4.78188623e-03	-3.85873300e-03
7.27845000e+09	-4.82538972e-03	-3.85088690e-03
7.27860000e+09	-4.96603733e-03	-3.81362095e-03
7.27875000e+09	-4.94598698e-03	-3.83210718e-03
7.27890000e+09	-5.03753767e-03	-3.77570446e-03
7.27905000e+09	-5.12216265e-03	-3.78913434e-03
7.27920000e+09	-5.21932231e-03	-3.84637848e-03
7.27935000e+09	-5.25551880e-03	-3.76849924e-03
7.27950000e+09	-5.41318739e-03	-3.81752475e-03
7.27965000e+09	-5.45793908e-03	-3.82673187e-03
7.27980000e+09	-5.56380508e-03	-3.75215339e-03
7.27995000e+09	-5.64933731e-03	-3.82419259e-03
7.28010000e+09	-5.75130815e-03	-3.85507815e-03
7.28025000e+09	-5.78543976e-03	-3.85120242e-03
7.28040000e+09	-5.89183716e-03	-3.75804362e-03
7.28055000e+09	-6.01576927e-03	-3.80768168e-03
7.28070000e+09	-6.08124114e-03	-3.74006841e-03
7.28085000e+09	-6.16748686e-03	-3.83240672e-03
7.28100000e+09	-6.38856864e-03	-3.75555162e-03
7.28115000e+09	-6.46842834e-03	-3.77424540e-03
7.28130000e+09	-6.61028371e-03	-3.74800213e-03
7.28145000e+09	-6.62066855e-03	-3.81251387e-03
7.28160000e+09	-6.89128282e-03	-3.79271966e-03
7.28175000e+09	-6.91885137e-03	-3.78790632e-03
7.28190000e+09	-7.10527054e-03	-3.70803565e-03
7.28205000e+09	-7.17519231e-03	-3.67925894e-03
7.28220000e+09	-7.36386005e-03	-3.75619088e-03
7.28235000e+09	-7.48299126e-03	-3.69173766e-03
7.28250000e+09	-7.59542439e-03	-3.71264604e-03
7.28265000e+09	-7.83009082e-03	-3.67318237e-03
7.28280000e+09	-7.99093148e-03	-3.70001202e-03
7.28295000e+09	-8.18495880e-03	-3.74582905e-03
7.28310000e+09	-8.31742097e-03	-3.65896387e-03
7.28325000e+09	-8.51924819e-03	-3.67656605e-03
7.28340000e+09	-8.69622761e-03	-3.64825081e-03
7.28355000e+09	-8.83192386e-03	-3.60229631e-03
7.28370000e+09	-9.08091002e-03	-3.56064462e-03
7.28385000e+09	-9.33975954e-03	-3.57879525e-03
7.28400000e+09	-9.44684699e-03	-3.54581890e-03
7.28415000e+09	-9.82993606e-03	-3.53460948e-03
7.28430000e+09	-1.00415121e-02	-3.52162901e-03
7.28445000e+09	-1.03719702e-02	-3.48802010e-03
7.28460000e+09	-1.05800988e-02	-3.45756498e-03
7.28475000e+09	-1.08914642e-02	-3.42712179e-03
7.28490000e+09	-1.11717919e-02	-3.29763413e-03
7.28505000e+09	-1.14703456e-02	-3.38364043e-03
7.28520000e+09	-1.17735764e-02	-3.24844146e-03
7.28535000e+09	-1.21987703e-02	-3.19349402e-03
7.28550000e+09	-1.25406468e-02	-3.04172107e-03
7.28565000e+09	-1.29951559e-02	-3.02064031e-03
7.28580000e+09	-1.35024525e-02	-2.96903088e-03
7.28595000e+09	-1.40139787e-02	-2.90553021e-03
7.28610000e+09	-1.43920194e-02	-2.70054476e-03
7.28625000e+09	-1.49886710e-02	-2.60939810e-03
7.28640000e+09	-1.55444656e-02	-2.48716218e-03
7.28655000e+09	-1.61754963e-02	-2.31052839e-03
7.28670000e+09	-1.67145990e-02	-2.07968913e-03
7.28685000e+09	-1.75747943e-02	-1.88241328e-03
7.28700000e+09	-1.83146834e-02	-1.55050897e-03
7.28715000e+09	-1.91966245e-02	-1.28113150e-03
7.28730000e+09	-2.00139176e-02	-9.04327258e-04
7.28745000e+09	-2.13226515e-02	-4.90387421e-04
7.28760000e+09	-2.22923716e-02	3.38994694e-05
7.28775000e+09	-2.35732332e-02	7.34025810e-04
7.28790000e+09	-2.49170296e-02	1.46597365e-03
7.28805000e+09	-2.65396899e-02	2.37117143e-03
7.28820000e+09	-2.79412349e-02	3.43101045e-03
7.28835000e+09	-2.98805487e-02	4.86245552e-03
7.28850000e+09	-3.18699639e-02	6.62924863e-03
7.28865000e+09	-3.40901431e-02	8.88896498e-03
7.28880000e+09	-3.63716789e-02	1.17286618e-02
7.28895000e+09	-3.91309165e-02	1.56423292e-02
7.28910000e+09	-4.12957935e-02	2.05280186e-02
7.28925000e+09	-4.32522384e-02	2.68987041e-02
7.28940000e+09	-4.36440824e-02	3.46039241e-02
7.28955000e+09	-4.26148947e-02	4.47497265e-02
7.28970000e+09	-3.73218661e-02	5.49701792e-02
7.28985000e+09	-2.78751773e-02	6.48076402e-02
7.29000000e+09	-1.42692870e-02	7.06662871e-02
7.29015000e+09	7.52543640e-04	7.15669579e-02
7.29030000e+09	1.39061509e-02	6.58222508e-02
7.29045000e+09	2.33650243e-02	5.79095823e-02
7.29060000e+09	2.88017319e-02	4.89635120e-02
7.29075000e+09	3.12532631e-02	4.07126576e-02
7.29090000e+09	3.15588565e-02	3.33590075e-02
7.29105000e+09	3.12244685e-02	2.77473767e-02
7.29120000e+09	2.99045865e-02	2.30235793e-02
7.29135000e+09	2.85148880e-02	1.92101848e-02
7.29150000e+09	2.69482230e-02	1.62027326e-02
7.29165000e+09	2.55685609e-02	1.37787237e-02
7.29180000e+09	2.42682457e-02	1.18399609e-02
7.29195000e+09	2.28167220e-02	1.01071035e-02
7.29210000e+09	2.16872531e-02	8.71888066e-03
7.29225000e+09	2.06403837e-02	7.56439712e-03
7.29240000e+09	1.95867223e-02	6.59207099e-03
7.29255000e+09	1.84714576e-02	5.72133579e-03
7.29270000e+09	1.77075012e-02	5.01905799e-03
7.29285000e+09	1.67915378e-02	4.31524246e-03
7.29300000e+09	1.60463247e-02	3.79655235e-03
7.29315000e+09	1.53165839e-02	3.28790028e-03
7.29330000e+09	1.48334669e-02	2.83014398e-03
7.29345000e+09	1.40632068e-02	2.41648682e-03
7.29360000e+09	1.35819785e-02	2.14945230e-03
7.29375000e+09	1.30531572e-02	1.78908431e-03
7.29390000e+09	1.25932740e-02	1.51968282e-03
7.29405000e+09	1.20723992e-02	1.26168802e-03
7.29420000e+09	1.16839422e-02	1.05214276e-03
7.29435000e+09	1.12356860e-02	8.36754024e-04
7.29450000e+09	1.08701733e-02	6.26834083e-04
7.29465000e+09	1.04909513e-02	4.59904509e-04
7.29480000e+09	1.02124080e-02	3.18817630e-04
7.29495000e+09	9.87216323e-03	1.65187511e-04
7.29510000e+09	9.61082156e-03	3.58680194e-05
7.29525000e+09	9.30159539e-03	-5.09844129e-05
7.29540000e+09	9.04016249e-03	-2.39379349e-04
7.29555000e+09	8.78591711e-03	-3.21085714e-04
7.29570000e+09	8.52666604e-03	-4.12461285e-04
7.29585000e+09	8.27755491e-03	-5.11713020e-04
7.29600000e+09	8.07423726e-03	-5.94631474e-04
7.29615000e+09	7.76975642e-03	-7.12083132e-04
7.29630000e+09	7.64706531e-03	-7.92004105e-04
7.29645000e+09	7.45309979e-03	-9.20598423e-04
7.29660000e+09	7.30117760e-03	-9.20107861e-04
7.29675000e+09	7.03266814e-03	-1.00943556e-03
7.29690000e+09	6.93372473e-03	-1.00895607e-03
7.29705000e+09	6.79521498e-03	-1.08027535e-03
7.29720000e+09	6.61569034e-03	-1.14465723e-03
7.29735000e+09	6.39956168e-03	-1.19804730e-03
7.29750000e+09	6.33032153e-03	-1.22264678e-03
7.29765000e+09	6.04963685e-03	-1.30567222e-03
7.29780000e+09	5.98084221e-03	-1.39494884e-03
7.29795000e+09	5.88344853e-03	-1.40968591e-03
7.29810000e+09	5.78394645e-03	-1.41521440e-03
7.29825000e+09	5.59499539e-03	-1.39307654e-03
7.29840000e+09	5.47961333e-03	-1.48040649e-03
7.29855000e+09	5.38942972e-03	-1.55162375e-03
7.29870000e+09	5.28471920e-03	-1.59368749e-03
7.29885000e+09	5.11234930e-03	-1.57876685e-03
7.29900000e+09	5.09008632e-03	-1.67021587e-03
7.29915000e+09	4.88039246e-03	-1.74750958e-03
7.29930000e+09	4.84292282e-03	-1.68793573e-03
7.29945000e+09	4.76625798e-03	-1.64506856e-03
7.29960000e+09	4.66213573e-03	-1.71304491e-03
7.29975000e+09	4.58928806e-03	-1.80269890e-03
7.29990000e+09	4.48425825e-03	-1.83439287e-03
7.30005000e+09	4.38380076e-03	-1.79708384e-03
7.30020000e+09	4.38038041e-03	-1.80714771e-03
7.30035000e+09	4.21315712e-03	-1.83511769e-03
7.30050000e+09	4.13499348e-03	-1.83884645e-03
7.30065000e+09	4.09848800e-03	-1.89484564e-03
7.30080000e+09	3.98734292e-03	-1.86504102e-03
7.30095000e+09	3.91026448e-03	-1.87569333e-03
7.30110000e+09	3.84321833e-03	-1.93917680e-03
7.30125000e+09	3.74095195e-03	-1.95975003e-03
7.30140000e+09	3.70167025e-03	-2.00773753e-03
7.30155000e+09	3.63512931e-03	-2.02936461e-03
7.30170000e+09	3.56124247e-03	-1.99918517e-03
7.30185000e+09	3.46818338e-03	-1.98913208e-03
7.30200000e+09	3.39687141e-03	-1.97575185e-03
7.30215000e+09	3.32847882e-03	-2.02376148e-03
7.30230000e+09	3.29263291e-03	-2.07433134e-03
7.30245000e+09	3.24368163e-03	-2.09697991e-03
7.30260000e+09	3.17425928e-03	-2.05600089e-03
7.30275000e+09	3.16987453e-03	-2.06879234e-03
7.30290000e+09	3.06442532e-03	-2.13041280e-03
7.30305000e+09	3.07045762e-03	-2.06088894e-03
7.30320000e+09	3.00733999e-03	-2.11537256e-03
7.30335000e+09	2.97181119e-03	-2.08794092e-03
7.30350000e+09	2.84100722e-03	-2.04878052e-03
7.30365000e+09	2.83569521e-03	-2.10173574e-03
7.30380000e+09	2.74668134e-03	-2.09966848e-03
7.30395000e+09	2.71398624e-03	-2.15116881e-03
7.30410000e+09	2.65311691e-03	-2.09764718e-03
7.30425000e+09	2.68567958e-03	-2.17654527e-03
7.30440000e+09	2.59009593e-03	-2.12994402e-03
7.30455000e+09	2.57296486e-03	-2.14170161e-03
7.30470000e+09	2.49559276e-03	-2.16096895e-03
7.30485000e+09	2.45953359e-03	-2.13484787e-03
7.30500000e+09	2.42678799e-03	-2.23218889e-03
7.30515000e+09	2.33025213e-03	-2.13471157e-03
7.30530000e+09	2.30363895e-03	-2.14549692e-03
7.30545000e+09	2.28097903e-03	-2.21940990e-03
7.30560000e+09	2.17295583e-03	-2.17323069e-03
7.30575000e+09	2.19466239e-03	-2.17954346e-03
7.30590000e+09	2.15627620e-03	-2.14695545e-03
7.30605000e+09	2.18634492e-03	-2.22338016e-03
7.30620000e+09	2.08228138e-03	-2.21950859e-03
7.30635000e+09	2.08316465e-03	-2.24524542e-03
7.30650000e+09	2.00148779e-03	-2.20159079e-03
7.30665000e+09	1.95897564e-03	-2.23488788e-03
7.30680000e+09	1.96819765e-03	-2.20090911e-03
7.30695000e+09	1.89299769e-03	-2.22770191e-03
7.30710000e+09	1.83634051e-03	-2.22387523e-03
7.30725000e+09	1.82067859e-03	-2.19878916e-03
7.30740000e+09	1.73617713e-03	-2.24396280e-03
7.30755000e+09	1.76063907e-03	-2.27852312e-03
7.30770000e+09	1.76704929e-03	-2.27172747e-03
7.30785000e+09	1.68942847e-03	-2.29101728e-03
7.30800000e+09	1.68130771e-03	-2.26992497e-03
7.30815000e+09	1.65564763e-03	-2.23251007e-03
7.30830000e+09	1.63435539e-03	-2.25426417e-03
7.30845000e+09	1.59173060e-03	-2.20616573e-03
7.30860000e+09	1.58365140e-03	-2.24252120e-03
7.30875000e+09	1.47949640e-03	-2.24449522e-03
7.30890000e+09	1.48613118e-03	-2.24121326e-03
7.30905000e+09	1.47324163e-03	-2.26790567e-03
7.30920000e+09	1.48278804e-03	-2.30316702e-03
7.30935000e+09	1.43707929e-03	-2.29060171e-03
7.30950000e+09	1.37589600e-03	-2.31187082e-03
7.30965000e+09	1.38140800e-03	-2.26505518e-03
7.30980000e+09	1.36664287e-03	-2.29760226e-03
7.30995000e+09	1.34504867e-03	-2.22638729e-03
7.31010000e+09	1.24182617e-03	-2.30314263e-03
7.31025000e+09	1.23357819e-03	-2.26945344e-03
7.31040000e+09	1.23008485e-03	-2.26966692e-03
7.31055000e+09	1.25248400e-03	-2.22707225e-03
7.31070000e+09	1.20708647e-03	-2.30139751e-03
7.31085000e+09	1.12175258e-03	-2.28425740e-03
7.31100000e+09	1.14374340e-03	-2.30367171e-03
7.31115000e+09	1.04041995e-03	-2.30384353e-03
7.31130000e+09	1.13627999e-03	-2.37124483e-03
7.31145000e+09	1.05365176e-03	-2.23751053e-03
7.31160000e+09	1.03585372e-03	-2.30838368e-03
7.31175000e+09	1.06591671e-03	-2.33468823e-03
7.31190000e+09	9.57670786e-04	-2.19895464e-03
7.31205000e+09	9.28066249e-04	-2.25300227e-03
7.31220000e+09	9.16059767e-04	-2.33069089e-03
7.31235000e+09	9.29335717e-04	-2.30309723e-03
7.31250000e+09	9.29468486e-04	-2.28722705e-03
7.31265000e+09	8.87454826e-04	-2.31597834e-03
7.31280000e+09	8.53610904e-04	-2.34415576e-03
7.31295000e+09	8.63710190e-04	-2.21580547e-03
7.31310000e+09	8.53389574e-04	-2.27902710e-03
7.31325000e+09	8.18757441e-04	-2.25032615e-03
7.31340000e+09	7.75602014e-04	-2.24332224e-03
7.31355000e+09	7.49968829e-04	-2.25061445e-03
7.31370000e+09	7.54934177e-04	-2.27309683e-03
7.31385000e+09	6.98958263e-04	-2.25742527e-03
7.31400000e+09	6.81133606e-04	-2.25069351e-03
7.31415000e+09	6.68247528e-04	-2.25661110e-03
7.31430000e+09	6.68240964e-04	-2.30614069e-03
7.31445000e+09	6.25302726e-04	-2.30778503e-03
7.31460000e+09	5.72149282e-04	-2.28542278e-03
7.31475000e+09	5.64656560e-04	-2.24650011e-03
7.31490000e+09	5.87159046e-04	-2.25259820e-03
7.31505000e+09	5.78458971e-04	-2.28588074e-03
7.31520000e+09	4.98529814e-04	-2.24887478e-03
7.31535000e+09	4.68167924e-04	-2.25859396e-03
7.31550000e+09	5.13942106e-04	-2.23015791e-03
7.31565000e+09	4.98789765e-04	-2.29695580e-03
7.31580000e+09	4.79675625e-04	-2.29407374e-03
7.31595000e+09	4.48232819e-04	-2.21722495e-03
7.31610000e+09	4.69497298e-04	-2.24163433e-03
7.31625000e+09	4.37280481e-04	-2.24182959e-03
7.31640000e+09	4.19343839e-04	-2.21405979e-03
7.31655000e+09	4.28565615e-04	-2.27778574e-03
7.31670000e+09	3.90955520e-04	-2.19877027e-03
7.31685000e+09	3.12028786e-04	-2.26452080e-03
7.31700000e+09	3.38309878e-04	-2.22081412e-03
7.31715000e+09	2.96217438e-04	-2.28477944e-03
7.31730000e+09	2.19656171e-04	-2.27958590e-03
7.31745000e+09	2.55608553e-04	-2.29139258e-03
7.31760000e+09	2.49041407e-04	-2.23498842e-03
7.31775000e+09	2.82263126e-04	-2.25883620e-03
7.31790000e+09	2.21559968e-04	-2.22743737e-03
7.31805000e+09	2.27666444e-04	-2.17371896e-03
7.31820000e+09	2.04335973e-04	-2.17639269e-03
7.31835000e+09	2.14924757e-04	-2.17415639e-03
7.31850000e+09	2.35530686e-04	-2.21289366e-03
7.31865000e+09	1.19577362e-04	-2.23846657e-03
7.31880000e+09	1.62257932e-04	-2.22783843e-03
7.31895000e+09	9.66358342e-05	-2.26778257e-03
7.31910000e+09	7.47501277e-05	-2.17516772e-03
7.31925000e+09	4.71296961e-05	-2.21579513e-03
7.31940000e+09	5.40817902e-05	-2.16979924e-03
7.31955000e+09	3.76511603e-05	-2.20990494e-03
7.31970000e+09	4.94613360e-05	-2.17194545e-03
7.31985000e+09	-2.45138241e-05	-2.18868010e-03
7.32000000e+09	9.30108489e-06	-2.20936545e-03
7.32015000e+09	-3.13654835e-05	-2.17013007e-03
7.32030000e+09	-6.24724797e-05	-2.17440865e-03
7.32045000e+09	-3.18738056e-05	-2.24478392e-03
7.32060000e+09	-8.83497432e-05	-2.14317063e-03
7.32075000e+09	-5.65197177e-05	-2.15452989e-03
7.32090000e+09	-1.02942333e-04	-2.20712140e-03
7.32105000e+09	-9.74936450e-05	-2.14059717e-03
7.32120000e+09	-1.38288845e-04	-2.17589465e-03
7.32135000e+09	-1.29794884e-04	-2.14911759e-03
7.32150000e+09	-1.51292636e-04	-2.11217169e-03
7.32165000e+09	-1.33745477e-04	-2.14044386e-03
7.32180000e+09	-1.82251603e-04	-2.13600553e-03
7.32195000e+09	-2.01530595e-04	-2.14201930e-03
7.32210000e+09	-2.18127714e-04	-2.15513976e-03
7.32225000e+09	-2.31930476e-04	-2.17696875e-03
7.32240000e+09	-2.08413158e-04	-2.09940815e-03
7.32255000e+09	-2.67382761e-04	-2.13402848e-03
7.32270000e+09	-2.17390959e-04	-2.08441318e-03
7.32285000e+09	-2.50386679e-04	-2.11290645e-03
7.32300000e+09	-2.68542961e-04	-2.08064602e-03
7.32315000e+09	-2.97917551e-04	-2.14040302e-03
7.32330000e+09	-2.84143941e-04	-2.10557442e-03
7.32345000e+09	-2.66773156e-04	-2.14111521e-03
7.32360000e+09	-2.46633307e-04	-2.04946316e-03
7.32375000e+09	-3.04776498e-04	-2.07606761e-03
7.32390000e+09	-3.27891362e-04	-2.09775296e-03
7.32405000e+09	-3.78452147e-04	-2.10473210e-03
7.32420000e+09	-3.29096788e-04	-2.10317833e-03
7.32435000e+09	-4.07087176e-04	-2.08175137e-03
7.32450000e+09	-4.37439599e-04	-2.08156530e-03
7.32465000e+09	-4.49731322e-04	-2.07665121e-03
7.32480000e+09	-4.46688806e-04	-2.06314346e-03
7.32495000e+09	-4.88493200e-04	-2.08320786e-03
7.32510000e+09	-4.46961260e-04	-2.01755057e-03
7.32525000e+09	-4.65421374e-04	-2.06441317e-03
7.32540000e+09	-5.24695402e-04	-2.09141372e-03
7.32555000e+09	-5.40435425e-04	-2.04735250e-03
7.32570000e+09	-5.61746931e-04	-2.03201560e-03
7.32585000e+09	-5.76551942e-04	-2.01019242e-03
7.32600000e+09	-5.39724244e-04	-2.01343455e-03
7.32615000e+09	-5.01621194e-04	-1.96695081e-03
7.32630000e+09	-5.24251648e-04	-1.98486965e-03
7.32645000e+09	-5.15437977e-04	-1.94709524e-03
7.32660000e+09	-5.66725088e-04	-1.95853730e-03
7.32675000e+09	-5.44096367e-04	-2.00185039e-03
7.32690000e+09	-6.37263926e-04	-1.93569088e-03
7.32705000e+09	-6.29303659e-04	-1.98768850e-03
7.32720000e+09	-5.88197638e-04	-1.87010458e-03
7.32735000e+09	-6.52211184e-04	-1.87840374e-03
7.32750000e+09	-6.17093642e-04	-1.97104521e-03
7.32765000e+09	-6.29134456e-04	-1.94550038e-03
7.32780000e+09	-6.32403056e-04	-1.95119908e-03
7.32795000e+09	-7.01405983e-04	-1.92315840e-03
7.32810000e+09	-6.89692262e-04	-1.92026935e-03
7.32825000e+09	-6.51550669e-04	-1.95090131e-03
7.32840000e+09	-7.05237032e-04	-1.95923157e-03
7.32855000e+09	-6.39871603e-04	-1.83048924e-03
7.32870000e+09	-6.69408291e-04	-1.91167904e-03
7.32885000e+09	-7.14774341e-04	-1.86535703e-03
7.32900000e+09	-7.49238467e-04	-1.88613754e-03
7.32915000e+09	-7.38633178e-04	-1.87164416e-03
7.32930000e+09	-7.34499020e-04	-1.87941344e-03
7.32945000e+09	-7.83271625e-04	-1.83795084e-03
7.32960000e+09	-8.23406198e-04	-1.87916222e-03
7.32975000e+09	-7.98644287e-04	-1.86046356e-03
7.32990000e+09	-8.44561994e-04	-1.92312276e-03
7.33005000e+09	-7.93684692e-04	-1.83134334e-03
7.33020000e+09	-8.20021044e-04	-1.84464088e-03
7.33035000e+09	-8.83632623e-04	-1.83697003e-03
7.33050000e+09	-8.40711159e-04	-1.89097197e-03
7.33065000e+09	-8.88712268e-04	-1.81515626e-03
7.33080000e+09	-8.21797866e-04	-1.83193113e-03
7.33095000e+09	-8.34662751e-04	-1.81939948e-03
7.33110000e+09	-8.58562309e-04	-1.86753034e-03
7.33125000e+09	-8.83094955e-04	-1.79054491e-03
7.33140000e+09	-8.58506321e-04	-1.84413757e-03
7.33155000e+09	-9.09584399e-04	-1.78330520e-03
7.33170000e+09	-9.39659634e-04	-1.80418614e-03
7.33185000e+09	-9.35725560e-04	-1.81797238e-03
7.33200000e+09	-9.24413292e-04	-1.77986315e-03
7.33215000e+09	-9.41560476e-04	-1.79259337e-03
7.33230000e+09	-9.70461539e-04	-1.79942140e-03
7.33245000e+09	-9.09561548e-04	-1.78434299e-03
7.33260000e+09	-9.87188187e-04	-1.83870855e-03
7.33275000e+09	-9.71869205e-04	-1.82395074e-03
7.33290000e+09	-9.48302450e-04	-1.75421666e-03
7.33305000e+09	-9.91416927e-04	-1.73781225e-03
7.33320000e+09	-9.80039349e-04	-1.77692627e-03
7.33335000e+09	-1.06338901e-03	-1.79839107e-03
7.33350000e+09	-9.93627777e-04	-1.80372014e-03
7.33365000e+09	-9.97262798e-04	-1.75414178e-03
7.33380000e+09	-1.05227292e-03	-1.78324860e-03
7.33395000e+09	-1.05483644e-03	-1.72153244e-03
7.33410000e+09	-1.06295124e-03	-1.72674038e-03
7.33425000e+09	-1.03628049e-03	-1.73677221e-03
7.33440000e+09	-1.13433457e-03	-1.74586545e-03
7.33455000e+09	-1.08739857e-03	-1.72457759e-03
7.33470000e+09	-1.05151804e-03	-1.66715388e-03
7.33485000e+09	-1.02536502e-03	-1.68128595e-03
7.33500000e+09	-1.08256331e-03	-1.61904715e-03
7.33515000e+09	-1.10429163e-03	-1.65252108e-03
7.33530000e+09	-1.08183116e-03	-1.70046329e-03
7.33545000e+09	-1.14269032e-03	-1.62671370e-03
7.33560000e+09	-1.19373525e-03	-1.62738817e-03
7.33575000e+09	-1.17774384e-03	-1.60198668e-03
7.33590000e+09	-1.24018572e-03	-1.63845353e-03
7.33605000e+09	-1.17072455e-03	-1.64957791e-03
7.33620000e+09	-1.17488497e-03	-1.66361847e-03
7.33635000e+09	-1.13963591e-03	-1.63799803e-03
7.33650000e+09	-1.20946093e-03	-1.60436792e-03
7.33665000e+09	-1.18446323e-03	-1.63247500e-03
7.33680000e+09	-1.09686938e-03	-1.59529004e-03
7.33695000e+09	-1.17796677e-03	-1.61291933e-03
7.33710000e+09	-1.24153172e-03	-1.59875394e-03
7.33725000e+09	-1.18922896e-03	-1.56687464e-03
7.33740000e+09	-1.22875303e-03	-1.56811164e-03
7.33755000e+09	-1.22458487e-03	-1.56050203e-03
7.33770000e+09	-1.27657311e-03	-1.57671330e-03
7.33785000e+09	-1.28292504e-03	-1.50554990e-03
7.33800000e+09	-1.26587595e-03	-1.55262751e-03
7.33815000e+09	-1.30208717e-03	-1.53370417e-03
7.33830000e+09	-1.23368149e-03	-1.58115331e-03
7.33845000e+09	-1.22210391e-03	-1.52934330e-03
7.33860000e+09	-1.25159094e-03	-1.55288391e-03
7.33875000e+09	-1.25142701e-03	-1.56225598e-03
7.33890000e+09	-1.28875109e-03	-1.54199071e-03
7.33905000e+09	-1.31936766e-03	-1.43307637e-03
7.33920000e+09	-1.28616709e-03	-1.55389841e-03
7.33935000e+09	-1.31101121e-03	-1.49942247e-03
7.33950000e+09	-1.30449773e-03	-1.48222621e-03
7.33965000e+09	-1.30389273e-03	-1.42246322e-03
7.33980000e+09	-1.28841058e-03	-1.38044384e-03
7.33995000e+09	-1.29063121e-03	-1.46604394e-03
7.34010000e+09	-1.33136581e-03	-1.42082462e-03
7.34025000e+09	-1.36318518e-03	-1.43747530e-03
7.34040000e+09	-1.35774003e-03	-1.45299288e-03
7.34055000e+09	-1.36037918e-03	-1.46341619e-03
7.34070000e+09	-1.33883480e-03	-1.41010231e-03
7.34085000e+09	-1.35551266e-03	-1.42357487e-03
7.34100000e+09	-1.32391540e-03	-1.40164093e-03
7.34115000e+09	-1.40988203e-03	-1.40497379e-03
7.34130000e+09	-1.36761639e-03	-1.41599494e-03
7.34145000e+09	-1.44485342e-03	-1.44027234e-03
7.34160000e+09	-1.36925589e-03	-1.37248923e-03
7.34175000e+09	-1.40181971e-03	-1.39534273e-03
7.34190000e+09	-1.37682585e-03	-1.37926266e-03
7.34205000e+09	-1.41546696e-03	-1.36437083e-03
7.34220000e+09	-1.40514664e-03	-1.38017258e-03
7.34235000e+09	-1.43149705e-03	-1.33349828e-03
7.34250000e+09	-1.40570424e-03	-1.35773006e-03
7.34265000e+09	-1.42710348e-03	-1.30080375e-03
7.34280000e+09	-1.42409046e-03	-1.32469492e-03
7.34295000e+09	-1.44567380e-03	-1.28390633e-03
7.34310000e+09	-1.42464282e-03	-1.35229359e-03
7.34325000e+09	-1.45017020e-03	-1.34109355e-03
7.34340000e+09	-1.46840162e-03	-1.33734471e-03
7.34355000e+09	-1.42038326e-03	-1.34562253e-03
7.34370000e+09	-1.43796699e-03	-1.29894283e-03
7.34385000e+09	-1.53016203e-03	-1.32535803e-03
7.34400000e+09	-1.43335654e-03	-1.26766456e-03
7.34415000e+09	-1.43012777e-03	-1.20940914e-03
7.34430000e+09	-1.47459587e-03	-1.23679695e-03
7.34445000e+09	-1.43394593e-03	-1.26096605e-03
7.34460000e+09	-1.43809036e-03	-1.28978091e-03
7.34475000e+09	-1.42259233e-03	-1.26096495e-03
7.34490000e+09	-1.49011403e-03	-1.18569650e-03
7.34505000e+09	-1.50267270e-03	-1.19482081e-03
7.34520000e+09	-1.51609177e-03	-1.21688159e-03
7.34535000e+09	-1.50804013e-03	-1.22738025e-03
7.34550000e+09	-1.48703888e-03	-1.28367352e-03
7.34565000e+09	-1.48700537e-03	-1.26832796e-03
7.34580000e+09	-1.57345779e-03	-1.20215699e-03
7.34595000e+09	-1.52471900e-03	-1.27568345e-03
7.34610000e+09	-1.46944290e-03	-1.23283467e-03
7.34625000e+09	-1.54877811e-03	-1.21615917e-03
7.34640000e+09	-1.53924288e-03	-1.18251856e-03
7.34655000e+09	-1.45632014e-03	-1.24361029e-03
7.34670000e+09	-1.58694413e-03	-1.17311261e-03
7.34685000e+09	-1.58784766e-03	-1.16737722e-03
7.34700000e+09	-1.56734696e-03	-1.17006590e-03
7.34715000e+09	-1.56047834e-03	-1.17393268e-03
7.34730000e+09	-1.56194016e-03	-1.20446365e-03
7.34745000e+09	-1.54474614e-03	-1.18540409e-03
7.34760000e+09	-1.57158101e-03	-1.14621488e-03
7.34775000e+09	-1.54374334e-03	-1.16894940e-03
7.34790000e+09	-1.55471483e-03	-1.13550249e-03
7.34805000e+09	-1.61297751e-03	-1.11501190e-03
7.34820000e+09	-1.59121925e-03	-1.14388647e-03
7.34835000e+09	-1.56386453e-03	-1.11492063e-03
7.34850000e+09	-1.56572694e-03	-1.12228086e-03
7.34865000e+09	-1.58765959e-03	-1.14171463e-03
7.34880000e+09	-1.63645328e-03	-1.10161091e-03
7.34895000e+09	-1.61504185e-03	-1.08975201e-03
7.34910000e+09	-1.60344704e-03	-1.10058780e-03
7.34925000e+09	-1.62056090e-03	-1.07960485e-03
7.34940000e+09	-1.54925033e-03	-1.07100445e-03
7.34955000e+09	-1.61980993e-03	-1.04802323e-03
7.34970000e+09	-1.60611529e-03	-1.09187287e-03
7.34985000e+09	-1.63275861e-03	-1.06491466e-03
7.35000000e+09	-1.63025581e-03	-1.01767881e-03
7.35015000e+09	-1.64287168e-03	-9.84483802e-04
7.35030000e+09	-1.67094004e-03	-1.07545475e-03
7.35045000e+09	-1.65778277e-03	-1.05916399e-03
7.35060000e+09	-1.65071260e-03	-9.83093398e-04
7.35075000e+09	-1.64057333e-03	-9.89280380e-04
7.35090000e+09	-1.64024997e-03	-1.03310341e-03
7.35105000e+09	-1.62991982e-03	-1.06663949e-03
7.35120000e+09	-1.64434447e-03	-9.77826449e-04
7.35135000e+09	-1.68535998e-03	-9.55740256e-04
7.35150000e+09	-1.64839962e-03	-1.02316602e-03
7.35165000e+09	-1.67345261e-03	-9.74171791e-04
7.35180000e+09	-1.64189738e-03	-9.24433409e-04
7.35195000e+09	-1.68772619e-03	-9.52695197e-04
7.35210000e+09	-1.68396022e-03	-9.71503788e-04
7.35225000e+09	-1.64499657e-03	-9.57327604e-04
7.35240000e+09	-1.69322337e-03	-9.80503277e-04
7.35255000e+09	-1.64886343e-03	-8.88904048e-04
7.35270000e+09	-1.69785369e-03	-8.70164466e-04
7.35285000e+09	-1.76305252e-03	-9.26884151e-04
7.35300000e+09	-1.67298354e-03	-9.18874189e-04
7.35315000e+09	-1.65719029e-03	-8.59684103e-04
7.35330000e+09	-1.70307302e-03	-8.81150985e-04
7.35345000e+09	-1.68936035e-03	-9.29796272e-04
7.35360000e+09	-1.74822656e-03	-8.77344598e-04
7.35375000e+09	-1.71672358e-03	-8.51702920e-04
7.35390000e+09	-1.71587580e-03	-8.64689679e-04
7.35405000e+09	-1.78493570e-03	-8.24577974e-04
7.35420000e+09	-1.76317104e-03	-9.22145789e-04
7.35435000e+09	-1.69273748e-03	-8.39389971e-04
7.35450000e+09	-1.71540490e-03	-8.39419116e-04
7.35465000e+09	-1.71485177e-03	-8.29430454e-04
7.35480000e+09	-1.72530894e-03	-7.73220186e-04
7.35495000e+09	-1.76875830e-03	-8.58848276e-04
7.35510000e+09	-1.68507140e-03	-7.83726586e-04
7.35525000e+09	-1.73092308e-03	-8.70849791e-04
7.35540000e+09	-1.75090514e-03	-8.00529971e-04
7.35555000e+09	-1.76827608e-03	-7.55475386e-04
7.35570000e+09	-1.77418960e-03	-8.12483509e-04
7.35585000e+09	-1.77916280e-03	-8.39530154e-04
7.35600000e+09	-1.73879118e-03	-8.20076608e-04
7.35615000e+09	-1.73996634e-03	-8.04405713e-04
7.35630000e+09	-1.68668738e-03	-7.83980722e-04
7.35645000e+09	-1.73694851e-03	-7.88864701e-04
7.35660000e+09	-1.78550069e-03	-7.27378570e-04
7.35675000e+09	-1.78359609e-03	-7.57220577e-04
7.35690000e+09	-1.78589819e-03	-7.60798356e-04
7.35705000e+09	-1.75717994e-03	-7.18420286e-04
7.35720000e+09	-1.81113455e-03	-7.06308290e-04
7.35735000e+09	-1.77149941e-03	-7.68545709e-04
7.35750000e+09	-1.78076073e-03	-6.93558973e-04
7.35765000e+09	-1.82367028e-03	-7.04986906e-04
7.35780000e+09	-1.80230467e-03	-7.34419352e-04
7.35795000e+09	-1.79754333e-03	-7.07949719e-04
7.35810000e+09	-1.77775403e-03	-7.42998805e-04
7.35825000e+09	-1.78933794e-03	-6.75689436e-04
7.35840000e+09	-1.81031640e-03	-7.20043277e-04
7.35855000e+09	-1.74601165e-03	-6.31621089e-04
7.35870000e+09	-1.76261249e-03	-7.01135691e-04
7.35885000e+09	-1.79843081e-03	-6.73938812e-04
7.35900000e+09	-1.79113584e-03	-6.89101141e-04
7.35915000e+09	-1.76583780e-03	-6.48181426e-04
7.35930000e+09	-1.77825412e-03	-6.08026057e-04
7.35945000e+09	-1.78456643e-03	-6.19277210e-04
7.35960000e+09	-1.82751884e-03	-5.91923177e-04
7.35975000e+09	-1.82661124e-03	-5.92101588e-04
7.35990000e+09	-1.75859875e-03	-5.94692078e-04
7.36005000e+09	-1.79271197e-03	-6.05802925e-04
7.36020000e+09	-1.84756866e-03	-6.01317252e-04
7.36035000e+09	-1.84644435e-03	-5.41922807e-04
7.36050000e+09	-1.87834071e-03	-6.53059932e-04
7.36065000e+09	-1.81872390e-03	-5.58169789e-04
7.36080000e+09	-1.81963898e-03	-5.90938715e-04
7.36095000e+09	-1.80945009e-03	-5.70282763e-04
7.36110000e+09	-1.83129953e-03	-5.72316859e-04
7.36125000e+09	-1.80272250e-03	-5.83394065e-04
7.36140000e+09	-1.81169273e-03	-5.40654969e-04
7.36155000e+09	-1.84936416e-03	-5.33076651e-04
7.36170000e+09	-1.80977967e-03	-5.31903680e-04
7.36185000e+09	-1.79892185e-03	-5.27898233e-04
7.36200000e+09	-1.81386920e-03	-5.45368105e-04
7.36215000e+09	-1.85117960e-03	-4.39394613e-04
7.36230000e+09	-1.83577519e-03	-5.66674585e-04
7.36245000e+09	-1.81758123e-03	-4.74749349e-04
7.36260000e+09	-1.89006291e-03	-4.70665368e-04
7.36275000e+09	-1.85943897e-03	-4.87961277e-04
7.36290000e+09	-1.85740385e-03	-5.33908508e-04
7.36305000e+09	-1.83384737e-03	-5.31431732e-04
7.36320000e+09	-1.88177731e-03	-5.09064038e-04
7.36335000e+09	-1.79916668e-03	-4.79972074e-04
7.36350000e+09	-1.81246781e-03	-4.88575540e-04
7.36365000e+09	-1.85975913e-03	-4.44659587e-04
7.36380000e+09	-1.83936248e-03	-4.95520171e-04
7.36395000e+09	-1.90709938e-03	-4.82039150e-04
7.36410000e+09	-1.90902098e-03	-4.62047839e-04
7.36425000e+09	-1.89349370e-03	-3.68884376e-04
7.36440000e+09	-1.80328254e-03	-4.10686569e-04
7.36455000e+09	-1.86287854e-03	-3.68736064e-04
7.36470000e+09	-1.90984715e-03	-3.40806861e-04
7.36485000e+09	-1.83880310e-03	-3.83757781e-04
7.36500000e+09	-1.90530298e-03	-4.20237271e-04
