# Frequency	I_corrected	Q_corrected
1.02850000e+10	7.03881120e-03	2.84428310e-03
1.02851500e+10	6.99324259e-03	2.78463111e-03
1.02853000e+10	7.05291932e-03	2.76905015e-03
1.02854500e+10	7.12039993e-03	2.77657758e-03
1.02856000e+10	7.07112525e-03	2.74658909e-03
1.02857500e+10	7.06814032e-03	2.73150788e-03
1.02859000e+10	7.19661612e-03	2.70461208e-03
1.02860500e+10	7.21223938e-03	2.78736166e-03
1.02862000e+10	7.25705707e-03	2.68947567e-03
1.02863500e+10	7.23961605e-03	2.71135402e-03
1.02865000e+10	7.33503123e-03	2.64062111e-03
1.02866500e+10	7.34225062e-03	2.71806684e-03
1.02868000e+10	7.35864673e-03	2.63532560e-03
1.02869500e+10	7.40141137e-03	2.56721782e-03
1.02871000e+10	7.52826942e-03	2.66077349e-03
1.02872500e+10	7.42436746e-03	2.58976904e-03
1.02874000e+10	7.52513513e-03	2.63240746e-03
1.02875500e+10	7.57509652e-03	2.59085549e-03
1.02877000e+10	7.61646214e-03	2.58332082e-03
1.02878500e+10	7.62503419e-03	2.56241043e-03
1.02880000e+10	7.70664698e-03	2.54985820e-03
1.02881500e+10	7.67145453e-03	2.55221881e-03
1.02883000e+10	7.76937159e-03	2.50886167e-03
1.02884500e+10	7.74545358e-03	2.49999212e-03
1.02886000e+10	7.84470362e-03	2.52408948e-03
1.02887500e+10	7.80604969e-03	2.44402803e-03
1.02889000e+10	7.88130046e-03	2.43137209e-03
1.02890500e+10	7.91077157e-03	2.42458090e-03
1.02892000e+10	7.97085604e-03	2.37447405e-03
1.02893500e+10	8.02783830e-03	2.43178416e-03
1.02895000e+10	7.97997701e-03	2.37787355e-03
1.02896500e+10	8.07595748e-03	2.37739209e-03
1.02898000e+10	8.12861400e-03	2.37120583e-03
1.02899500e+10	8.11307790e-03	2.31859079e-03
1.02901000e+10	8.19649662e-03	2.28059668e-03
1.02902500e+10	8.19395891e-03	2.30726249e-03
1.02904000e+10	8.31999037e-03	2.28708804e-03
1.02905500e+10	8.37532426e-03	2.30806484e-03
1.02907000e+10	8.41510357e-03	2.21748686e-03
1.02908500e+10	8.37652143e-03	2.20539094e-03
1.02910000e+10	8.42279174e-03	2.18935055e-03
1.02911500e+10	8.57849370e-03	2.23164051e-03
1.02913000e+10	8.54083437e-03	2.16767144e-03
1.02914500e+10	8.49347639e-03	2.14111047e-03
1.02916000e+10	8.53652415e-03	2.14697800e-03
1.02917500e+10	8.67461091e-03	2.09652709e-03
1.02919000e+10	8.71839358e-03	2.09481324e-03
1.02920500e+10	8.68618072e-03	2.05056249e-03
1.02922000e+10	8.77161977e-03	1.99309877e-03
1.02923500e+10	8.87584877e-03	2.02977815e-03
1.02925000e+10	8.82584826e-03	2.00386704e-03
1.02926500e+10	8.90244463e-03	1.98723966e-03
1.02928000e+10	8.89098122e-03	1.99113423e-03
1.02929500e+10	9.00003398e-03	1.98777806e-03
1.02931000e+10	9.04218953e-03	1.93009622e-03
1.02932500e+10	9.05431227e-03	1.89316931e-03
1.02934000e+10	9.09822883e-03	1.91937204e-03
1.02935500e+10	9.16148252e-03	1.84282198e-03
1.02937000e+10	9.16938137e-03	1.83804226e-03
1.02938500e+10	9.28818575e-03	1.75983112e-03
1.02940000e+10	9.34845905e-03	1.80474851e-03
1.02941500e+10	9.34495967e-03	1.77506249e-03
1.02943000e+10	9.28998385e-03	1.71992506e-03
1.02944500e+10	9.46630004e-03	1.66631168e-03
1.02946000e+10	9.42768253e-03	1.68561742e-03
1.02947500e+10	9.49627887e-03	1.66740104e-03
1.02949000e+10	9.58175036e-03	1.64257101e-03
1.02950500e+10	9.69294727e-03	1.59397173e-03
1.02952000e+10	9.61487783e-03	1.55186897e-03
1.02953500e+10	9.86223829e-03	1.60184171e-03
1.02955000e+10	9.81822703e-03	1.51308523e-03
1.02956500e+10	9.85678339e-03	1.49550887e-03
1.02958000e+10	9.76350730e-03	1.44381717e-03
1.02959500e+10	1.00033509e-02	1.40953386e-03
1.02961000e+10	9.94545130e-03	1.46360577e-03
1.02962500e+10	9.98442299e-03	1.44793802e-03
1.02964000e+10	1.00275267e-02	1.36789059e-03
1.02965500e+10	1.02286220e-02	1.40062332e-03
1.02967000e+10	1.02408607e-02	1.34777028e-03
1.02968500e+10	1.02498809e-02	1.27271394e-03
1.02970000e+10	1.02756227e-02	1.28796897e-03
1.02971500e+10	1.04136225e-02	1.19613643e-03
1.02973000e+10	1.03559717e-02	1.18237536e-03
1.02974500e+10	1.04578598e-02	1.14036454e-03
1.02976000e+10	1.05208665e-02	1.07428047e-03
1.02977500e+10	1.04921774e-02	1.08438952e-03
1.02979000e+10	1.05663396e-02	1.06786756e-03
1.02980500e+10	1.06960126e-02	1.03647605e-03
1.02982000e+10	1.07803270e-02	9.64239215e-04
1.02983500e+10	1.07159676e-02	9.88198008e-04
1.02985000e+10	1.08651562e-02	9.10932292e-04
1.02986500e+10	1.09376227e-02	9.13778746e-04
1.02988000e+10	1.09674742e-02	9.22484495e-04
1.02989500e+10	1.09389351e-02	8.62382827e-04
1.02991000e+10	1.10854255e-02	7.77303127e-04
1.02992500e+10	1.10863684e-02	7.47183704e-04
1.02994000e+10	1.10490928e-02	7.45250828e-04
1.02995500e+10	1.11729848e-02	6.98920376e-04
1.02997000e+10	1.12638250e-02	6.06951194e-04
1.02998500e+10	1.13922485e-02	6.37314257e-04
1.03000000e+10	1.13726259e-02	5.56388686e-04
1.03001500e+10	1.14879541e-02	5.82614365e-04
1.03003000e+10	1.16347097e-02	5.56062154e-04
1.03004500e+10	1.15461263e-02	4.34592180e-04
1.03006000e+10	1.16035052e-02	3.89955360e-04
1.03007500e+10	1.16671174e-02	3.33588643e-04
1.03009000e+10	1.16517360e-02	3.57846828e-04
1.03010500e+10	1.17521557e-02	2.72943552e-04
1.03012000e+10	1.18543043e-02	2.12921340e-04
1.03013500e+10	1.19526680e-02	2.58094536e-04
1.03015000e+10	1.20907725e-02	1.00281976e-04
1.03016500e+10	1.21114059e-02	1.48094198e-04
1.03018000e+10	1.22041911e-02	5.07555620e-05
1.03019500e+10	1.21630962e-02	4.54868547e-05
1.03021000e+10	1.22442086e-02	-1.20247505e-05
1.03022500e+10	1.22608618e-02	-3.07677158e-05
1.03024000e+10	1.23970161e-02	-1.02894905e-04
1.03025500e+10	1.24332438e-02	-1.30048997e-04
1.03027000e+10	1.25108122e-02	-2.67141082e-04
1.03028500e+10	1.25605667e-02	-2.08738464e-04
1.03030000e+10	1.26780428e-02	-3.38719192e-04
1.03031500e+10	1.26540868e-02	-3.85670212e-04
1.03033000e+10	1.28448607e-02	-4.03130717e-04
1.03034500e+10	1.28015656e-02	-4.30362138e-04
1.03036000e+10	1.29917616e-02	-5.82769021e-04
1.03037500e+10	1.29351952e-02	-5.84749158e-04
1.03039000e+10	1.30452335e-02	-6.13749928e-04
1.03040500e+10	1.30372602e-02	-6.72157522e-04
1.03042000e+10	1.31605094e-02	-7.82651493e-04
1.03043500e+10	1.31778226e-02	-8.01628257e-04
1.03045000e+10	1.33950015e-02	-8.68049042e-04
1.03046500e+10	1.34118657e-02	-8.87297638e-04
1.03048000e+10	1.36066521e-02	-1.01799299e-03
1.03049500e+10	1.36031279e-02	-1.03606734e-03
1.03051000e+10	1.36245689e-02	-1.17065909e-03
1.03052500e+10	1.36739423e-02	-1.19094048e-03
1.03054000e+10	1.37600219e-02	-1.22555297e-03
1.03055500e+10	1.38336327e-02	-1.31068146e-03
1.03057000e+10	1.38795189e-02	-1.33326075e-03
1.03058500e+10	1.39905102e-02	-1.38813304e-03
1.03060000e+10	1.41334229e-02	-1.49916852e-03
1.03061500e+10	1.42060855e-02	-1.54795891e-03
1.03063000e+10	1.42919694e-02	-1.64324807e-03
1.03064500e+10	1.43778390e-02	-1.72966241e-03
1.03066000e+10	1.44790808e-02	-1.78853302e-03
1.03067500e+10	1.44362504e-02	-1.84809060e-03
1.03069000e+10	1.45411495e-02	-1.87146009e-03
1.03070500e+10	1.46082521e-02	-1.94847455e-03
1.03072000e+10	1.47248517e-02	-2.09934328e-03
1.03073500e+10	1.47886608e-02	-2.09771450e-03
1.03075000e+10	1.48803527e-02	-2.23906318e-03
1.03076500e+10	1.49947241e-02	-2.30205736e-03
1.03078000e+10	1.51199225e-02	-2.38846858e-03
1.03079500e+10	1.52193733e-02	-2.44508980e-03
1.03081000e+10	1.52404756e-02	-2.51502731e-03
1.03082500e+10	1.52551931e-02	-2.62366652e-03
1.03084000e+10	1.54256203e-02	-2.66722971e-03
1.03085500e+10	1.54835789e-02	-2.74824199e-03
1.03087000e+10	1.56244560e-02	-2.83901619e-03
1.03088500e+10	1.56191723e-02	-2.95509252e-03
1.03090000e+10	1.57021383e-02	-2.99033406e-03
1.03091500e+10	1.59725295e-02	-3.16655016e-03
1.03093000e+10	1.60405846e-02	-3.24991632e-03
1.03094500e+10	1.60746414e-02	-3.36077276e-03
1.03096000e+10	1.61877873e-02	-3.42642350e-03
1.03097500e+10	1.63171920e-02	-3.52279707e-03
1.03099000e+10	1.62201061e-02	-3.62236156e-03
1.03100500e+10	1.62434077e-02	-3.70498582e-03
1.03102000e+10	1.64446381e-02	-3.81094499e-03
1.03103500e+10	1.65590464e-02	-3.98027427e-03
1.03105000e+10	1.66098979e-02	-4.05090691e-03
1.03106500e+10	1.67086419e-02	-4.16078757e-03
1.03108000e+10	1.69347767e-02	-4.22748076e-03
1.03109500e+10	1.71214156e-02	-4.39080182e-03
1.03111000e+10	1.70562432e-02	-4.46199652e-03
1.03112500e+10	1.72245180e-02	-4.60797940e-03
1.03114000e+10	1.72602043e-02	-4.67804241e-03
1.03115500e+10	1.73951313e-02	-4.80659402e-03
1.03117000e+10	1.73996298e-02	-4.92700917e-03
1.03118500e+10	1.76004836e-02	-5.06579553e-03
1.03120000e+10	1.76385619e-02	-5.21017855e-03
1.03121500e+10	1.78578039e-02	-5.33734648e-03
1.03123000e+10	1.79491971e-02	-5.42854053e-03
1.03124500e+10	1.80835641e-02	-5.58624563e-03
1.03126000e+10	1.81111287e-02	-5.69428498e-03
1.03127500e+10	1.83156944e-02	-5.89905277e-03
1.03129000e+10	1.83968882e-02	-6.04789225e-03
1.03130500e+10	1.84748299e-02	-6.15775847e-03
1.03132000e+10	1.84371998e-02	-6.25721446e-03
1.03133500e+10	1.86888482e-02	-6.43409305e-03
1.03135000e+10	1.87193663e-02	-6.56055613e-03
1.03136500e+10	1.89485609e-02	-6.71253812e-03
1.03138000e+10	1.89307987e-02	-6.90780523e-03
1.03139500e+10	1.92258671e-02	-7.04095862e-03
1.03141000e+10	1.92751020e-02	-7.24470747e-03
1.03142500e+10	1.94198893e-02	-7.34197415e-03
1.03144000e+10	1.94754012e-02	-7.54644677e-03
1.03145500e+10	1.96231937e-02	-7.71286947e-03
1.03147000e+10	1.95677023e-02	-7.88359007e-03
1.03148500e+10	1.98103818e-02	-8.04910450e-03
1.03150000e+10	1.98428718e-02	-8.19914892e-03
1.03151500e+10	1.99603844e-02	-8.36228172e-03
1.03153000e+10	2.01633660e-02	-8.63884739e-03
1.03154500e+10	2.03872447e-02	-8.85907674e-03
1.03156000e+10	2.03677171e-02	-8.98498657e-03
1.03157500e+10	2.04909242e-02	-9.21925266e-03
1.03159000e+10	2.05959067e-02	-9.44928917e-03
1.03160500e+10	2.08274348e-02	-9.67043630e-03
1.03162000e+10	2.07833635e-02	-9.73709096e-03
1.03163500e+10	2.08240086e-02	-9.99177385e-03
1.03165000e+10	2.10581572e-02	-1.02135910e-02
1.03166500e+10	2.13012829e-02	-1.05085101e-02
1.03168000e+10	2.11157658e-02	-1.05847391e-02
1.03169500e+10	2.14297553e-02	-1.08662009e-02
1.03171000e+10	2.17012497e-02	-1.12251143e-02
1.03172500e+10	2.18526287e-02	-1.14209627e-02
1.03174000e+10	2.17624771e-02	-1.16481792e-02
1.03175500e+10	2.19578085e-02	-1.18857983e-02
1.03177000e+10	2.21501636e-02	-1.21630270e-02
1.03178500e+10	2.21555771e-02	-1.23751980e-02
1.03180000e+10	2.22140981e-02	-1.25853541e-02
1.03181500e+10	2.23005642e-02	-1.28484338e-02
1.03183000e+10	2.25982257e-02	-1.32525963e-02
1.03184500e+10	2.26709530e-02	-1.34675950e-02
1.03186000e+10	2.27773824e-02	-1.38271165e-02
1.03187500e+10	2.29266776e-02	-1.40897890e-02
1.03189000e+10	2.31268781e-02	-1.43889513e-02
1.03190500e+10	2.30673934e-02	-1.45655408e-02
1.03192000e+10	2.33290736e-02	-1.50075691e-02
1.03193500e+10	2.32513429e-02	-1.52276536e-02
1.03195000e+10	2.34089881e-02	-1.55426862e-02
1.03196500e+10	2.34582778e-02	-1.58671248e-02
1.03198000e+10	2.38086321e-02	-1.62945165e-02
1.03199500e+10	2.35970567e-02	-1.65062026e-02
1.03201000e+10	2.39391451e-02	-1.69587505e-02
1.03202500e+10	2.40296264e-02	-1.73997521e-02
1.03204000e+10	2.42575452e-02	-1.77605211e-02
1.03205500e+10	2.40420014e-02	-1.79392221e-02
1.03207000e+10	2.43157758e-02	-1.83427682e-02
1.03208500e+10	2.43946970e-02	-1.88473956e-02
1.03210000e+10	2.45399678e-02	-1.91914435e-02
1.03211500e+10	2.44512427e-02	-1.95280408e-02
1.03213000e+10	2.47268636e-02	-2.00447189e-02
1.03214500e+10	2.48221224e-02	-2.05245813e-02
1.03216000e+10	2.48906561e-02	-2.09239046e-02
1.03217500e+10	2.49073801e-02	-2.13984850e-02
1.03219000e+10	2.52032209e-02	-2.18816792e-02
1.03220500e+10	2.50673485e-02	-2.22461005e-02
1.03222000e+10	2.51759080e-02	-2.28581238e-02
1.03223500e+10	2.52510014e-02	-2.32190068e-02
1.03225000e+10	2.52719050e-02	-2.37675133e-02
1.03226500e+10	2.51552705e-02	-2.41097077e-02
1.03228000e+10	2.53836131e-02	-2.47669637e-02
1.03229500e+10	2.54180981e-02	-2.52051608e-02
1.03231000e+10	2.56400117e-02	-2.59313391e-02
1.03232500e+10	2.53931787e-02	-2.62930715e-02
1.03234000e+10	2.57330253e-02	-2.71951529e-02
1.03235500e+10	2.55362222e-02	-2.75073959e-02
1.03237000e+10	2.54207673e-02	-2.80209619e-02
1.03238500e+10	2.54611667e-02	-2.85316222e-02
1.03240000e+10	2.55849017e-02	-2.94156950e-02
1.03241500e+10	2.54363086e-02	-2.98412997e-02
1.03243000e+10	2.52822305e-02	-3.03335709e-02
1.03244500e+10	2.53316226e-02	-3.10792354e-02
1.03246000e+10	2.55561349e-02	-3.21284389e-02
1.03247500e+10	2.52166358e-02	-3.26131602e-02
1.03249000e+10	2.51459187e-02	-3.32463475e-02
1.03250500e+10	2.51137361e-02	-3.40203090e-02
1.03252000e+10	2.50275555e-02	-3.48399870e-02
1.03253500e+10	2.47757971e-02	-3.54084018e-02
1.03255000e+10	2.44827122e-02	-3.59171143e-02
1.03256500e+10	2.44142532e-02	-3.67873507e-02
1.03258000e+10	2.42515503e-02	-3.76993518e-02
1.03259500e+10	2.41051279e-02	-3.85384385e-02
1.03261000e+10	2.37843524e-02	-3.93673913e-02
1.03262500e+10	2.36538639e-02	-4.02775757e-02
1.03264000e+10	2.33507136e-02	-4.10286302e-02
1.03265500e+10	2.30884464e-02	-4.21002663e-02
1.03267000e+10	2.27285718e-02	-4.27566966e-02
1.03268500e+10	2.22911553e-02	-4.35284322e-02
1.03270000e+10	2.19247947e-02	-4.42471691e-02
1.03271500e+10	2.16312679e-02	-4.55043908e-02
1.03273000e+10	2.09899726e-02	-4.59354979e-02
1.03274500e+10	2.05707297e-02	-4.69661165e-02
1.03276000e+10	2.00876791e-02	-4.80379452e-02
1.03277500e+10	1.96746678e-02	-4.93084265e-02
1.03279000e+10	1.89459399e-02	-4.99659736e-02
1.03280500e+10	1.83452610e-02	-5.10502377e-02
1.03282000e+10	1.76602870e-02	-5.19037382e-02
1.03283500e+10	1.70321620e-02	-5.29761820e-02
1.03285000e+10	1.61013080e-02	-5.34375879e-02
1.03286500e+10	1.52567862e-02	-5.44618621e-02
1.03288000e+10	1.44512245e-02	-5.53881183e-02
1.03289500e+10	1.35883210e-02	-5.64992623e-02
1.03291000e+10	1.26393967e-02	-5.71145320e-02
1.03292500e+10	1.17166677e-02	-5.84564825e-02
1.03294000e+10	1.06265743e-02	-5.93545938e-02
1.03295500e+10	9.56214128e-03	-6.02315810e-02
1.03297000e+10	8.31439133e-03	-6.10788946e-02
1.03298500e+10	7.19404131e-03	-6.20546837e-02
1.03300000e+10	5.81006737e-03	-6.22496046e-02
1.03301500e+10	4.61454312e-03	-6.31587578e-02
1.03303000e+10	3.22698865e-03	-6.36837238e-02
1.03304500e+10	1.77874504e-03	-6.46000061e-02
1.03306000e+10	1.93237818e-04	-6.48640799e-02
1.03307500e+10	-1.18122250e-03	-6.59956377e-02
1.03309000e+10	-2.83707619e-03	-6.66565350e-02
1.03310500e+10	-4.50780414e-03	-6.72582761e-02
1.03312000e+10	-6.07664849e-03	-6.73051755e-02
1.03313500e+10	-7.79418827e-03	-6.80640871e-02
1.03315000e+10	-9.48521733e-03	-6.80907833e-02
1.03316500e+10	-1.12654910e-02	-6.82073626e-02
1.03318000e+10	-1.30198054e-02	-6.78712782e-02
1.03319500e+10	-1.48955503e-02	-6.83537904e-02
1.03321000e+10	-1.66972652e-02	-6.81311148e-02
1.03322500e+10	-1.85630886e-02	-6.82920736e-02
1.03324000e+10	-2.04635382e-02	-6.79930621e-02
1.03325500e+10	-2.24596172e-02	-6.80523806e-02
1.03327000e+10	-2.42267754e-02	-6.77072450e-02
1.03328500e+10	-2.62296561e-02	-6.74269559e-02
1.03330000e+10	-2.79315718e-02	-6.64767228e-02
1.03331500e+10	-2.96609010e-02	-6.56698523e-02
1.03333000e+10	-3.14062215e-02	-6.49197537e-02
1.03334500e+10	-3.32229443e-02	-6.43316169e-02
1.03336000e+10	-3.48048367e-02	-6.31102106e-02
1.03337500e+10	-3.64416242e-02	-6.21637920e-02
1.03339000e+10	-3.82575351e-02	-6.16143496e-02
1.03340500e+10	-4.00524136e-02	-6.07256974e-02
1.03342000e+10	-4.14249455e-02	-5.93368604e-02
1.03343500e+10	-4.28320348e-02	-5.81022570e-02
1.03345000e+10	-4.44339705e-02	-5.70531648e-02
1.03346500e+10	-4.56477605e-02	-5.55695565e-02
1.03348000e+10	-4.65632017e-02	-5.38070738e-02
1.03349500e+10	-4.75957592e-02	-5.22494283e-02
1.03351000e+10	-4.91039931e-02	-5.12573737e-02
1.03352500e+10	-4.99068439e-02	-4.95164872e-02
1.03354000e+10	-5.08918340e-02	-4.79863589e-02
1.03355500e+10	-5.18987292e-02	-4.66297813e-02
1.03357000e+10	-5.29979206e-02	-4.53652127e-02
1.03358500e+10	-5.35575897e-02	-4.36761490e-02
1.03360000e+10	-5.43608020e-02	-4.21163272e-02
1.03361500e+10	-5.46162075e-02	-4.03755999e-02
1.03363000e+10	-5.52452549e-02	-3.88929568e-02
1.03364500e+10	-5.53881305e-02	-3.70892545e-02
1.03366000e+10	-5.59331975e-02	-3.56235676e-02
1.03367500e+10	-5.59393813e-02	-3.39501447e-02
1.03369000e+10	-5.64420242e-02	-3.26292757e-02
1.03370500e+10	-5.66427445e-02	-3.11207101e-02
1.03372000e+10	-5.71984738e-02	-2.98670222e-02
1.03373500e+10	-5.70415269e-02	-2.82077402e-02
1.03375000e+10	-5.72057724e-02	-2.69297853e-02
1.03376500e+10	-5.71372375e-02	-2.54545922e-02
1.03378000e+10	-5.71891073e-02	-2.41538444e-02
1.03379500e+10	-5.64737368e-02	-2.25740455e-02
1.03381000e+10	-5.66097075e-02	-2.13328146e-02
1.03382500e+10	-5.63887899e-02	-2.00612469e-02
1.03384000e+10	-5.62647502e-02	-1.88309251e-02
1.03385500e+10	-5.58349689e-02	-1.75748400e-02
1.03387000e+10	-5.59572582e-02	-1.64967728e-02
1.03388500e+10	-5.56810272e-02	-1.53233530e-02
1.03390000e+10	-5.55218476e-02	-1.43657946e-02
1.03391500e+10	-5.50055178e-02	-1.31764182e-02
1.03393000e+10	-5.47186157e-02	-1.20983078e-02
1.03394500e+10	-5.39593229e-02	-1.10623108e-02
1.03396000e+10	-5.36557616e-02	-1.01108453e-02
1.03397500e+10	-5.30311989e-02	-9.10517098e-03
1.03399000e+10	-5.29970730e-02	-8.23448459e-03
1.03400500e+10	-5.22072787e-02	-7.27346182e-03
1.03402000e+10	-5.22025923e-02	-6.55134843e-03
1.03403500e+10	-5.16594527e-02	-5.66801606e-03
1.03405000e+10	-5.13170246e-02	-4.83387747e-03
1.03406500e+10	-5.05410986e-02	-4.09252546e-03
1.03408000e+10	-5.04797804e-02	-3.32615490e-03
1.03409500e+10	-4.96818976e-02	-2.60485552e-03
1.03411000e+10	-4.90144061e-02	-1.86598985e-03
1.03412500e+10	-4.83688889e-02	-1.17266439e-03
1.03414000e+10	-4.83330013e-02	-6.11328863e-04
1.03415500e+10	-4.74786259e-02	4.79700776e-05
1.03417000e+10	-4.70357753e-02	6.40923877e-04
1.03418500e+10	-4.66681639e-02	1.26988332e-03
1.03420000e+10	-4.65202064e-02	1.75806052e-03
1.03421500e+10	-4.58556933e-02	2.38909137e-03
1.03423000e+10	-4.50317133e-02	2.93010461e-03
1.03424500e+10	-4.48451055e-02	3.43683373e-03
1.03426000e+10	-4.43920287e-02	3.91484168e-03
1.03427500e+10	-4.36892707e-02	4.30246658e-03
1.03429000e+10	-4.31365616e-02	4.80911392e-03
1.03430500e+10	-4.28090956e-02	5.28995649e-03
1.03432000e+10	-4.21886345e-02	5.70043616e-03
1.03433500e+10	-4.20055889e-02	6.19655663e-03
1.03435000e+10	-4.14670042e-02	6.51996423e-03
1.03436500e+10	-4.09999490e-02	6.99789965e-03
1.03438000e+10	-4.04837329e-02	7.29582615e-03
1.03439500e+10	-4.03215040e-02	7.60433567e-03
1.03441000e+10	-3.95835830e-02	7.98702332e-03
1.03442500e+10	-3.89499360e-02	8.26160009e-03
1.03444000e+10	-3.84457219e-02	8.58459184e-03
1.03445500e+10	-3.82676296e-02	8.95957858e-03
1.03447000e+10	-3.78835530e-02	9.25570343e-03
1.03448500e+10	-3.73014256e-02	9.52469517e-03
1.03450000e+10	-3.69570042e-02	9.83642875e-03
1.03451500e+10	-3.67411644e-02	1.01544151e-02
1.03453000e+10	-3.61293499e-02	1.02860582e-02
1.03454500e+10	-3.56235376e-02	1.05875442e-02
1.03456000e+10	-3.52539634e-02	1.06758902e-02
1.03457500e+10	-3.48771166e-02	1.10582829e-02
1.03459000e+10	-3.42178136e-02	1.11673879e-02
1.03460500e+10	-3.39036445e-02	1.14627584e-02
1.03462000e+10	-3.36681702e-02	1.16502692e-02
1.03463500e+10	-3.32120849e-02	1.18595080e-02
1.03465000e+10	-3.28422837e-02	1.19522050e-02
1.03466500e+10	-3.26942322e-02	1.23236640e-02
1.03468000e+10	-3.21532732e-02	1.23959189e-02
1.03469500e+10	-3.18969219e-02	1.26704372e-02
1.03471000e+10	-3.12107770e-02	1.26773450e-02
1.03472500e+10	-3.10774263e-02	1.29173553e-02
1.03474000e+10	-3.05059117e-02	1.29711757e-02
1.03475500e+10	-3.03528473e-02	1.32087781e-02
1.03477000e+10	-2.99302452e-02	1.33293121e-02
1.03478500e+10	-2.98438129e-02	1.35171574e-02
1.03480000e+10	-2.91170107e-02	1.35893273e-02
1.03481500e+10	-2.90408928e-02	1.38728178e-02
1.03483000e+10	-2.86499819e-02	1.39453903e-02
1.03484500e+10	-2.84220198e-02	1.41460637e-02
1.03486000e+10	-2.77807754e-02	1.40539266e-02
1.03487500e+10	-2.77786799e-02	1.42963773e-02
1.03489000e+10	-2.72889417e-02	1.43684891e-02
1.03490500e+10	-2.70681145e-02	1.44054854e-02
1.03492000e+10	-2.65186295e-02	1.44686833e-02
1.03493500e+10	-2.64288419e-02	1.46671065e-02
1.03495000e+10	-2.61579942e-02	1.48564434e-02
1.03496500e+10	-2.58563517e-02	1.48773899e-02
1.03498000e+10	-2.55330873e-02	1.49335463e-02
1.03499500e+10	-2.52824999e-02	1.49910333e-02
1.03501000e+10	-2.49413506e-02	1.50919257e-02
1.03502500e+10	-2.45376190e-02	1.51528968e-02
1.03504000e+10	-2.43396189e-02	1.51494220e-02
1.03505500e+10	-2.39535183e-02	1.52618586e-02
1.03507000e+10	-2.37237836e-02	1.53625947e-02
1.03508500e+10	-2.34806727e-02	1.55238376e-02
1.03510000e+10	-2.32524370e-02	1.55249812e-02
1.03511500e+10	-2.28283372e-02	1.55103404e-02
1.03513000e+10	-2.27350054e-02	1.57382240e-02
1.03514500e+10	-2.25584220e-02	1.57644774e-02
1.03516000e+10	-2.22206519e-02	1.57074180e-02
1.03517500e+10	-2.18109592e-02	1.56981688e-02
1.03519000e+10	-2.15896101e-02	1.58114607e-02
1.03520500e+10	-2.14808400e-02	1.58774361e-02
1.03522000e+10	-2.11046980e-02	1.57527263e-02
1.03523500e+10	-2.07824038e-02	1.58305728e-02
1.03525000e+10	-2.07954639e-02	1.59766143e-02
1.03526500e+10	-2.04585648e-02	1.61444673e-02
1.03528000e+10	-2.01858762e-02	1.61123660e-02
1.03529500e+10	-1.99602259e-02	1.60533257e-02
1.03531000e+10	-1.98719325e-02	1.61810633e-02
1.03532500e+10	-1.94463402e-02	1.61404281e-02
1.03534000e+10	-1.91957810e-02	1.60919960e-02
1.03535500e+10	-1.89521335e-02	1.61312062e-02
1.03537000e+10	-1.87627075e-02	1.62030393e-02
1.03538500e+10	-1.85314520e-02	1.61906020e-02
1.03540000e+10	-1.83317245e-02	1.62685903e-02
1.03541500e+10	-1.81026260e-02	1.62528605e-02
1.03543000e+10	-1.80871561e-02	1.63527532e-02
1.03544500e+10	-1.76867343e-02	1.62837748e-02
1.03546000e+10	-1.76013783e-02	1.64330360e-02
1.03547500e+10	-1.72162010e-02	1.63155503e-02
1.03549000e+10	-1.71071617e-02	1.63248056e-02
1.03550500e+10	-1.68210123e-02	1.62460023e-02
1.03552000e+10	-1.66669501e-02	1.64717909e-02
1.03553500e+10	-1.62952897e-02	1.62957967e-02
1.03555000e+10	-1.62961898e-02	1.63424101e-02
1.03556500e+10	-1.60966873e-02	1.63197779e-02
1.03558000e+10	-1.60134346e-02	1.66122433e-02
1.03559500e+10	-1.56835014e-02	1.64202442e-02
1.03561000e+10	-1.56026535e-02	1.64729608e-02
1.03562500e+10	-1.53252819e-02	1.64336953e-02
1.03564000e+10	-1.51434163e-02	1.64392291e-02
1.03565500e+10	-1.47798822e-02	1.63292509e-02
1.03567000e+10	-1.46431955e-02	1.62883661e-02
1.03568500e+10	-1.44809595e-02	1.63360772e-02
1.03570000e+10	-1.43706552e-02	1.64073261e-02
1.03571500e+10	-1.42076489e-02	1.64087857e-02
1.03573000e+10	-1.40097705e-02	1.65241464e-02
1.03574500e+10	-1.37763951e-02	1.64274954e-02
1.03576000e+10	-1.37694128e-02	1.65125345e-02
1.03577500e+10	-1.35369142e-02	1.64309086e-02
1.03579000e+10	-1.32879894e-02	1.63747057e-02
1.03580500e+10	-1.30680999e-02	1.62834780e-02
1.03582000e+10	-1.29812196e-02	1.62952966e-02
1.03583500e+10	-1.27902916e-02	1.62960460e-02
1.03585000e+10	-1.25678395e-02	1.63543845e-02
1.03586500e+10	-1.23402038e-02	1.62592654e-02
1.03588000e+10	-1.22988008e-02	1.63476625e-02
1.03589500e+10	-1.22610930e-02	1.63997100e-02
1.03591000e+10	-1.19774932e-02	1.63792136e-02
1.03592500e+10	-1.17887914e-02	1.63109212e-02
1.03594000e+10	-1.17179724e-02	1.63876741e-02
1.03595500e+10	-1.15396417e-02	1.63470985e-02
1.03597000e+10	-1.12485944e-02	1.61738571e-02
1.03598500e+10	-1.11270888e-02	1.61462068e-02
1.03600000e+10	-1.10365523e-02	1.61778198e-02
1.03601500e+10	-1.08851949e-02	1.61932737e-02
1.03603000e+10	-1.06856491e-02	1.60671019e-02
1.03604500e+10	-1.06236521e-02	1.61820207e-02
1.03606000e+10	-1.04444365e-02	1.61794924e-02
1.03607500e+10	-1.03779378e-02	1.61689804e-02
1.03609000e+10	-1.01435804e-02	1.61498883e-02
1.03610500e+10	-9.90255729e-03	1.60246961e-02
1.03612000e+10	-9.86874666e-03	1.59946452e-02
1.03613500e+10	-9.66333430e-03	1.60589648e-02
1.03615000e+10	-9.48037009e-03	1.59046763e-02
1.03616500e+10	-9.47693871e-03	1.58976256e-02
1.03618000e+10	-9.23849148e-03	1.59474092e-02
1.03619500e+10	-9.15332740e-03	1.59353050e-02
1.03621000e+10	-8.92300264e-03	1.59603898e-02
1.03622500e+10	-8.84620985e-03	1.59554864e-02
1.03624000e+10	-8.70644026e-03	1.59052929e-02
1.03625500e+10	-8.65727176e-03	1.59619079e-02
1.03627000e+10	-8.44234720e-03	1.57868115e-02
1.03628500e+10	-8.34587771e-03	1.57747866e-02
1.03630000e+10	-8.13283525e-03	1.57041444e-02
1.03631500e+10	-8.13395030e-03	1.57148392e-02
1.03633000e+10	-7.90664006e-03	1.56151423e-02
1.03634500e+10	-7.87170521e-03	1.57724452e-02
1.03636000e+10	-7.77733202e-03	1.56319878e-02
1.03637500e+10	-7.68540843e-03	1.57459969e-02
1.03639000e+10	-7.44159682e-03	1.55248718e-02
1.03640500e+10	-7.37035250e-03	1.56549262e-02
1.03642000e+10	-7.27208076e-03	1.54618152e-02
1.03643500e+10	-7.04429319e-03	1.54486068e-02
1.03645000e+10	-6.98580733e-03	1.53338655e-02
1.03646500e+10	-6.83443720e-03	1.54165376e-02
1.03648000e+10	-6.67210863e-03	1.53105782e-02
1.03649500e+10	-6.63712487e-03	1.52426229e-02
1.03651000e+10	-6.44515198e-03	1.53264032e-02
1.03652500e+10	-6.46586486e-03	1.53952723e-02
1.03654000e+10	-6.31778408e-03	1.51845852e-02
1.03655500e+10	-6.14937320e-03	1.52953682e-02
1.03657000e+10	-6.08996115e-03	1.52061282e-02
1.03658500e+10	-5.96025786e-03	1.51442985e-02
1.03660000e+10	-5.74687504e-03	1.49605993e-02
1.03661500e+10	-5.74952537e-03	1.50598354e-02
1.03663000e+10	-5.59753569e-03	1.51032808e-02
1.03664500e+10	-5.45817616e-03	1.48947452e-02
1.03666000e+10	-5.36314821e-03	1.48766913e-02
1.03667500e+10	-5.27465076e-03	1.49826505e-02
1.03669000e+10	-5.21038958e-03	1.49695037e-02
1.03670500e+10	-5.11933739e-03	1.49374865e-02
1.03672000e+10	-4.97866888e-03	1.48294844e-02
1.03673500e+10	-4.92703262e-03	1.48073662e-02
1.03675000e+10	-4.78340226e-03	1.47223626e-02
1.03676500e+10	-4.66211054e-03	1.46421206e-02
1.03678000e+10	-4.53658778e-03	1.46366373e-02
1.03679500e+10	-4.44522251e-03	1.45248339e-02
1.03681000e+10	-4.38459017e-03	1.45884440e-02
1.03682500e+10	-4.38296956e-03	1.45436817e-02
1.03684000e+10	-4.22284251e-03	1.44948165e-02
1.03685500e+10	-4.11973933e-03	1.44497080e-02
1.03687000e+10	-3.99364066e-03	1.44282660e-02
1.03688500e+10	-3.89237150e-03	1.44500540e-02
1.03690000e+10	-3.82641955e-03	1.43134078e-02
1.03691500e+10	-3.67805673e-03	1.42307693e-02
1.03693000e+10	-3.68553586e-03	1.42471878e-02
1.03694500e+10	-3.57451713e-03	1.41635787e-02
1.03696000e+10	-3.47224349e-03	1.40969025e-02
1.03697500e+10	-3.31420688e-03	1.40106809e-02
1.03699000e+10	-3.33668387e-03	1.41275344e-02
1.03700500e+10	-3.22249411e-03	1.41180814e-02
1.03702000e+10	-3.11632066e-03	1.39873236e-02
1.03703500e+10	-3.04771009e-03	1.39479798e-02
1.03705000e+10	-2.97728421e-03	1.39408796e-02
1.03706500e+10	-2.85725931e-03	1.38192574e-02
1.03708000e+10	-2.72354486e-03	1.37304696e-02
1.03709500e+10	-2.66210519e-03	1.36885305e-02
1.03711000e+10	-2.60876121e-03	1.37917819e-02
1.03712500e+10	-2.51447377e-03	1.36336125e-02
1.03714000e+10	-2.49178747e-03	1.37313317e-02
1.03715500e+10	-2.39353036e-03	1.35869543e-02
1.03717000e+10	-2.22191887e-03	1.35528673e-02
1.03718500e+10	-2.18286902e-03	1.35144458e-02
1.03720000e+10	-2.14867017e-03	1.35148340e-02
1.03721500e+10	-2.04482534e-03	1.33777090e-02
1.03723000e+10	-1.92778371e-03	1.33419621e-02
1.03724500e+10	-1.81593149e-03	1.31958007e-02
1.03726000e+10	-1.80712802e-03	1.33081058e-02
1.03727500e+10	-1.69249792e-03	1.31345428e-02
1.03729000e+10	-1.69038709e-03	1.31876942e-02
1.03730500e+10	-1.63110654e-03	1.31424424e-02
1.03732000e+10	-1.52357878e-03	1.31664987e-02
1.03733500e+10	-1.34401426e-03	1.29482281e-02
1.03735000e+10	-1.31659040e-03	1.29362918e-02
1.03736500e+10	-1.26544119e-03	1.28801076e-02
1.03738000e+10	-1.24858583e-03	1.28613949e-02
1.03739500e+10	-1.13449426e-03	1.27276982e-02
1.03741000e+10	-1.08771176e-03	1.27803255e-02
1.03742500e+10	-9.52549417e-04	1.27727025e-02
1.03744000e+10	-9.37148823e-04	1.27935599e-02
1.03745500e+10	-8.01739187e-04	1.26159319e-02
1.03747000e+10	-7.66046559e-04	1.26442734e-02
1.03748500e+10	-6.88292472e-04	1.25308985e-02
1.03750000e+10	-6.33630817e-04	1.25128188e-02
1.03751500e+10	-5.37112089e-04	1.24285002e-02
1.03753000e+10	-4.90697954e-04	1.23885972e-02
1.03754500e+10	-4.40955427e-04	1.22509880e-02
1.03756000e+10	-4.12039951e-04	1.23170662e-02
1.03757500e+10	-3.12444866e-04	1.22815753e-02
1.03759000e+10	-2.36832754e-04	1.22857477e-02
1.03760500e+10	-1.94306850e-04	1.21635370e-02
1.03762000e+10	-1.60374118e-04	1.21002204e-02
1.03763500e+10	-1.98599570e-05	1.21626985e-02
1.03765000e+10	-4.16802389e-05	1.19609646e-02
1.03766500e+10	9.02819467e-05	1.18472160e-02
1.03768000e+10	1.50452642e-04	1.19578764e-02
1.03769500e+10	2.41032590e-04	1.18058838e-02
1.03771000e+10	2.61919718e-04	1.18142528e-02
1.03772500e+10	2.98720113e-04	1.17702609e-02
1.03774000e+10	4.07928146e-04	1.17181371e-02
1.03775500e+10	3.98663884e-04	1.15952027e-02
1.03777000e+10	4.87816031e-04	1.16431177e-02
1.03778500e+10	4.54855634e-04	1.15454140e-02
1.03780000e+10	5.75387610e-04	1.15405122e-02
1.03781500e+10	6.50509689e-04	1.14728692e-02
1.03783000e+10	6.08985321e-04	1.13264963e-02
1.03784500e+10	7.14208527e-04	1.13663398e-02
1.03786000e+10	7.95209216e-04	1.13051907e-02
1.03787500e+10	7.96429534e-04	1.13106771e-02
1.03789000e+10	9.02744463e-04	1.12160836e-02
1.03790500e+10	1.00217934e-03	1.12497216e-02
1.03792000e+10	9.48817612e-04	1.10898544e-02
1.03793500e+10	1.06228561e-03	1.11303336e-02
1.03795000e+10	1.11792102e-03	1.10832132e-02
1.03796500e+10	1.18610374e-03	1.10246246e-02
1.03798000e+10	1.21366786e-03	1.08633428e-02
1.03799500e+10	1.24051086e-03	1.09830095e-02
1.03801000e+10	1.27685433e-03	1.07701024e-02
1.03802500e+10	1.35334884e-03	1.07513323e-02
1.03804000e+10	1.49130841e-03	1.06983426e-02
1.03805500e+10	1.43701507e-03	1.07152752e-02
1.03807000e+10	1.49806840e-03	1.06955478e-02
1.03808500e+10	1.55923756e-03	1.05798608e-02
1.03810000e+10	1.58182592e-03	1.05243745e-02
1.03811500e+10	1.61113802e-03	1.05563738e-02
1.03813000e+10	1.65548752e-03	1.04020747e-02
1.03814500e+10	1.75908450e-03	1.03773953e-02
1.03816000e+10	1.80013968e-03	1.02869172e-02
1.03817500e+10	1.81693349e-03	1.03174870e-02
1.03819000e+10	1.82890846e-03	1.01614750e-02
1.03820500e+10	1.86087778e-03	1.03082228e-02
1.03822000e+10	1.96980750e-03	1.02131132e-02
1.03823500e+10	2.00042720e-03	1.01279940e-02
1.03825000e+10	2.02980742e-03	1.00948847e-02
1.03826500e+10	2.07431440e-03	1.01222183e-02
1.03828000e+10	2.07853226e-03	9.92860688e-03
1.03829500e+10	2.18537918e-03	9.82318059e-03
1.03831000e+10	2.09130757e-03	9.82169097e-03
1.03832500e+10	2.22770744e-03	9.84073112e-03
1.03834000e+10	2.22922739e-03	9.75070551e-03
1.03835500e+10	2.21805593e-03	9.74978242e-03
1.03837000e+10	2.32733592e-03	9.65169043e-03
1.03838500e+10	2.40862948e-03	9.64280041e-03
1.03840000e+10	2.38774424e-03	9.59402480e-03
1.03841500e+10	2.45222457e-03	9.53275461e-03
1.03843000e+10	2.49729489e-03	9.51623949e-03
1.03844500e+10	2.51548279e-03	9.43529472e-03
1.03846000e+10	2.48183550e-03	9.37228044e-03
1.03847500e+10	2.59325540e-03	9.39024979e-03
1.03849000e+10	2.55208820e-03	9.22771139e-03
1.03850500e+10	2.59287948e-03	9.23160102e-03
1.03852000e+10	2.65620391e-03	9.17320455e-03
1.03853500e+10	2.69180365e-03	9.16178100e-03
1.03855000e+10	2.71449269e-03	9.07855003e-03
1.03856500e+10	2.73826425e-03	9.03091260e-03
1.03858000e+10	2.77610995e-03	9.05050679e-03
1.03859500e+10	2.81105045e-03	8.94862158e-03
1.03861000e+10	2.79304312e-03	8.85981466e-03
1.03862500e+10	2.94040186e-03	8.86765285e-03
1.03864000e+10	2.87489940e-03	8.85284398e-03
1.03865500e+10	2.95811182e-03	8.70901002e-03
1.03867000e+10	2.99893579e-03	8.81321417e-03
1.03868500e+10	2.98682033e-03	8.75893533e-03
1.03870000e+10	2.99112694e-03	8.64047193e-03
1.03871500e+10	2.97499017e-03	8.54637282e-03
1.03873000e+10	3.11390866e-03	8.60896016e-03
1.03874500e+10	3.13654021e-03	8.51352892e-03
1.03876000e+10	3.11903887e-03	8.44630043e-03
1.03877500e+10	3.10242856e-03	8.37399376e-03
1.03879000e+10	3.17415331e-03	8.36991588e-03
1.03880500e+10	3.17424467e-03	8.27152445e-03
1.03882000e+10	3.18602810e-03	8.24090615e-03
1.03883500e+10	3.22839095e-03	8.19872422e-03
1.03885000e+10	3.27131011e-03	8.24638627e-03
1.03886500e+10	3.24764433e-03	8.15864602e-03
1.03888000e+10	3.37697523e-03	8.07685176e-03
1.03889500e+10	3.35069047e-03	8.03286166e-03
1.03891000e+10	3.34050634e-03	7.96758794e-03
1.03892500e+10	3.39751043e-03	7.89697639e-03
1.03894000e+10	3.46327034e-03	7.88715433e-03
1.03895500e+10	3.37742159e-03	7.81751787e-03
1.03897000e+10	3.51402068e-03	7.80504192e-03
1.03898500e+10	3.44250675e-03	7.75507495e-03
1.03900000e+10	3.48813316e-03	7.73895960e-03
1.03901500e+10	3.47133258e-03	7.67395396e-03
1.03903000e+10	3.57124251e-03	7.65085994e-03
1.03904500e+10	3.59990191e-03	7.60484094e-03
1.03906000e+10	3.60482772e-03	7.58903854e-03
1.03907500e+10	3.58785855e-03	7.48841703e-03
1.03909000e+10	3.67043768e-03	7.45637899e-03
1.03910500e+10	3.61340998e-03	7.43654756e-03
1.03912000e+10	3.59506584e-03	7.32157734e-03
1.03913500e+10	3.63141530e-03	7.33889779e-03
1.03915000e+10	3.68608391e-03	7.32408703e-03
1.03916500e+10	3.73010595e-03	7.23577199e-03
1.03918000e+10	3.78059658e-03	7.32312792e-03
1.03919500e+10	3.73205702e-03	7.13757376e-03
1.03921000e+10	3.80755939e-03	7.14041283e-03
1.03922500e+10	3.66288513e-03	7.12021938e-03
1.03924000e+10	3.73973082e-03	6.97316945e-03
1.03925500e+10	3.78834053e-03	6.96934372e-03
1.03927000e+10	3.75125540e-03	6.99992436e-03
1.03928500e+10	3.82158426e-03	6.87037608e-03
1.03930000e+10	3.81422677e-03	6.89940490e-03
1.03931500e+10	3.83112046e-03	6.87921970e-03
1.03933000e+10	3.89867050e-03	6.82417452e-03
1.03934500e+10	3.86530363e-03	6.77828787e-03
1.03936000e+10	3.98326398e-03	6.76394602e-03
1.03937500e+10	3.93297038e-03	6.70588401e-03
1.03939000e+10	3.89271942e-03	6.63080422e-03
1.03940500e+10	3.91238997e-03	6.54148146e-03
1.03942000e+10	3.90415367e-03	6.59991120e-03
1.03943500e+10	3.95188855e-03	6.45907134e-03
1.03945000e+10	3.95947805e-03	6.38949985e-03
1.03946500e+10	3.98906295e-03	6.38413572e-03
1.03948000e+10	4.04445857e-03	6.44449876e-03
1.03949500e+10	4.11147615e-03	6.45320770e-03
1.03951000e+10	4.03818060e-03	6.25131845e-03
1.03952500e+10	4.06295837e-03	6.31200668e-03
1.03954000e+10	4.07139023e-03	6.24393471e-03
1.03955500e+10	4.07787051e-03	6.18092439e-03
1.03957000e+10	3.97379656e-03	6.08750824e-03
1.03958500e+10	4.07418209e-03	6.10584828e-03
1.03960000e+10	4.04847367e-03	6.09900828e-03
1.03961500e+10	4.08824798e-03	6.05917266e-03
1.03963000e+10	4.13579228e-03	5.96347132e-03
1.03964500e+10	4.15737012e-03	6.01143139e-03
1.03966000e+10	4.12416308e-03	6.00377476e-03
1.03967500e+10	4.17882439e-03	5.91727877e-03
1.03969000e+10	4.16363721e-03	5.79954706e-03
1.03970500e+10	4.18988817e-03	5.74708147e-03
1.03972000e+10	4.13260256e-03	5.72484302e-03
1.03973500e+10	4.21689698e-03	5.76926844e-03
1.03975000e+10	4.19321088e-03	5.65300435e-03
1.03976500e+10	4.14075369e-03	5.62611972e-03
1.03978000e+10	4.23117716e-03	5.57800331e-03
1.03979500e+10	4.22715024e-03	5.62501260e-03
1.03981000e+10	4.30233443e-03	5.52425282e-03
1.03982500e+10	4.30379987e-03	5.57705332e-03
1.03984000e+10	4.23708543e-03	5.50302315e-03
1.03985500e+10	4.31520682e-03	5.45421379e-03
1.03987000e+10	4.21025177e-03	5.38506909e-03
1.03988500e+10	4.24053141e-03	5.33282620e-03
1.03990000e+10	4.26681754e-03	5.37750008e-03
1.03991500e+10	4.23553733e-03	5.30005333e-03
1.03993000e+10	4.23582868e-03	5.24989427e-03
1.03994500e+10	4.31683409e-03	5.27033294e-03
1.03996000e+10	4.33747241e-03	5.20414795e-03
1.03997500e+10	4.31536155e-03	5.11461121e-03
1.03999000e+10	4.29840987e-03	5.08072294e-03
1.04000500e+10	4.32391069e-03	5.12987271e-03
1.04002000e+10	4.28846516e-03	5.03325188e-03
1.04003500e+10	4.26645849e-03	5.04004869e-03
1.04005000e+10	4.33596688e-03	4.97372103e-03
1.04006500e+10	4.39199748e-03	5.00440185e-03
1.04008000e+10	4.26477516e-03	4.92839800e-03
1.04009500e+10	4.38874607e-03	4.96171460e-03
1.04011000e+10	4.35207035e-03	4.93099239e-03
1.04012500e+10	4.34349638e-03	4.84566444e-03
1.04014000e+10	4.37020563e-03	4.80510978e-03
1.04015500e+10	4.30965242e-03	4.78195018e-03
1.04017000e+10	4.40075389e-03	4.68448991e-03
1.04018500e+10	4.37051650e-03	4.63501676e-03
1.04020000e+10	4.39429121e-03	4.62743960e-03
1.04021500e+10	4.42421076e-03	4.56776841e-03
1.04023000e+10	4.43448414e-03	4.62601026e-03
1.04024500e+10	4.37840616e-03	4.56600258e-03
1.04026000e+10	4.40287888e-03	4.46188237e-03
1.04027500e+10	4.43115470e-03	4.48943750e-03
1.04029000e+10	4.39355463e-03	4.48622633e-03
1.04030500e+10	4.32627802e-03	4.37238129e-03
1.04032000e+10	4.33512616e-03	4.40462907e-03
1.04033500e+10	4.39056572e-03	4.35662970e-03
1.04035000e+10	4.35183187e-03	4.30047298e-03
1.04036500e+10	4.33885390e-03	4.22537289e-03
1.04038000e+10	4.37736891e-03	4.32366060e-03
1.04039500e+10	4.31312840e-03	4.21307240e-03
1.04041000e+10	4.45085375e-03	4.17151390e-03
1.04042500e+10	4.37545826e-03	4.19807262e-03
1.04044000e+10	4.43014360e-03	4.12683752e-03
1.04045500e+10	4.33305405e-03	4.09955593e-03
1.04047000e+10	4.41355010e-03	4.11411399e-03
1.04048500e+10	4.38617300e-03	3.99304954e-03
1.04050000e+10	4.33544569e-03	4.02000183e-03
1.04051500e+10	4.33589706e-03	4.05924368e-03
1.04053000e+10	4.39074949e-03	3.98260488e-03
1.04054500e+10	4.33366745e-03	3.97200903e-03
1.04056000e+10	4.39168273e-03	3.96488405e-03
1.04057500e+10	4.41588757e-03	3.85186580e-03
1.04059000e+10	4.39694155e-03	3.89923983e-03
1.04060500e+10	4.37919926e-03	3.85360204e-03
1.04062000e+10	4.38640481e-03	3.75973369e-03
1.04063500e+10	4.40734988e-03	3.71908308e-03
1.04065000e+10	4.34861809e-03	3.79065083e-03
1.04066500e+10	4.38003935e-03	3.66555616e-03
1.04068000e+10	4.34258725e-03	3.70196703e-03
1.04069500e+10	4.39276980e-03	3.68380664e-03
1.04071000e+10	4.46268095e-03	3.61051295e-03
1.04072500e+10	4.39369074e-03	3.59670670e-03
1.04074000e+10	4.37960793e-03	3.57808743e-03
1.04075500e+10	4.31402862e-03	3.53578787e-03
1.04077000e+10	4.37013134e-03	3.50087008e-03
1.04078500e+10	4.33284230e-03	3.48939909e-03
1.04080000e+10	4.40730319e-03	3.44971600e-03
1.04081500e+10	4.36533734e-03	3.39459358e-03
1.04083000e+10	4.34298096e-03	3.37961866e-03
1.04084500e+10	4.33953654e-03	3.35802536e-03
1.04086000e+10	4.40012115e-03	3.39069316e-03
1.04087500e+10	4.36392272e-03	3.29171891e-03
1.04089000e+10	4.38329021e-03	3.30414578e-03
1.04090500e+10	4.32922114e-03	3.31618921e-03
1.04092000e+10	4.27864080e-03	3.26666542e-03
1.04093500e+10	4.28443265e-03	3.29613415e-03
1.04095000e+10	4.30548926e-03	3.20998783e-03
1.04096500e+10	4.27877034e-03	3.11493118e-03
1.04098000e+10	4.29407292e-03	3.10175497e-03
1.04099500e+10	4.30277832e-03	3.07583833e-03
1.04101000e+10	4.30332181e-03	3.11930266e-03
1.04102500e+10	4.30952347e-03	3.09538184e-03
1.04104000e+10	4.29361088e-03	3.08467465e-03
1.04105500e+10	4.27975313e-03	2.98832264e-03
1.04107000e+10	4.34219384e-03	2.98955583e-03
1.04108500e+10	4.31235233e-03	2.94768377e-03
1.04110000e+10	4.30313747e-03	2.93260562e-03
1.04111500e+10	4.32046891e-03	2.92965163e-03
1.04113000e+10	4.25952600e-03	2.87096575e-03
1.04114500e+10	4.28280127e-03	2.85610285e-03
1.04116000e+10	4.24086824e-03	2.87606674e-03
1.04117500e+10	4.24539572e-03	2.87562915e-03
1.04119000e+10	4.25578745e-03	2.79566750e-03
1.04120500e+10	4.31596024e-03	2.84740859e-03
1.04122000e+10	4.27910036e-03	2.79013446e-03
1.04123500e+10	4.26415672e-03	2.79379826e-03
1.04125000e+10	4.28812450e-03	2.66483826e-03
1.04126500e+10	4.24248395e-03	2.68699656e-03
1.04128000e+10	4.26584491e-03	2.62344973e-03
1.04129500e+10	4.20067259e-03	2.65039483e-03
1.04131000e+10	4.19894726e-03	2.64746265e-03
1.04132500e+10	4.32162324e-03	2.68394046e-03
1.04134000e+10	4.27130840e-03	2.53174226e-03
1.04135500e+10	4.22693766e-03	2.57954891e-03
1.04137000e+10	4.23313680e-03	2.49627762e-03
1.04138500e+10	4.23016217e-03	2.55375237e-03
1.04140000e+10	4.18649639e-03	2.51933827e-03
1.04141500e+10	4.17867689e-03	2.43396777e-03
1.04143000e+10	4.17323355e-03	2.45123213e-03
1.04144500e+10	4.21380888e-03	2.41966732e-03
1.04146000e+10	4.15638547e-03	2.36410959e-03
1.04147500e+10	4.16185991e-03	2.40429759e-03
1.04149000e+10	4.24571579e-03	2.39152967e-03
1.04150500e+10	4.21989675e-03	2.33025422e-03
1.04152000e+10	4.20085162e-03	2.34149200e-03
1.04153500e+10	4.16787218e-03	2.33744169e-03
1.04155000e+10	4.22465737e-03	2.25648720e-03
1.04156500e+10	4.15467578e-03	2.17011167e-03
1.04158000e+10	4.13878466e-03	2.16775780e-03
1.04159500e+10	4.10021387e-03	2.20981202e-03
1.04161000e+10	4.14860841e-03	2.20958186e-03
1.04162500e+10	4.16111595e-03	2.20267296e-03
1.04164000e+10	4.12534342e-03	2.15837846e-03
1.04165500e+10	4.23478928e-03	2.15890211e-03
1.04167000e+10	4.21160705e-03	2.17404883e-03
1.04168500e+10	4.12444180e-03	2.12294534e-03
1.04170000e+10	4.14466456e-03	2.06261328e-03
1.04171500e+10	4.15104342e-03	2.02408761e-03
1.04173000e+10	4.06950101e-03	2.01926243e-03
1.04174500e+10	4.09266213e-03	2.02034389e-03
1.04176000e+10	4.06672027e-03	2.00432432e-03
1.04177500e+10	4.10709428e-03	2.01479313e-03
1.04179000e+10	4.06887923e-03	1.88440023e-03
1.04180500e+10	4.11469887e-03	1.92786985e-03
1.04182000e+10	4.10775360e-03	1.95333360e-03
1.04183500e+10	4.10371085e-03	1.87737132e-03
1.04185000e+10	4.12414301e-03	1.94896526e-03
1.04186500e+10	4.08582471e-03	1.87219732e-03
1.04188000e+10	4.01420349e-03	1.88043429e-03
1.04189500e+10	4.06867524e-03	1.79174863e-03
1.04191000e+10	4.04030150e-03	1.83121088e-03
1.04192500e+10	4.03654369e-03	1.77565735e-03
1.04194000e+10	3.98292404e-03	1.75216701e-03
1.04195500e+10	4.06956420e-03	1.75817987e-03
1.04197000e+10	3.99822424e-03	1.73762082e-03
1.04198500e+10	4.05126612e-03	1.65106812e-03
1.04200000e+10	3.97823183e-03	1.68029755e-03
1.04201500e+10	4.00013190e-03	1.68937614e-03
1.04203000e+10	3.98799506e-03	1.61072725e-03
1.04204500e+10	3.99742066e-03	1.68530974e-03
1.04206000e+10	3.97508478e-03	1.57930773e-03
1.04207500e+10	3.91653178e-03	1.55986428e-03
1.04209000e+10	3.93763367e-03	1.63663155e-03
1.04210500e+10	3.93986755e-03	1.56445320e-03
1.04212000e+10	3.97644804e-03	1.58867758e-03
1.04213500e+10	3.96875621e-03	1.58876355e-03
1.04215000e+10	3.91367261e-03	1.56163637e-03
1.04216500e+10	3.91902947e-03	1.56423640e-03
1.04218000e+10	3.95572112e-03	1.46941962e-03
1.04219500e+10	3.87958255e-03	1.43639119e-03
1.04221000e+10	3.98403156e-03	1.44434772e-03
1.04222500e+10	3.92021147e-03	1.40222092e-03
1.04224000e+10	3.92252641e-03	1.43447357e-03
1.04225500e+10	3.84451581e-03	1.39634890e-03
1.04227000e+10	3.85315123e-03	1.39174781e-03
1.04228500e+10	3.88818041e-03	1.36905047e-03
1.04230000e+10	3.94576622e-03	1.37017947e-03
1.04231500e+10	3.88073876e-03	1.34500038e-03
1.04233000e+10	3.82956315e-03	1.34098576e-03
1.04234500e+10	3.87368427e-03	1.28160779e-03
1.04236000e+10	3.86650201e-03	1.29507605e-03
1.04237500e+10	3.83616786e-03	1.26573403e-03
1.04239000e+10	3.89211646e-03	1.32678016e-03
1.04240500e+10	3.83151444e-03	1.21011930e-03
1.04242000e+10	3.84678900e-03	1.20041528e-03
1.04243500e+10	3.79714409e-03	1.18185055e-03
1.04245000e+10	3.79892682e-03	1.16271419e-03
1.04246500e+10	3.78482291e-03	1.17208427e-03
1.04248000e+10	3.81683928e-03	1.19761717e-03
1.04249500e+10	3.79826615e-03	1.12214953e-03
1.04251000e+10	3.78021188e-03	1.10568524e-03
1.04252500e+10	3.69825927e-03	1.09154117e-03
1.04254000e+10	3.81414454e-03	1.10793425e-03
1.04255500e+10	3.72593296e-03	1.06672159e-03
1.04257000e+10	3.76730203e-03	1.09104940e-03
1.04258500e+10	3.73557882e-03	1.08376823e-03
1.04260000e+10	3.82354442e-03	1.04121317e-03
1.04261500e+10	3.73678436e-03	9.81755359e-04
1.04263000e+10	3.69398888e-03	9.90522889e-04
1.04264500e+10	3.66086091e-03	9.97860186e-04
1.04266000e+10	3.72472533e-03	9.61367009e-04
1.04267500e+10	3.67548283e-03	9.82659148e-04
1.04269000e+10	3.70065122e-03	1.02216800e-03
1.04270500e+10	3.60397237e-03	9.05029657e-04
1.04272000e+10	3.66232081e-03	9.41974911e-04
1.04273500e+10	3.61385210e-03	9.06538689e-04
1.04275000e+10	3.60492278e-03	8.94268617e-04
1.04276500e+10	3.71162389e-03	8.97242689e-04
1.04278000e+10	3.65767381e-03	8.35464772e-04
1.04279500e+10	3.64338490e-03	8.19570303e-04
1.04281000e+10	3.56538494e-03	8.01861115e-04
1.04282500e+10	3.57285862e-03	8.02253364e-04
1.04284000e+10	3.61813273e-03	8.16876371e-04
1.04285500e+10	3.61922359e-03	7.88218476e-04
1.04287000e+10	3.62436657e-03	8.24834610e-04
1.04288500e+10	3.54637534e-03	8.12470539e-04
1.04290000e+10	3.58697040e-03	7.65290792e-04
1.04291500e+10	3.57044429e-03	7.78896980e-04
1.04293000e+10	3.56206599e-03	7.82269769e-04
1.04294500e+10	3.46845683e-03	8.50774820e-04
1.04296000e+10	3.51073915e-03	7.68667457e-04
1.04297500e+10	3.53472818e-03	7.39435855e-04
1.04299000e+10	3.52477596e-03	6.46037904e-04
1.04300500e+10	3.48873741e-03	7.33513215e-04
1.04302000e+10	3.52533054e-03	6.48142702e-04
1.04303500e+10	3.50502130e-03	7.10021474e-04
1.04305000e+10	3.53718591e-03	6.63371975e-04
1.04306500e+10	3.51553854e-03	6.48785479e-04
1.04308000e+10	3.48721647e-03	6.10472255e-04
1.04309500e+10	3.46720632e-03	5.82612260e-04
1.04311000e+10	3.43197543e-03	6.19050399e-04
1.04312500e+10	3.48751393e-03	5.92614203e-04
1.04314000e+10	3.43046567e-03	5.59557866e-04
1.04315500e+10	3.43681544e-03	6.16231574e-04
1.04317000e+10	3.44548729e-03	5.54810670e-04
1.04318500e+10	3.44642136e-03	5.36322003e-04
1.04320000e+10	3.41244682e-03	5.68182615e-04
1.04321500e+10	3.39123509e-03	5.88584017e-04
1.04323000e+10	3.42038884e-03	5.39773692e-04
1.04324500e+10	3.34588667e-03	5.07507409e-04
1.04326000e+10	3.36325155e-03	4.33720770e-04
1.04327500e+10	3.42602273e-03	4.50193604e-04
1.04329000e+10	3.38851969e-03	5.25392466e-04
1.04330500e+10	3.33960004e-03	4.05237212e-04
1.04332000e+10	3.30599876e-03	3.93894989e-04
1.04333500e+10	3.35492519e-03	4.74290905e-04
1.04335000e+10	3.40552545e-03	3.94777857e-04
1.04336500e+10	3.36211743e-03	4.50921634e-04
1.04338000e+10	3.42415972e-03	3.68103996e-04
1.04339500e+10	3.43144014e-03	3.60351283e-04
1.04341000e+10	3.32678983e-03	4.26902128e-04
1.04342500e+10	3.34131433e-03	3.89901950e-04
1.04344000e+10	3.29894874e-03	4.14707326e-04
1.04345500e+10	3.29888933e-03	3.52456423e-04
1.04347000e+10	3.26171583e-03	3.14718777e-04
1.04348500e+10	3.28993026e-03	3.22873402e-04
1.04350000e+10	3.23022687e-03	3.38183937e-04
