# Frequency	I_corrected	Q_corrected
1.00300000e+10	1.38514613e-03	-9.02317179e-04
1.00306000e+10	1.39060002e-03	-8.94799462e-04
1.00312000e+10	1.36120983e-03	-9.07926917e-04
1.00318000e+10	1.40780841e-03	-9.17637633e-04
1.00324000e+10	1.35027757e-03	-1.02204130e-03
1.00330000e+10	1.33594583e-03	-1.01418854e-03
1.00336000e+10	1.36616369e-03	-9.49600819e-04
1.00342000e+10	1.30972158e-03	-1.05803206e-03
1.00348000e+10	1.31210427e-03	-1.01773838e-03
1.00354000e+10	1.28675926e-03	-1.05867485e-03
1.00360000e+10	1.30466290e-03	-1.07591097e-03
1.00366000e+10	1.29778877e-03	-1.07629910e-03
1.00372000e+10	1.28394045e-03	-1.13516616e-03
1.00378000e+10	1.24584308e-03	-1.14903360e-03
1.00384000e+10	1.28999091e-03	-1.12952397e-03
1.00390000e+10	1.28344278e-03	-1.18952881e-03
1.00396000e+10	1.28788008e-03	-1.19242518e-03
1.00402000e+10	1.22759490e-03	-1.19366956e-03
1.00408000e+10	1.26865187e-03	-1.22020915e-03
1.00414000e+10	1.20366424e-03	-1.22222804e-03
1.00420000e+10	1.21564589e-03	-1.22624359e-03
1.00426000e+10	1.22054121e-03	-1.24894308e-03
1.00432000e+10	1.19865377e-03	-1.29445786e-03
1.00438000e+10	1.18230229e-03	-1.31036291e-03
1.00444000e+10	1.17315301e-03	-1.36293131e-03
1.00450000e+10	1.10478376e-03	-1.36090547e-03
1.00456000e+10	1.12274422e-03	-1.32698651e-03
1.00462000e+10	1.12038521e-03	-1.35030621e-03
1.00468000e+10	1.10585075e-03	-1.46044156e-03
1.00474000e+10	1.08956666e-03	-1.40544230e-03
1.00480000e+10	1.10624487e-03	-1.48231052e-03
1.00486000e+10	1.06036554e-03	-1.40752568e-03
1.00492000e+10	1.02767113e-03	-1.45844103e-03
1.00498000e+10	1.04838154e-03	-1.47757195e-03
1.00504000e+10	1.02783392e-03	-1.52043033e-03
1.00510000e+10	1.00876971e-03	-1.52888601e-03
1.00516000e+10	9.83877786e-04	-1.49813954e-03
1.00522000e+10	9.67424898e-04	-1.50973414e-03
1.00528000e+10	9.87441124e-04	-1.53856557e-03
1.00534000e+10	9.57588769e-04	-1.58745617e-03
1.00540000e+10	9.39068541e-04	-1.55901711e-03
1.00546000e+10	8.94747640e-04	-1.62913611e-03
1.00552000e+10	9.04996787e-04	-1.63938018e-03
1.00558000e+10	8.68638740e-04	-1.66464777e-03
1.00564000e+10	8.26419808e-04	-1.63249047e-03
1.00570000e+10	8.47301063e-04	-1.67920817e-03
1.00576000e+10	8.07930371e-04	-1.69407315e-03
1.00582000e+10	7.95788027e-04	-1.70028420e-03
1.00588000e+10	7.72768524e-04	-1.75350102e-03
1.00594000e+10	7.57067387e-04	-1.70112906e-03
1.00600000e+10	7.53043661e-04	-1.76905445e-03
1.00606000e+10	6.79805886e-04	-1.78515445e-03
1.00612000e+10	6.63915271e-04	-1.78477358e-03
1.00618000e+10	6.42903197e-04	-1.79645422e-03
1.00624000e+10	6.78301883e-04	-1.78690683e-03
1.00630000e+10	6.41807732e-04	-1.88239592e-03
1.00636000e+10	6.02098986e-04	-1.87573164e-03
1.00642000e+10	5.79067800e-04	-1.86485686e-03
1.00648000e+10	5.35274245e-04	-1.82880999e-03
1.00654000e+10	5.77174399e-04	-1.90607864e-03
1.00660000e+10	5.03925167e-04	-1.90566691e-03
1.00666000e+10	5.07766235e-04	-1.91651067e-03
1.00672000e+10	4.43196654e-04	-1.96663464e-03
1.00678000e+10	4.57909516e-04	-1.96012546e-03
1.00684000e+10	4.23092429e-04	-1.94315499e-03
1.00690000e+10	3.63125438e-04	-1.96771338e-03
1.00696000e+10	3.63400230e-04	-1.91178651e-03
1.00702000e+10	3.74126952e-04	-1.96223507e-03
1.00708000e+10	3.24167632e-04	-2.00099195e-03
1.00714000e+10	2.68859268e-04	-1.95131132e-03
1.00720000e+10	2.24880649e-04	-1.99995752e-03
1.00726000e+10	2.15563167e-04	-2.00624505e-03
1.00732000e+10	2.28240058e-04	-2.04925559e-03
1.00738000e+10	1.65982851e-04	-2.03864209e-03
1.00744000e+10	1.61434990e-04	-2.01450182e-03
1.00750000e+10	1.13435357e-04	-2.07515330e-03
1.00756000e+10	9.41804570e-05	-2.09674130e-03
1.00762000e+10	4.45448768e-05	-2.06977927e-03
1.00768000e+10	2.73948698e-05	-2.03164613e-03
1.00774000e+10	3.80156118e-05	-2.10070243e-03
1.00780000e+10	5.47682449e-06	-2.11422402e-03
1.00786000e+10	-3.13297786e-05	-2.10265030e-03
1.00792000e+10	6.91290040e-06	-2.06793810e-03
1.00798000e+10	-1.10021948e-04	-2.07318608e-03
1.00804000e+10	-1.33441432e-04	-2.16374079e-03
1.00810000e+10	-2.14147135e-04	-2.18020160e-03
1.00816000e+10	-1.98104758e-04	-2.07592309e-03
1.00822000e+10	-2.34017457e-04	-2.08592058e-03
1.00828000e+10	-2.61286974e-04	-2.08375111e-03
1.00834000e+10	-2.76127264e-04	-2.18274445e-03
1.00840000e+10	-3.01999185e-04	-2.13636258e-03
1.00846000e+10	-3.33189033e-04	-2.09696366e-03
1.00852000e+10	-3.98808349e-04	-2.12101700e-03
1.00858000e+10	-3.61084308e-04	-2.14506432e-03
1.00864000e+10	-4.90297002e-04	-2.12174685e-03
1.00870000e+10	-4.61041249e-04	-2.01751012e-03
1.00876000e+10	-4.63435510e-04	-2.08698436e-03
1.00882000e+10	-5.50536102e-04	-2.08118081e-03
1.00888000e+10	-5.75753834e-04	-2.08810542e-03
1.00894000e+10	-5.27553091e-04	-2.02933435e-03
1.00900000e+10	-5.98250694e-04	-2.12072618e-03
1.00906000e+10	-5.65475908e-04	-2.12833478e-03
1.00912000e+10	-6.47719891e-04	-2.13191505e-03
1.00918000e+10	-7.05987625e-04	-2.03730719e-03
1.00924000e+10	-7.47825774e-04	-2.09746669e-03
1.00930000e+10	-7.21630807e-04	-2.08329016e-03
1.00936000e+10	-8.07601745e-04	-2.09148969e-03
1.00942000e+10	-8.60125623e-04	-2.06083757e-03
1.00948000e+10	-9.06877909e-04	-2.07489832e-03
1.00954000e+10	-9.09590186e-04	-2.08506321e-03
1.00960000e+10	-8.93413048e-04	-2.13955441e-03
1.00966000e+10	-9.59701352e-04	-2.03825553e-03
1.00972000e+10	-9.82116674e-04	-2.06073441e-03
1.00978000e+10	-9.90249813e-04	-2.10216931e-03
1.00984000e+10	-1.05367037e-03	-2.01670473e-03
1.00990000e+10	-1.06584807e-03	-1.96899956e-03
1.00996000e+10	-1.15401024e-03	-2.01872033e-03
1.01002000e+10	-1.12689019e-03	-2.04835294e-03
1.01008000e+10	-1.17514031e-03	-1.91867000e-03
1.01014000e+10	-1.19905370e-03	-1.92617066e-03
1.01020000e+10	-1.25593913e-03	-1.93291805e-03
1.01026000e+10	-1.27280869e-03	-1.92279578e-03
1.01032000e+10	-1.30334215e-03	-1.89597128e-03
1.01038000e+10	-1.35970304e-03	-1.91570017e-03
1.01044000e+10	-1.33713569e-03	-1.86900113e-03
1.01050000e+10	-1.34241182e-03	-1.80484863e-03
1.01056000e+10	-1.37720478e-03	-1.91538469e-03
1.01062000e+10	-1.41745278e-03	-1.83522736e-03
1.01068000e+10	-1.42575090e-03	-1.83850006e-03
1.01074000e+10	-1.44611556e-03	-1.78911159e-03
1.01080000e+10	-1.53327350e-03	-1.76224983e-03
1.01086000e+10	-1.56231499e-03	-1.79303869e-03
1.01092000e+10	-1.53979206e-03	-1.75689074e-03
1.01098000e+10	-1.60544627e-03	-1.70136582e-03
1.01104000e+10	-1.63468335e-03	-1.70602102e-03
1.01110000e+10	-1.67907096e-03	-1.64198715e-03
1.01116000e+10	-1.63800529e-03	-1.63330217e-03
1.01122000e+10	-1.72453093e-03	-1.63225760e-03
1.01128000e+10	-1.71752904e-03	-1.60106796e-03
1.01134000e+10	-1.78413914e-03	-1.55549425e-03
1.01140000e+10	-1.89876376e-03	-1.58150022e-03
1.01146000e+10	-1.75482820e-03	-1.61589978e-03
1.01152000e+10	-1.88612980e-03	-1.49283000e-03
1.01158000e+10	-1.86471537e-03	-1.54027451e-03
1.01164000e+10	-1.90796984e-03	-1.51787509e-03
1.01170000e+10	-1.91991403e-03	-1.44175387e-03
1.01176000e+10	-1.99779599e-03	-1.41253497e-03
1.01182000e+10	-1.96269074e-03	-1.43252152e-03
1.01188000e+10	-1.96635609e-03	-1.36684332e-03
1.01194000e+10	-1.98495998e-03	-1.37045945e-03
1.01200000e+10	-2.05538066e-03	-1.31899826e-03
1.01206000e+10	-2.01395126e-03	-1.28227793e-03
1.01212000e+10	-2.07870380e-03	-1.26635184e-03
1.01218000e+10	-2.12466530e-03	-1.22140903e-03
1.01224000e+10	-2.06920171e-03	-1.20552748e-03
1.01230000e+10	-2.15777395e-03	-1.14519038e-03
1.01236000e+10	-2.09736517e-03	-1.12681590e-03
1.01242000e+10	-2.14316203e-03	-1.22798182e-03
1.01248000e+10	-2.19795080e-03	-1.10672411e-03
1.01254000e+10	-2.46225893e-03	9.52280474e-04
1.01260000e+10	-2.53582058e-03	9.92272603e-04
1.01266000e+10	-2.49875788e-03	9.78903323e-04
1.01272000e+10	-2.46475518e-03	9.85667007e-04
1.01278000e+10	-2.47577247e-03	1.07784053e-03
1.01284000e+10	-2.46069354e-03	1.05259121e-03
1.01290000e+10	-2.48629316e-03	9.91347171e-04
1.01296000e+10	-2.46462276e-03	1.10254952e-03
1.01302000e+10	-2.45533703e-03	1.20211210e-03
1.01308000e+10	-2.46489336e-03	1.12424391e-03
1.01314000e+10	-2.36338125e-03	1.27421794e-03
1.01320000e+10	-2.42579736e-03	1.27069229e-03
1.01326000e+10	-2.39054101e-03	1.29734970e-03
1.01332000e+10	-2.33959397e-03	1.28321782e-03
1.01338000e+10	-2.40338577e-03	1.32140465e-03
1.01344000e+10	-2.35528264e-03	1.34774486e-03
1.01350000e+10	-2.40088700e-03	1.34938454e-03
1.01356000e+10	-2.32024827e-03	1.43516081e-03
1.01362000e+10	-2.34542963e-03	1.37287112e-03
1.01368000e+10	-2.31312710e-03	1.38884467e-03
1.01374000e+10	-2.32890760e-03	1.47006411e-03
1.01380000e+10	-2.32226948e-03	1.52240853e-03
1.01386000e+10	-2.26555534e-03	1.52448448e-03
1.01392000e+10	-2.21938566e-03	1.53249718e-03
1.01398000e+10	-2.23013666e-03	1.58276439e-03
1.01404000e+10	-2.13911574e-03	1.59884523e-03
1.01410000e+10	-2.14245155e-03	1.61400110e-03
1.01416000e+10	-2.15589066e-03	1.66889637e-03
1.01422000e+10	-2.10874890e-03	1.68120167e-03
1.01428000e+10	-2.12810021e-03	1.72674453e-03
1.01434000e+10	-2.03071551e-03	1.72325784e-03
1.01440000e+10	-2.10419076e-03	1.77287990e-03
1.01446000e+10	-2.08305723e-03	1.74754428e-03
1.01452000e+10	-1.98264617e-03	1.72394378e-03
1.01458000e+10	-2.07601808e-03	1.77514353e-03
1.01464000e+10	-2.01054956e-03	1.76821305e-03
1.01470000e+10	-1.96742565e-03	1.83653163e-03
1.01476000e+10	-1.96380131e-03	1.89017435e-03
1.01482000e+10	-2.02041824e-03	1.87907393e-03
1.01488000e+10	-1.94239133e-03	1.87460655e-03
1.01494000e+10	-1.92353141e-03	1.94018914e-03
1.01500000e+10	-1.81201461e-03	1.89576906e-03
1.01506000e+10	-1.89745878e-03	2.04243589e-03
1.01512000e+10	-1.87642481e-03	2.02774688e-03
1.01518000e+10	-1.84349693e-03	2.06294924e-03
1.01524000e+10	-1.82217438e-03	2.01516255e-03
1.01530000e+10	-1.81884105e-03	2.07015307e-03
1.01536000e+10	-1.74788284e-03	2.11389400e-03
1.01542000e+10	-1.80508798e-03	2.14407870e-03
1.01548000e+10	-1.68237530e-03	2.07572360e-03
1.01554000e+10	-1.72191869e-03	2.15569051e-03
1.01560000e+10	-1.68482211e-03	2.12832876e-03
1.01566000e+10	-1.65483776e-03	2.21106563e-03
1.01572000e+10	-1.60347247e-03	2.21822803e-03
1.01578000e+10	-1.64099532e-03	2.19047762e-03
1.01584000e+10	-1.60199405e-03	2.20327785e-03
1.01590000e+10	-1.59154893e-03	2.20552383e-03
1.01596000e+10	-1.56401785e-03	2.26245044e-03
1.01602000e+10	-1.53292682e-03	2.24948200e-03
1.01608000e+10	-1.56459373e-03	2.32539128e-03
1.01614000e+10	-1.53476754e-03	2.39218669e-03
1.01620000e+10	-1.53159904e-03	2.36279394e-03
1.01626000e+10	-1.51180403e-03	2.34442599e-03
1.01632000e+10	-1.47467656e-03	2.45741211e-03
1.01638000e+10	-1.37719664e-03	2.39290018e-03
1.01644000e+10	-1.45809384e-03	2.45895071e-03
1.01650000e+10	-1.34276023e-03	2.43053978e-03
1.01656000e+10	-1.35952817e-03	2.46137872e-03
1.01662000e+10	-1.33623391e-03	2.45253882e-03
1.01668000e+10	-1.29170956e-03	2.43466802e-03
1.01674000e+10	-1.23214989e-03	2.51718173e-03
1.01680000e+10	-1.29982809e-03	2.54775784e-03
1.01686000e+10	-1.28067460e-03	2.54890229e-03
1.01692000e+10	-1.25032756e-03	2.55785541e-03
1.01698000e+10	-1.24818551e-03	2.61385332e-03
1.01704000e+10	-1.18608165e-03	2.57932861e-03
1.01710000e+10	-1.15318321e-03	2.55108972e-03
1.01716000e+10	-1.11041250e-03	2.62688894e-03
1.01722000e+10	-1.08265081e-03	2.61950181e-03
1.01728000e+10	-1.12683585e-03	2.64772423e-03
1.01734000e+10	-1.14598102e-03	2.66062839e-03
1.01740000e+10	-1.05701898e-03	2.69274506e-03
1.01746000e+10	-1.04459278e-03	2.69564300e-03
1.01752000e+10	-9.77085330e-04	2.66828441e-03
1.01758000e+10	-1.04338647e-03	2.61934507e-03
1.01764000e+10	-9.41759781e-04	2.68080391e-03
1.01770000e+10	-9.68980032e-04	2.74473398e-03
1.01776000e+10	-9.00232087e-04	2.80225425e-03
1.01782000e+10	-9.04970510e-04	2.73652602e-03
1.01788000e+10	-8.31827071e-04	2.76252965e-03
1.01794000e+10	-8.34719849e-04	2.81406412e-03
1.01800000e+10	-8.54047841e-04	2.77916089e-03
1.01806000e+10	-8.02481006e-04	2.84523079e-03
1.01812000e+10	-7.67455129e-04	2.82025604e-03
1.01818000e+10	-7.45255271e-04	2.87168942e-03
1.01824000e+10	-6.98094373e-04	2.92554136e-03
1.01830000e+10	-6.59553446e-04	2.86187078e-03
1.01836000e+10	-6.83263663e-04	2.92209480e-03
1.01842000e+10	-6.83852443e-04	2.93110905e-03
1.01848000e+10	-7.23039883e-04	2.92300118e-03
1.01854000e+10	-5.56745600e-04	2.96534835e-03
1.01860000e+10	-5.96883852e-04	2.98176540e-03
1.01866000e+10	-5.68363809e-04	3.00257113e-03
1.01872000e+10	-4.92391469e-04	2.96989395e-03
1.01878000e+10	-5.21982194e-04	3.00186754e-03
1.01884000e+10	-4.86973100e-04	2.97043268e-03
1.01890000e+10	-4.32059503e-04	3.00165983e-03
1.01896000e+10	-4.39908776e-04	3.00075899e-03
1.01902000e+10	-3.94863913e-04	3.02186795e-03
1.01908000e+10	-4.05299190e-04	3.07525827e-03
1.01914000e+10	-2.99942322e-04	3.11058884e-03
1.01920000e+10	-3.12381178e-04	3.06416276e-03
1.01926000e+10	-2.69871331e-04	3.16244861e-03
1.01932000e+10	-2.62147720e-04	3.10875362e-03
1.01938000e+10	-1.78435460e-04	3.11777029e-03
1.01944000e+10	-2.29879533e-04	3.10324846e-03
1.01950000e+10	-1.32822219e-04	3.07530853e-03
1.01956000e+10	-2.15249204e-04	3.11003700e-03
1.01962000e+10	-1.28263828e-04	3.15900545e-03
1.01968000e+10	-8.17763016e-05	3.17695907e-03
1.01974000e+10	-7.56907895e-05	3.17521914e-03
1.01980000e+10	-9.45411729e-05	3.16357637e-03
1.01986000e+10	2.44449472e-05	3.22669387e-03
1.01992000e+10	-3.89279681e-05	3.26005685e-03
1.01998000e+10	3.10169430e-05	3.25829045e-03
1.02004000e+10	4.17840290e-05	3.25101790e-03
1.02010000e+10	6.00700571e-05	3.22098817e-03
1.02016000e+10	8.96368707e-05	3.23223236e-03
1.02022000e+10	1.40223670e-04	3.25642872e-03
1.02028000e+10	1.87517468e-04	3.20917223e-03
1.02034000e+10	1.97354514e-04	3.25637631e-03
1.02040000e+10	2.01442502e-04	3.32010116e-03
1.02046000e+10	2.63763805e-04	3.29552789e-03
1.02052000e+10	2.95542994e-04	3.32696466e-03
1.02058000e+10	3.50374161e-04	3.28888452e-03
1.02064000e+10	3.63799323e-04	3.35753247e-03
1.02070000e+10	3.98571350e-04	3.27796923e-03
1.02076000e+10	4.24777740e-04	3.31230969e-03
1.02082000e+10	4.50727779e-04	3.36537119e-03
1.02088000e+10	4.70368098e-04	3.37339140e-03
1.02094000e+10	5.52952556e-04	3.37174732e-03
1.02100000e+10	5.91580493e-04	3.40516262e-03
1.02106000e+10	5.80382260e-04	3.39801464e-03
1.02112000e+10	6.50150444e-04	3.40898718e-03
1.02118000e+10	6.81683425e-04	3.41288457e-03
1.02124000e+10	7.16668898e-04	3.42111135e-03
1.02130000e+10	7.40851439e-04	3.48054012e-03
1.02136000e+10	7.48384421e-04	3.42866393e-03
1.02142000e+10	7.44528986e-04	3.48522240e-03
1.02148000e+10	8.57668007e-04	3.46420705e-03
1.02154000e+10	8.55788088e-04	3.42886474e-03
1.02160000e+10	9.18680055e-04	3.50705303e-03
1.02166000e+10	9.61629567e-04	3.50396141e-03
1.02172000e+10	9.49439196e-04	3.55066801e-03
1.02178000e+10	9.79532497e-04	3.47988140e-03
1.02184000e+10	1.02259210e-03	3.53038468e-03
1.02190000e+10	1.09162599e-03	3.54212053e-03
1.02196000e+10	1.12729867e-03	3.47789117e-03
1.02202000e+10	1.16548246e-03	3.55823835e-03
1.02208000e+10	1.24283324e-03	3.56097465e-03
1.02214000e+10	1.22586771e-03	3.53292017e-03
1.02220000e+10	1.32209979e-03	3.54820469e-03
1.02226000e+10	1.34477140e-03	3.54694225e-03
1.02232000e+10	1.33409641e-03	3.54125508e-03
1.02238000e+10	1.40903185e-03	3.52442071e-03
1.02244000e+10	1.41810676e-03	3.54096852e-03
1.02250000e+10	1.41709551e-03	3.56118621e-03
1.02256000e+10	1.49975162e-03	3.62996166e-03
1.02262000e+10	1.55659935e-03	3.54257651e-03
1.02268000e+10	1.58811730e-03	3.59089790e-03
1.02274000e+10	1.63992209e-03	3.57022506e-03
1.02280000e+10	1.64504817e-03	3.51353703e-03
1.02286000e+10	1.78251658e-03	3.59957731e-03
1.02292000e+10	1.72391383e-03	3.58468402e-03
1.02298000e+10	1.76511387e-03	3.60548033e-03
1.02304000e+10	1.86940843e-03	3.61390585e-03
1.02310000e+10	1.84032111e-03	3.60793858e-03
1.02316000e+10	1.94135004e-03	3.62143484e-03
1.02322000e+10	1.97514781e-03	3.61507665e-03
1.02328000e+10	2.01856181e-03	3.63158046e-03
1.02334000e+10	2.13550031e-03	3.66143250e-03
1.02340000e+10	2.11691201e-03	3.60819948e-03
1.02346000e+10	2.17071512e-03	3.64782973e-03
1.02352000e+10	2.27122606e-03	3.64464902e-03
1.02358000e+10	2.26142214e-03	3.70194473e-03
1.02364000e+10	2.32967761e-03	3.73982705e-03
1.02370000e+10	2.37233244e-03	3.58520937e-03
1.02376000e+10	2.34539861e-03	3.62487095e-03
1.02382000e+10	2.43197657e-03	3.61065008e-03
1.02388000e+10	2.44297885e-03	3.62050485e-03
1.02394000e+10	2.59851215e-03	3.65070561e-03
1.02400000e+10	2.63146642e-03	3.65514333e-03
1.02406000e+10	2.65542695e-03	3.69390155e-03
1.02412000e+10	2.75858768e-03	3.63287552e-03
1.02418000e+10	2.77156339e-03	3.57066279e-03
1.02424000e+10	2.83796754e-03	3.65654761e-03
1.02430000e+10	2.89846907e-03	3.60349147e-03
1.02436000e+10	2.92326789e-03	3.59965369e-03
1.02442000e+10	2.93775808e-03	3.67294880e-03
1.02448000e+10	3.02292365e-03	3.60729703e-03
1.02454000e+10	3.14059110e-03	3.64843418e-03
1.02460000e+10	3.16533921e-03	3.58609274e-03
1.02466000e+10	3.11378399e-03	3.57471622e-03
1.02472000e+10	3.22151207e-03	3.56258281e-03
1.02478000e+10	3.32733924e-03	3.56420934e-03
1.02484000e+10	3.36671445e-03	3.58870679e-03
1.02490000e+10	3.43990858e-03	3.58074678e-03
1.02496000e+10	3.48919381e-03	3.54631643e-03
1.02502000e+10	3.59448763e-03	3.62521843e-03
1.02508000e+10	3.59432396e-03	3.59508136e-03
1.02514000e+10	3.64247748e-03	3.60635750e-03
1.02520000e+10	3.72454723e-03	3.62021833e-03
1.02526000e+10	3.78682546e-03	3.51796512e-03
1.02532000e+10	3.87312089e-03	3.53660423e-03
1.02538000e+10	3.98603713e-03	3.48310889e-03
1.02544000e+10	3.92990661e-03	3.54989471e-03
1.02550000e+10	4.05814828e-03	3.54131486e-03
1.02556000e+10	4.08976269e-03	3.50265239e-03
1.02562000e+10	4.18455362e-03	3.51513738e-03
1.02568000e+10	4.26614291e-03	3.50702419e-03
1.02574000e+10	4.29328469e-03	3.47895096e-03
1.02580000e+10	4.39698678e-03	3.50459757e-03
1.02586000e+10	4.45275727e-03	3.48468496e-03
1.02592000e+10	4.46669343e-03	3.42146311e-03
1.02598000e+10	4.53398033e-03	3.41408154e-03
1.02604000e+10	4.66357508e-03	3.41135645e-03
1.02610000e+10	4.73140775e-03	3.34062814e-03
1.02616000e+10	4.82534797e-03	3.40480794e-03
1.02622000e+10	4.87274359e-03	3.38680743e-03
1.02628000e+10	4.99795018e-03	3.35541791e-03
1.02634000e+10	4.97342313e-03	3.32903933e-03
1.02640000e+10	5.09528742e-03	3.30108543e-03
1.02646000e+10	5.18628995e-03	3.30954362e-03
1.02652000e+10	5.20496347e-03	3.25976929e-03
1.02658000e+10	5.31543522e-03	3.23022938e-03
1.02664000e+10	5.43916975e-03	3.25753462e-03
1.02670000e+10	5.55458441e-03	3.22375650e-03
1.02676000e+10	5.64613616e-03	3.19129124e-03
1.02682000e+10	5.70481952e-03	3.16154294e-03
1.02688000e+10	5.76089197e-03	3.07930281e-03
1.02694000e+10	5.85526044e-03	3.11841074e-03
1.02700000e+10	6.05538437e-03	3.11363745e-03
1.02706000e+10	6.13325375e-03	3.09023759e-03
1.02712000e+10	6.14898780e-03	2.99400031e-03
1.02718000e+10	6.32922300e-03	2.97339344e-03
1.02724000e+10	6.36698917e-03	2.94478620e-03
1.02730000e+10	6.43846592e-03	2.92109886e-03
1.02736000e+10	6.55775258e-03	2.95913495e-03
1.02742000e+10	6.60219560e-03	2.89178994e-03
1.02748000e+10	6.80502023e-03	2.84001153e-03
1.02754000e+10	6.91164532e-03	2.80009684e-03
1.02760000e+10	6.95675279e-03	2.78782060e-03
1.02766000e+10	7.11927628e-03	2.73084873e-03
1.02772000e+10	7.15333062e-03	2.66702113e-03
1.02778000e+10	7.27241964e-03	2.65678766e-03
1.02784000e+10	7.42838115e-03	2.60454024e-03
1.02790000e+10	7.50278487e-03	2.56781115e-03
1.02796000e+10	7.68841685e-03	2.46314920e-03
1.02802000e+10	7.80682210e-03	2.44175228e-03
1.02808000e+10	7.87381226e-03	2.39142150e-03
1.02814000e+10	8.00254777e-03	2.38238635e-03
1.02820000e+10	8.09897467e-03	2.26729446e-03
1.02826000e+10	8.28089372e-03	2.21778615e-03
1.02832000e+10	8.48563837e-03	2.15401127e-03
1.02838000e+10	8.57706604e-03	2.12992707e-03
1.02844000e+10	8.74213473e-03	2.05932015e-03
1.02850000e+10	8.84631418e-03	2.01643346e-03
1.02856000e+10	8.95771420e-03	1.85589969e-03
1.02862000e+10	9.21589757e-03	1.82092328e-03
1.02868000e+10	9.31350316e-03	1.74257150e-03
1.02874000e+10	9.47980891e-03	1.68622607e-03
1.02880000e+10	9.65044417e-03	1.65702225e-03
1.02886000e+10	9.78539476e-03	1.48493712e-03
1.02892000e+10	9.95609075e-03	1.40105305e-03
1.02898000e+10	1.01563375e-02	1.37862167e-03
1.02904000e+10	1.02137120e-02	1.24026039e-03
1.02910000e+10	1.04431897e-02	1.09809541e-03
1.02916000e+10	1.05888943e-02	1.00737410e-03
1.02922000e+10	1.07956250e-02	9.07583751e-04
1.02928000e+10	1.10525667e-02	7.44124677e-04
1.02934000e+10	1.11527762e-02	6.52580244e-04
1.02940000e+10	1.13470714e-02	5.44177205e-04
1.02946000e+10	1.15042574e-02	4.30032751e-04
1.02952000e+10	1.17023076e-02	2.65261630e-04
1.02958000e+10	1.18860411e-02	1.69008427e-04
1.02964000e+10	1.20664870e-02	-2.01376146e-05
1.02970000e+10	1.24544300e-02	-2.13756270e-04
1.02976000e+10	1.26495090e-02	-3.11435884e-04
1.02982000e+10	1.28805612e-02	-5.42784603e-04
1.02988000e+10	1.30966615e-02	-6.70740489e-04
1.02994000e+10	1.32385325e-02	-8.79014598e-04
1.03000000e+10	1.35481072e-02	-1.08950264e-03
1.03006000e+10	1.38447685e-02	-1.27924526e-03
1.03012000e+10	1.40739859e-02	-1.45921064e-03
1.03018000e+10	1.44194663e-02	-1.69827162e-03
1.03024000e+10	1.46300303e-02	-1.98776148e-03
1.03030000e+10	1.50175890e-02	-2.22138760e-03
1.03036000e+10	1.51825346e-02	-2.52868663e-03
1.03042000e+10	1.54540915e-02	-2.80466947e-03
1.03048000e+10	1.58695652e-02	-3.02937386e-03
1.03054000e+10	1.60334705e-02	-3.38308023e-03
1.03060000e+10	1.64879040e-02	-3.66869696e-03
1.03066000e+10	1.68011434e-02	-4.10619922e-03
1.03072000e+10	1.70277380e-02	-4.40371066e-03
1.03078000e+10	1.74373942e-02	-4.83023222e-03
1.03084000e+10	1.76634421e-02	-5.16283022e-03
1.03090000e+10	1.80186631e-02	-5.63292602e-03
1.03096000e+10	1.84709318e-02	-6.09324247e-03
1.03102000e+10	1.86824417e-02	-6.56391042e-03
1.03108000e+10	1.91494805e-02	-7.14928440e-03
1.03114000e+10	1.94852043e-02	-7.69688905e-03
1.03120000e+10	1.97862026e-02	-8.18547242e-03
1.03126000e+10	2.02499678e-02	-8.87520312e-03
1.03132000e+10	2.04798798e-02	-9.43554732e-03
1.03138000e+10	2.09861307e-02	-1.02416468e-02
1.03144000e+10	2.15142958e-02	-1.09593521e-02
1.03150000e+10	2.17201758e-02	-1.17073370e-02
1.03156000e+10	2.23267980e-02	-1.26785066e-02
1.03162000e+10	2.26267049e-02	-1.34727301e-02
1.03168000e+10	2.29931813e-02	-1.44452803e-02
1.03174000e+10	2.34116351e-02	-1.55765602e-02
1.03180000e+10	2.36960532e-02	-1.66243158e-02
1.03186000e+10	2.42857805e-02	-1.80632900e-02
1.03192000e+10	2.45990073e-02	-1.92874318e-02
1.03198000e+10	2.49202664e-02	-2.06828241e-02
1.03204000e+10	2.52387158e-02	-2.22820586e-02
1.03210000e+10	2.53119199e-02	-2.37693340e-02
1.03216000e+10	2.54688709e-02	-2.55137377e-02
1.03222000e+10	2.55529306e-02	-2.73408971e-02
1.03228000e+10	2.55008236e-02	-2.93218022e-02
1.03234000e+10	2.55278866e-02	-3.17161844e-02
1.03240000e+10	2.52152454e-02	-3.39747074e-02
1.03246000e+10	2.47672558e-02	-3.63925092e-02
1.03252000e+10	2.40448370e-02	-3.89657238e-02
1.03258000e+10	2.30854989e-02	-4.14529755e-02
1.03264000e+10	2.20014937e-02	-4.44791002e-02
1.03270000e+10	2.02783361e-02	-4.72321424e-02
1.03276000e+10	1.85217671e-02	-5.05273762e-02
1.03282000e+10	1.61897356e-02	-5.38618005e-02
1.03288000e+10	1.31550689e-02	-5.66794251e-02
1.03294000e+10	9.80682471e-03	-5.99209366e-02
1.03300000e+10	5.83227850e-03	-6.22771335e-02
1.03306000e+10	1.16685950e-03	-6.44306920e-02
1.03312000e+10	-3.87655108e-03	-6.67096826e-02
1.03318000e+10	-9.50917865e-03	-6.75510864e-02
1.03324000e+10	-1.55476449e-02	-6.83370059e-02
1.03330000e+10	-2.17497953e-02	-6.79519888e-02
1.03336000e+10	-2.77771924e-02	-6.60854094e-02
1.03342000e+10	-3.39082277e-02	-6.41845972e-02
1.03348000e+10	-3.92821472e-02	-6.05789042e-02
1.03354000e+10	-4.41118089e-02	-5.65993672e-02
1.03360000e+10	-4.85370503e-02	-5.22855882e-02
1.03366000e+10	-5.15365919e-02	-4.70089161e-02
1.03372000e+10	-5.44048778e-02	-4.20999920e-02
1.03378000e+10	-5.59884687e-02	-3.68449438e-02
1.03384000e+10	-5.66123990e-02	-3.16486154e-02
1.03390000e+10	-5.73838117e-02	-2.68890298e-02
1.03396000e+10	-5.67612514e-02	-2.22171441e-02
1.03402000e+10	-5.63483349e-02	-1.81064884e-02
1.03408000e+10	-5.55573991e-02	-1.43448431e-02
1.03414000e+10	-5.40855950e-02	-1.07014338e-02
1.03420000e+10	-5.28767977e-02	-7.65997681e-03
1.03426000e+10	-5.11320325e-02	-4.84308670e-03
1.03432000e+10	-4.92995217e-02	-2.37801472e-03
1.03438000e+10	-4.78590598e-02	-9.76446917e-05
1.03444000e+10	-4.61193222e-02	1.96683984e-03
1.03450000e+10	-4.45204099e-02	3.57717061e-03
1.03456000e+10	-4.30522461e-02	5.15549532e-03
1.03462000e+10	-4.14308117e-02	6.48179357e-03
1.03468000e+10	-3.99175469e-02	7.71813016e-03
1.03474000e+10	-3.81543717e-02	8.78779845e-03
1.03480000e+10	-3.67574490e-02	9.73828698e-03
1.03486000e+10	-3.54141042e-02	1.05937399e-02
1.03492000e+10	-3.39897111e-02	1.13480036e-02
1.03498000e+10	-3.29411869e-02	1.21289218e-02
1.03504000e+10	-3.16189636e-02	1.26321474e-02
1.03510000e+10	-3.04727987e-02	1.32133539e-02
1.03516000e+10	-2.93934166e-02	1.36785588e-02
1.03522000e+10	-2.80136068e-02	1.40254491e-02
1.03528000e+10	-2.71010928e-02	1.44355396e-02
1.03534000e+10	-2.59685571e-02	1.47712195e-02
1.03540000e+10	-2.50952152e-02	1.50151558e-02
1.03546000e+10	-2.43106309e-02	1.53977556e-02
1.03552000e+10	-2.32638435e-02	1.54886603e-02
1.03558000e+10	-2.25357203e-02	1.58206949e-02
1.03564000e+10	-2.15718389e-02	1.58517531e-02
1.03570000e+10	-2.06756955e-02	1.59362342e-02
1.03576000e+10	-1.99602668e-02	1.61537505e-02
1.03582000e+10	-1.90745147e-02	1.61575834e-02
1.03588000e+10	-1.83918644e-02	1.62394042e-02
1.03594000e+10	-1.77059344e-02	1.64198438e-02
1.03600000e+10	-1.69415805e-02	1.63838061e-02
1.03606000e+10	-1.62991537e-02	1.65236831e-02
1.03612000e+10	-1.55711443e-02	1.63923038e-02
1.03618000e+10	-1.48761744e-02	1.64430050e-02
1.03624000e+10	-1.44085890e-02	1.64278995e-02
1.03630000e+10	-1.37069121e-02	1.63764375e-02
1.03636000e+10	-1.31580065e-02	1.64454362e-02
1.03642000e+10	-1.25925333e-02	1.63273319e-02
1.03648000e+10	-1.19606227e-02	1.62059871e-02
1.03654000e+10	-1.15191328e-02	1.62308394e-02
1.03660000e+10	-1.09330311e-02	1.61267164e-02
1.03666000e+10	-1.04985782e-02	1.60793925e-02
1.03672000e+10	-1.00128833e-02	1.61153655e-02
1.03678000e+10	-9.51155051e-03	1.59912509e-02
1.03684000e+10	-9.12596932e-03	1.59604712e-02
1.03690000e+10	-8.70579633e-03	1.58735779e-02
1.03696000e+10	-8.22044139e-03	1.56689342e-02
1.03702000e+10	-7.80092011e-03	1.57367902e-02
1.03708000e+10	-7.36745182e-03	1.55409651e-02
1.03714000e+10	-6.96813928e-03	1.55148145e-02
1.03720000e+10	-6.69701524e-03	1.54006668e-02
1.03726000e+10	-6.16571057e-03	1.53083916e-02
1.03732000e+10	-5.85051493e-03	1.52258493e-02
1.03738000e+10	-5.45426251e-03	1.49496195e-02
1.03744000e+10	-5.05863004e-03	1.49132593e-02
1.03750000e+10	-4.78015123e-03	1.47138902e-02
1.03756000e+10	-4.41565020e-03	1.45619597e-02
1.03762000e+10	-4.15358612e-03	1.45407463e-02
1.03768000e+10	-3.82626937e-03	1.43438725e-02
1.03774000e+10	-3.56891882e-03	1.42022512e-02
1.03780000e+10	-3.20445104e-03	1.39983822e-02
1.03786000e+10	-2.92775048e-03	1.38879161e-02
1.03792000e+10	-2.68158286e-03	1.36595907e-02
1.03798000e+10	-2.39134306e-03	1.35791657e-02
1.03804000e+10	-2.07473590e-03	1.34358093e-02
1.03810000e+10	-1.84999796e-03	1.33119777e-02
1.03816000e+10	-1.57024102e-03	1.30356175e-02
1.03822000e+10	-1.30893733e-03	1.30425025e-02
1.03828000e+10	-1.20113938e-03	1.27214977e-02
1.03834000e+10	-8.30084613e-04	1.25788131e-02
1.03840000e+10	-6.19233410e-04	1.24924113e-02
1.03846000e+10	-4.45075485e-04	1.22603323e-02
1.03852000e+10	-2.21475594e-04	1.21643650e-02
1.03858000e+10	2.22380328e-06	1.20584410e-02
1.03864000e+10	1.63450422e-04	1.18009204e-02
1.03870000e+10	3.58131661e-04	1.17284184e-02
1.03876000e+10	5.61576729e-04	1.15338221e-02
1.03882000e+10	7.37737228e-04	1.13382801e-02
1.03888000e+10	9.23644640e-04	1.12345595e-02
1.03894000e+10	1.11789998e-03	1.10813665e-02
1.03900000e+10	1.26869988e-03	1.09925305e-02
1.03906000e+10	1.47939931e-03	1.07485308e-02
1.03912000e+10	1.58942457e-03	1.05976206e-02
1.03918000e+10	1.70033545e-03	1.03949921e-02
1.03924000e+10	1.85488219e-03	1.02126691e-02
1.03930000e+10	2.01070391e-03	1.00307729e-02
1.03936000e+10	2.12370706e-03	9.98564880e-03
1.03942000e+10	2.28527707e-03	9.73393524e-03
1.03948000e+10	2.40049480e-03	9.63232127e-03
1.03954000e+10	2.48673301e-03	9.40952851e-03
1.03960000e+10	2.57117824e-03	9.24262251e-03
1.03966000e+10	2.71984797e-03	9.10417706e-03
1.03972000e+10	2.80195526e-03	8.93504354e-03
1.03978000e+10	2.90640861e-03	8.83225670e-03
1.03984000e+10	2.96657548e-03	8.66092676e-03
1.03990000e+10	3.10406006e-03	8.43597823e-03
1.03996000e+10	3.24822696e-03	8.33871342e-03
1.04002000e+10	3.21329341e-03	8.16136980e-03
1.04008000e+10	3.33356135e-03	7.97355402e-03
1.04014000e+10	3.40715504e-03	7.86939566e-03
1.04020000e+10	3.46609187e-03	7.68354235e-03
1.04026000e+10	3.55922961e-03	7.60740851e-03
1.04032000e+10	3.60341756e-03	7.42294667e-03
1.04038000e+10	3.66752421e-03	7.22998419e-03
1.04044000e+10	3.78921754e-03	7.16851082e-03
1.04050000e+10	3.82707216e-03	6.96184978e-03
1.04056000e+10	3.87241316e-03	6.83586476e-03
1.04062000e+10	3.84803944e-03	6.71816166e-03
1.04068000e+10	3.97288876e-03	6.58299660e-03
1.04074000e+10	3.97744521e-03	6.50839770e-03
1.04080000e+10	4.00318493e-03	6.37296356e-03
1.04086000e+10	4.18884383e-03	6.20716687e-03
1.04092000e+10	4.11406361e-03	6.07506005e-03
1.04098000e+10	4.15555193e-03	5.94343078e-03
1.04104000e+10	4.17418029e-03	5.83151842e-03
1.04110000e+10	4.19668084e-03	5.65998788e-03
1.04116000e+10	4.21374191e-03	5.65848462e-03
1.04122000e+10	4.22254453e-03	5.47792587e-03
1.04128000e+10	4.24915887e-03	5.33524498e-03
1.04134000e+10	4.26642227e-03	5.28974171e-03
1.04140000e+10	4.31348241e-03	5.11829629e-03
1.04146000e+10	4.29849147e-03	4.97147734e-03
1.04152000e+10	4.30887843e-03	4.89622251e-03
1.04158000e+10	4.33046078e-03	4.70833272e-03
1.04164000e+10	4.40209090e-03	4.65128597e-03
1.04170000e+10	4.31833142e-03	4.56524226e-03
1.04176000e+10	4.33232591e-03	4.39513011e-03
1.04182000e+10	4.37931895e-03	4.31423902e-03
1.04188000e+10	4.35602736e-03	4.24386125e-03
1.04194000e+10	4.37699335e-03	4.15006955e-03
1.04200000e+10	4.39783666e-03	4.04802450e-03
1.04206000e+10	4.33883315e-03	3.88291051e-03
1.04212000e+10	4.42185369e-03	3.88144799e-03
1.04218000e+10	4.43351654e-03	3.75330663e-03
1.04224000e+10	4.48058392e-03	3.61770787e-03
1.04230000e+10	4.45656633e-03	3.63389554e-03
1.04236000e+10	4.35659400e-03	3.42147983e-03
1.04242000e+10	4.39312531e-03	3.44944560e-03
1.04248000e+10	4.37912185e-03	3.30897846e-03
1.04254000e+10	4.33951444e-03	3.20704699e-03
1.04260000e+10	4.34296197e-03	3.07952526e-03
1.04266000e+10	4.35900329e-03	3.05244622e-03
1.04272000e+10	4.28895196e-03	2.93608412e-03
1.04278000e+10	4.31501679e-03	2.91859299e-03
1.04284000e+10	4.28636440e-03	2.83591159e-03
1.04290000e+10	4.22734655e-03	2.68006288e-03
1.04296000e+10	4.24249060e-03	2.65798729e-03
1.04302000e+10	4.18839900e-03	2.55689354e-03
1.04308000e+10	4.26506747e-03	2.52738181e-03
1.04314000e+10	4.22054349e-03	2.38709401e-03
1.04320000e+10	4.19072782e-03	2.32017705e-03
1.04326000e+10	4.17259226e-03	2.33556466e-03
1.04332000e+10	4.21520323e-03	2.14796615e-03
1.04338000e+10	4.16460557e-03	2.18622949e-03
1.04344000e+10	4.15347811e-03	2.04488083e-03
1.04350000e+10	4.19245558e-03	2.04519697e-03
1.04356000e+10	4.08998601e-03	1.96058902e-03
1.04362000e+10	4.07013796e-03	1.89571423e-03
1.04368000e+10	4.09076195e-03	1.85391427e-03
1.04374000e+10	4.01136261e-03	1.78211188e-03
1.04380000e+10	4.02634344e-03	1.72566777e-03
1.04386000e+10	4.04160489e-03	1.69157396e-03
1.04392000e+10	3.89018778e-03	1.55439691e-03
1.04398000e+10	3.93894730e-03	1.54031527e-03
1.04404000e+10	3.87493261e-03	1.42291905e-03
1.04410000e+10	3.97079453e-03	1.43619977e-03
1.04416000e+10	3.91337394e-03	1.35113815e-03
1.04422000e+10	3.86616062e-03	1.35864190e-03
1.04428000e+10	3.87471313e-03	1.23921805e-03
1.04434000e+10	3.86220211e-03	1.20554627e-03
1.04440000e+10	3.82858236e-03	1.14741781e-03
1.04446000e+10	3.79286825e-03	1.13239355e-03
1.04452000e+10	3.70707714e-03	1.03251477e-03
1.04458000e+10	3.72561811e-03	1.00475376e-03
1.04464000e+10	3.68052239e-03	9.34606187e-04
1.04470000e+10	3.61948824e-03	9.29222099e-04
1.04476000e+10	3.64591229e-03	8.32922725e-04
1.04482000e+10	3.61889931e-03	7.95515369e-04
1.04488000e+10	3.57921996e-03	7.31620298e-04
1.04494000e+10	3.46422072e-03	7.18892122e-04
1.04500000e+10	3.50398793e-03	6.75811262e-04
1.04506000e+10	3.48193749e-03	6.14545906e-04
1.04512000e+10	3.51645349e-03	6.06597425e-04
1.04518000e+10	3.49497741e-03	5.99827395e-04
1.04524000e+10	3.42937344e-03	5.52931669e-04
1.04530000e+10	3.42719477e-03	4.65400764e-04
1.04536000e+10	3.41632833e-03	4.12773065e-04
1.04542000e+10	3.34529798e-03	3.69134669e-04
1.04548000e+10	3.30125832e-03	3.91994332e-04
1.04554000e+10	3.33204096e-03	3.87803778e-04
1.04560000e+10	3.25916570e-03	3.11390795e-04
1.04566000e+10	3.29365391e-03	2.49918145e-04
1.04572000e+10	3.27167316e-03	2.98444839e-04
1.04578000e+10	3.22801377e-03	2.59359297e-04
1.04584000e+10	3.18509628e-03	1.87004918e-04
1.04590000e+10	3.13780600e-03	1.51548224e-04
1.04596000e+10	3.14220074e-03	1.41490595e-04
1.04602000e+10	3.13058171e-03	7.54272133e-05
1.04608000e+10	3.06294649e-03	8.47114249e-05
1.04614000e+10	3.11836695e-03	8.62925978e-05
1.04620000e+10	3.05394795e-03	4.72170900e-05
1.04626000e+10	2.98063171e-03	8.59538194e-06
1.04632000e+10	2.94578276e-03	-3.54440406e-05
1.04638000e+10	2.90428422e-03	-9.05197904e-05
1.04644000e+10	2.98604491e-03	-3.78717926e-05
1.04650000e+10	2.88607694e-03	-8.01706004e-05
1.04656000e+10	2.89985677e-03	-1.32525506e-04
1.04662000e+10	2.84172287e-03	-1.47242912e-04
1.04668000e+10	2.84007006e-03	-2.22284791e-04
1.04674000e+10	2.81680386e-03	-1.54360945e-04
1.04680000e+10	2.81106729e-03	-2.48992937e-04
1.04686000e+10	2.71896245e-03	-2.37738553e-04
1.04692000e+10	2.81796124e-03	-3.14031120e-04
1.04698000e+10	2.74763762e-03	-2.45698891e-04
1.04704000e+10	2.74320374e-03	-2.75070259e-04
1.04710000e+10	2.75601689e-03	-3.19351309e-04
1.04716000e+10	2.72893001e-03	-3.38370158e-04
1.04722000e+10	2.65226703e-03	-3.42532438e-04
1.04728000e+10	2.65078326e-03	-3.67839908e-04
1.04734000e+10	2.61097131e-03	-3.83858599e-04
1.04740000e+10	2.61810227e-03	-4.30438932e-04
1.04746000e+10	2.51504770e-03	-4.10478367e-04
1.04752000e+10	2.58061114e-03	-4.30268376e-04
1.04758000e+10	2.55075105e-03	-4.39998056e-04
1.04764000e+10	2.52110868e-03	-4.87047680e-04
1.04770000e+10	2.51107689e-03	-5.62156818e-04
1.04776000e+10	2.42135191e-03	-5.58351312e-04
1.04782000e+10	2.40636049e-03	-5.72336892e-04
1.04788000e+10	2.42789389e-03	-5.38223706e-04
1.04794000e+10	2.45431044e-03	-5.50249516e-04
1.04800000e+10	2.41696944e-03	-6.02590077e-04
1.04806000e+10	2.34961595e-03	-5.90850329e-04
1.04812000e+10	2.36675132e-03	-6.16796970e-04
1.04818000e+10	2.30826741e-03	-6.66572887e-04
1.04824000e+10	2.34798806e-03	-6.99953252e-04
1.04830000e+10	2.30350184e-03	-6.28334391e-04
1.04836000e+10	2.25787777e-03	-7.25793886e-04
1.04842000e+10	2.24578678e-03	-6.77231262e-04
1.04848000e+10	2.16300487e-03	-6.85259558e-04
1.04854000e+10	2.20174586e-03	-7.44545713e-04
1.04860000e+10	2.12958424e-03	-7.03360869e-04
1.04866000e+10	2.16595399e-03	-7.16981817e-04
1.04872000e+10	2.16790137e-03	-8.13251358e-04
1.04878000e+10	2.10634369e-03	-7.26128206e-04
1.04884000e+10	2.16331898e-03	-7.79005686e-04
1.04890000e+10	2.09845079e-03	-8.08839480e-04
1.04896000e+10	2.10106283e-03	-8.04768602e-04
1.04902000e+10	2.07834514e-03	-8.43798994e-04
1.04908000e+10	1.99834367e-03	-8.23051657e-04
1.04914000e+10	1.99178557e-03	-8.57380815e-04
1.04920000e+10	2.01204914e-03	-8.53758356e-04
1.04926000e+10	2.04510798e-03	-9.02652879e-04
1.04932000e+10	1.99113963e-03	-8.76574102e-04
1.04938000e+10	1.97153701e-03	-9.11936374e-04
1.04944000e+10	1.91795717e-03	-9.29816301e-04
1.04950000e+10	1.90285669e-03	-9.57058267e-04
1.04956000e+10	1.91931475e-03	-9.04198741e-04
1.04962000e+10	1.95054527e-03	-1.00137710e-03
1.04968000e+10	1.88527953e-03	-9.50809322e-04
1.04974000e+10	1.84819119e-03	-9.60270598e-04
1.04980000e+10	1.86999101e-03	-9.45969633e-04
1.04986000e+10	1.83055426e-03	-9.61637281e-04
1.04992000e+10	1.83282948e-03	-9.99436994e-04
1.04998000e+10	1.79438990e-03	-9.67383226e-04
1.05004000e+10	1.79685896e-03	-1.00682571e-03
1.05010000e+10	1.73687633e-03	-1.01836477e-03
1.05016000e+10	1.68824060e-03	-1.02575493e-03
1.05022000e+10	1.75812659e-03	-1.03858692e-03
1.05028000e+10	1.67841136e-03	-1.04245624e-03
1.05034000e+10	1.64318298e-03	-1.08856172e-03
1.05040000e+10	1.71356482e-03	-1.03907303e-03
1.05046000e+10	1.62825509e-03	-1.08965325e-03
1.05052000e+10	1.62345029e-03	-1.11996858e-03
1.05058000e+10	1.64305622e-03	-1.13049424e-03
1.05064000e+10	1.57472268e-03	-1.09294209e-03
1.05070000e+10	1.62273559e-03	-1.11585248e-03
1.05076000e+10	1.67114558e-03	-1.10819135e-03
1.05082000e+10	1.54625237e-03	-1.18335185e-03
1.05088000e+10	1.57958671e-03	-1.20195081e-03
1.05094000e+10	1.55231079e-03	-1.21325970e-03
1.05100000e+10	1.56438756e-03	-1.14773252e-03
1.05106000e+10	1.49142492e-03	-1.17569374e-03
1.05112000e+10	1.53412013e-03	-1.14370085e-03
1.05118000e+10	1.46942951e-03	-1.21107446e-03
1.05124000e+10	1.49279941e-03	-1.19290066e-03
1.05130000e+10	1.41429086e-03	-1.24795746e-03
1.05136000e+10	1.45908063e-03	-1.18610019e-03
1.05142000e+10	1.43954817e-03	-1.22226710e-03
1.05148000e+10	1.41661347e-03	-1.19561250e-03
1.05154000e+10	1.33092978e-03	-1.20633265e-03
1.05160000e+10	1.33200259e-03	-1.29113004e-03
1.05166000e+10	1.32678157e-03	-1.23730060e-03
1.05172000e+10	1.28492000e-03	-1.25300892e-03
1.05178000e+10	1.28637527e-03	-1.29188210e-03
1.05184000e+10	1.21582567e-03	-1.31114887e-03
1.05190000e+10	1.26689314e-03	-1.24546921e-03
1.05196000e+10	1.21649064e-03	-1.33528424e-03
1.05202000e+10	1.19679715e-03	-1.21418969e-03
1.05208000e+10	1.21552982e-03	-1.27786570e-03
1.05214000e+10	1.24714603e-03	-1.27928142e-03
1.05220000e+10	1.22922768e-03	-1.30021072e-03
1.05226000e+10	1.17549579e-03	-1.27112358e-03
1.05232000e+10	1.17001054e-03	-1.30176657e-03
1.05238000e+10	1.19556829e-03	-1.29743709e-03
1.05244000e+10	1.15720268e-03	-1.26551873e-03
1.05250000e+10	1.07475717e-03	-1.30927419e-03
1.05256000e+10	1.11456118e-03	-1.34059943e-03
1.05262000e+10	1.09657709e-03	-1.29789646e-03
1.05268000e+10	1.10244282e-03	-1.33832129e-03
1.05274000e+10	1.06200521e-03	-1.32534468e-03
1.05280000e+10	1.01687870e-03	-1.34400782e-03
1.05286000e+10	1.04448965e-03	-1.40804688e-03
1.05292000e+10	1.02540760e-03	-1.30890438e-03
1.05298000e+10	1.00422962e-03	-1.34304502e-03
1.05304000e+10	9.71028652e-04	-1.35369893e-03
1.05310000e+10	9.84356755e-04	-1.34279737e-03
1.05316000e+10	9.98734012e-04	-1.39869176e-03
1.05322000e+10	9.49371454e-04	-1.35540096e-03
1.05328000e+10	9.41962212e-04	-1.32092008e-03
1.05334000e+10	9.53699305e-04	-1.38831926e-03
1.05340000e+10	9.34276510e-04	-1.32862030e-03
1.05346000e+10	8.79449192e-04	-1.31696592e-03
1.05352000e+10	8.87534786e-04	-1.38326225e-03
1.05358000e+10	8.92399634e-04	-1.39871328e-03
1.05364000e+10	8.25995072e-04	-1.37941956e-03
1.05370000e+10	8.21580801e-04	-1.34511844e-03
1.05376000e+10	8.40378323e-04	-1.39266347e-03
1.05382000e+10	7.93037719e-04	-1.38667608e-03
1.05388000e+10	8.03897296e-04	-1.40846602e-03
1.05394000e+10	7.74708161e-04	-1.40606758e-03
1.05400000e+10	7.44155962e-04	-1.39885374e-03
1.05406000e+10	7.12062334e-04	-1.39918641e-03
1.05412000e+10	7.07023973e-04	-1.41108481e-03
1.05418000e+10	6.80789096e-04	-1.40540653e-03
1.05424000e+10	7.15830923e-04	-1.33213964e-03
1.05430000e+10	6.78107792e-04	-1.38496286e-03
1.05436000e+10	6.92956418e-04	-1.44723478e-03
1.05442000e+10	6.62025753e-04	-1.42224287e-03
1.05448000e+10	6.31833617e-04	-1.42196350e-03
1.05454000e+10	6.31612735e-04	-1.43121676e-03
1.05460000e+10	5.68671970e-04	-1.38670412e-03
1.05466000e+10	6.29877743e-04	-1.39372245e-03
1.05472000e+10	5.69142164e-04	-1.43703498e-03
1.05478000e+10	6.19358823e-04	-1.46028815e-03
1.05484000e+10	5.34403575e-04	-1.40807704e-03
1.05490000e+10	6.00324223e-04	-1.41546617e-03
1.05496000e+10	5.20460232e-04	-1.41459699e-03
1.05502000e+10	5.58858647e-04	-1.42392598e-03
1.05508000e+10	5.46377844e-04	-1.40367543e-03
1.05514000e+10	4.93292272e-04	-1.45618335e-03
1.05520000e+10	4.72598496e-04	-1.36049788e-03
1.05526000e+10	4.95154776e-04	-1.40440380e-03
1.05532000e+10	4.85666526e-04	-1.45336296e-03
1.05538000e+10	4.63772476e-04	-1.44233539e-03
1.05544000e+10	4.46434140e-04	-1.37637909e-03
1.05550000e+10	4.67955547e-04	-1.41999347e-03
1.05556000e+10	4.10247258e-04	-1.40043222e-03
1.05562000e+10	4.58201061e-04	-1.43765129e-03
1.05568000e+10	4.83482925e-04	-1.35804898e-03
1.05574000e+10	3.50421423e-04	-1.38237658e-03
1.05580000e+10	4.39678276e-04	-1.42483661e-03
1.05586000e+10	3.94913999e-04	-1.38111895e-03
1.05592000e+10	3.89266351e-04	-1.36868042e-03
1.05598000e+10	3.33119676e-04	-1.42414829e-03
1.05604000e+10	3.78079343e-04	-1.43008788e-03
1.05610000e+10	2.91166583e-04	-1.37978008e-03
1.05616000e+10	2.82556201e-04	-1.44862651e-03
1.05622000e+10	2.80213809e-04	-1.46733460e-03
1.05628000e+10	2.38017834e-04	-1.43829988e-03
1.05634000e+10	2.54025036e-04	-1.42071210e-03
1.05640000e+10	2.85907440e-04	-1.38342315e-03
1.05646000e+10	2.30063043e-04	-1.37882721e-03
1.05652000e+10	1.94138772e-04	-1.37676047e-03
1.05658000e+10	2.27151881e-04	-1.38396254e-03
1.05664000e+10	1.88858944e-04	-1.45196486e-03
1.05670000e+10	1.97437335e-04	-1.41576622e-03
1.05676000e+10	1.52913266e-04	-1.39716279e-03
1.05682000e+10	1.43269493e-04	-1.39806655e-03
1.05688000e+10	1.25081002e-04	-1.39045689e-03
1.05694000e+10	1.71746316e-04	-1.37623982e-03
1.05700000e+10	1.43768899e-04	-1.38147861e-03
1.05706000e+10	1.21663331e-04	-1.38295740e-03
1.05712000e+10	1.17362823e-04	-1.40063135e-03
1.05718000e+10	9.12003007e-05	-1.36787200e-03
1.05724000e+10	1.34016783e-04	-1.33782415e-03
1.05730000e+10	9.15818780e-05	-1.35561180e-03
1.05736000e+10	7.82879669e-05	-1.36988514e-03
1.05742000e+10	5.48038360e-05	-1.41198915e-03
1.05748000e+10	4.83692099e-05	-1.37022140e-03
1.05754000e+10	-1.82826563e-05	-1.37148639e-03
1.05760000e+10	-1.69239698e-05	-1.35998415e-03
1.05766000e+10	6.69888473e-05	-1.37252642e-03
1.05772000e+10	3.32148572e-05	-1.37097891e-03
1.05778000e+10	-6.58766007e-05	-1.37233849e-03
1.05784000e+10	-5.93363579e-05	-1.30233292e-03
1.05790000e+10	-1.95241682e-05	-1.36699745e-03
1.05796000e+10	-5.05828035e-05	-1.36477043e-03
1.05802000e+10	-3.76192287e-05	-1.37518867e-03
1.05808000e+10	-6.36108157e-05	-1.38599891e-03
1.05814000e+10	-7.27770822e-05	-1.33353647e-03
1.05820000e+10	-7.51158706e-05	-1.35681252e-03
1.05826000e+10	-1.55633439e-04	-1.35640333e-03
1.05832000e+10	-1.18382067e-04	-1.33667693e-03
1.05838000e+10	-6.87479762e-05	-1.34889066e-03
1.05844000e+10	-1.33984930e-04	-1.33528096e-03
1.05850000e+10	-1.73236091e-04	-1.39068649e-03
1.05856000e+10	-1.62458474e-04	-1.30177252e-03
1.05862000e+10	-1.18468069e-04	-1.37536240e-03
1.05868000e+10	-1.97327451e-04	-1.35266878e-03
1.05874000e+10	-1.25409060e-04	-1.30420768e-03
1.05880000e+10	-2.14112449e-04	-1.31309846e-03
1.05886000e+10	-1.87796097e-04	-1.28230696e-03
1.05892000e+10	-2.35384858e-04	-1.30298734e-03
1.05898000e+10	-1.75086608e-04	-1.37175233e-03
1.05904000e+10	-2.30347462e-04	-1.25091667e-03
1.05910000e+10	-2.70053398e-04	-1.30729357e-03
1.05916000e+10	-2.45075264e-04	-1.31448232e-03
1.05922000e+10	-2.49096112e-04	-1.35257820e-03
1.05928000e+10	-3.04187648e-04	-1.28970372e-03
1.05934000e+10	-2.59978439e-04	-1.28790999e-03
1.05940000e+10	-2.68684400e-04	-1.34134983e-03
1.05946000e+10	-3.73583112e-04	-1.25786842e-03
1.05952000e+10	-2.97503624e-04	-1.28344572e-03
1.05958000e+10	-2.94323314e-04	-1.29732997e-03
1.05964000e+10	-2.76002747e-04	-1.26192878e-03
1.05970000e+10	-2.95664311e-04	-1.18566807e-03
1.05976000e+10	-3.52753614e-04	-1.25272563e-03
1.05982000e+10	-3.71078953e-04	-1.31337121e-03
1.05988000e+10	-3.75266938e-04	-1.29545628e-03
1.05994000e+10	-3.72216564e-04	-1.29099845e-03
1.06000000e+10	-3.84943113e-04	-1.24495971e-03
1.06006000e+10	-4.26323147e-04	-1.24485359e-03
1.06012000e+10	-4.28258801e-04	-1.27102104e-03
1.06018000e+10	-4.50454712e-04	-1.27166613e-03
1.06024000e+10	-4.40142236e-04	-1.29134866e-03
1.06030000e+10	-4.20423294e-04	-1.24562666e-03
1.06036000e+10	-3.89766051e-04	-1.17732684e-03
1.06042000e+10	-4.64070454e-04	-1.20449467e-03
1.06048000e+10	-4.57787219e-04	-1.26938740e-03
1.06054000e+10	-4.78798029e-04	-1.23203306e-03
1.06060000e+10	-5.31931486e-04	-1.23362596e-03
1.06066000e+10	-4.76445231e-04	-1.14599918e-03
1.06072000e+10	-4.56481096e-04	-1.17021630e-03
1.06078000e+10	-5.42914640e-04	-1.19360295e-03
1.06084000e+10	-5.40071917e-04	-1.23177743e-03
1.06090000e+10	-5.45263886e-04	-1.24673869e-03
1.06096000e+10	-6.00118518e-04	-1.18217142e-03
1.06102000e+10	-5.70825061e-04	-1.22470796e-03
1.06108000e+10	-5.17500312e-04	-1.17952824e-03
1.06114000e+10	-6.05887509e-04	-1.19205968e-03
1.06120000e+10	-5.49629396e-04	-1.14215359e-03
1.06126000e+10	-5.67507190e-04	-1.19613443e-03
1.06132000e+10	-5.94083471e-04	-1.13543653e-03
1.06138000e+10	-6.45670266e-04	-1.13952291e-03
1.06144000e+10	-6.40465212e-04	-1.15333667e-03
1.06150000e+10	-7.06163810e-04	-1.16755320e-03
1.06156000e+10	-6.30328530e-04	-1.20745154e-03
1.06162000e+10	-7.02977286e-04	-1.09662085e-03
1.06168000e+10	-6.25232052e-04	-1.12921529e-03
1.06174000e+10	-6.75257509e-04	-1.10047771e-03
1.06180000e+10	-6.64004928e-04	-1.12232540e-03
1.06186000e+10	-6.97077690e-04	-1.12112397e-03
1.06192000e+10	-7.78442314e-04	-1.15856339e-03
1.06198000e+10	-7.48389699e-04	-1.13312195e-03
1.06204000e+10	-6.78074488e-04	-1.04704005e-03
1.06210000e+10	-7.34281626e-04	-1.08884763e-03
1.06216000e+10	-7.30897825e-04	-1.05532992e-03
1.06222000e+10	-7.66133160e-04	-1.02039497e-03
1.06228000e+10	-7.59377764e-04	-1.03604246e-03
1.06234000e+10	-8.50387078e-04	-1.03314467e-03
1.06240000e+10	-8.19460359e-04	-1.03110594e-03
1.06246000e+10	-8.14773396e-04	-1.04454785e-03
1.06252000e+10	-8.06762128e-04	-1.07941899e-03
1.06258000e+10	-8.49334199e-04	-1.04853925e-03
1.06264000e+10	-8.45245243e-04	-1.07529677e-03
1.06270000e+10	-8.34370653e-04	-1.08709213e-03
1.06276000e+10	-8.27262221e-04	-9.96476528e-04
1.06282000e+10	-8.96005556e-04	-1.03917904e-03
1.06288000e+10	-9.03304572e-04	-1.01763278e-03
1.06294000e+10	-8.97394006e-04	-1.03099146e-03
1.06300000e+10	-9.05837069e-04	-9.32565856e-04
