# Freq(Hz)	Amp(mV)
0.000000	33.543657
128.073770	33.022483
256.147541	31.487854
384.221311	29.024538
512.295082	25.767613
640.368852	21.893626
768.442623	17.609111
896.516393	13.137298
1024.590164	8.703947
1152.663934	4.523471
1280.737705	0.791403
1408.811475	2.364011
1536.885246	4.800780
1664.959016	6.472741
1793.032787	7.369510
1921.106557	7.530817
2049.180328	7.041282
2177.254098	6.023835
2305.327869	4.634139
2433.401639	3.068047
2561.475410	1.669541
2689.549180	1.477766
2817.622951	2.504409
2945.696721	3.540052
3073.770492	4.268251
3201.844262	4.608731
3329.918033	4.550974
3457.991803	4.127766
3586.065574	3.406157
3714.139344	2.484430
3842.213115	1.512010
3970.286885	0.882939
4098.360656	1.268879
4226.434426	1.996251
4354.508197	2.592184
4482.581967	2.945973
4610.655738	3.025373
4738.729508	2.836422
4866.803279	2.415638
4994.877049	1.830174
5122.950820	1.199421
5251.024590	0.823030
5379.098361	1.089950
5507.172131	1.623288
5635.245902	2.092819
5763.319672	2.393303
5891.393443	2.485383
6019.467213	2.362645
6147.540984	2.045093
6275.614754	1.579670
6403.688525	1.057329
6531.762295	0.715707
6659.836066	0.921390
6787.909836	1.400034
6915.983607	1.846938
7044.057377	2.159296
7172.131148	2.293511
7300.204918	2.233696
7428.278689	1.985148
7556.352459	1.571609
7684.426230	1.033652
7812.500000	0.440417
7940.573770	0.343229
8068.647541	0.916469
8196.721311	1.448173
8324.795082	1.859627
8452.868852	2.114084
8580.942623	2.191503
8709.016393	2.087415
8837.090164	1.812219
8965.163934	1.389498
9093.237705	0.853386
9221.311475	0.246916
9349.385246	0.399055
9477.459016	1.024091
9605.532787	1.601770
9733.606557	2.104104
9861.680328	2.516272
9989.754098	2.838249
10117.827869	3.086858
10245.901639	3.297789
10373.975410	3.527007
10502.049180	3.848919
10630.122951	4.347433
10758.196721	5.100702
10886.270492	6.168968
11014.344262	7.593069
11142.418033	9.399559
11270.491803	11.605029
11398.565574	14.217445
11526.639344	17.235995
11654.713115	20.651077
11782.786885	24.445185
11910.860656	28.594746
12038.934426	33.072644
12167.008197	37.851015
12295.081967	42.903853
12423.155738	48.209018
12551.229508	53.749262
12679.303279	59.512042
12807.377049	65.488018
12935.450820	71.668353
13063.524590	78.041108
13191.598361	84.587193
13319.672131	91.276449
13447.745902	98.064422
13575.819672	104.890291
13703.893443	111.676300
13831.967213	118.328788
13960.040984	124.740778
14088.114754	130.795899
14216.188525	136.373334
14344.262295	141.353384
14472.336066	145.623256
14600.409836	149.082655
14728.483607	151.648802
14856.557377	153.260540
14984.631148	153.881265
15112.704918	153.500477
15240.778689	152.133881
15368.852459	149.822007
15496.926230	146.627502
15625.000000	142.631283
15753.073770	137.927869
15881.147541	132.620276
16009.221311	126.814886
16137.295082	120.616710
16265.368852	114.125415
16393.442623	107.432392
16521.516393	100.619023
16649.590164	93.756150
16777.663934	86.904593
16905.737705	80.116477
17033.811475	73.437009
17161.885246	66.906380
17289.959016	60.561473
17418.032787	54.437163
17546.106557	48.567083
17674.180328	42.983851
17802.254098	37.718789
17930.327869	32.801264
18058.401639	28.257746
18186.475410	24.110695
18314.549180	20.377355
18442.622951	17.068478
18570.696721	14.186978
18698.770492	11.726512
18826.844262	9.670017
18954.918033	7.988528
19082.991803	6.641007
19211.065574	5.576353
19339.139344	4.738412
19467.213115	4.073157
19595.286885	3.535227
19723.360656	3.090889
19851.434426	2.716574
19979.508197	2.394684
20107.581967	2.109635
20235.655738	1.846566
20363.729508	1.593582
20491.803279	1.346859
20619.877049	1.117880
20747.950820	0.941671
20876.024590	0.872911
21004.098361	0.937751
21132.172131	1.091445
21260.245902	1.263954
21388.319672	1.402276
21516.393443	1.472995
21644.467213	1.457320
21772.540984	1.348704
21900.614754	1.152603
22028.688525	0.888868
22156.762295	0.604879
22284.836066	0.437510
22412.909836	0.575097
22540.983607	0.867475
22669.057377	1.155894
22797.131148	1.380860
22925.204918	1.513239
23053.278689	1.538404
23181.352459	1.453940
23309.426230	1.270436
23437.500000	1.015493
23565.573770	0.749386
23693.647541	0.609168
23821.721311	0.736501
23949.795082	1.023200
24077.868852	1.323260
24205.942623	1.567021
24334.016393	1.719317
24462.090164	1.762096
24590.163934	1.690290
24718.237705	1.511167
24846.311475	1.245641
24974.385246	0.935153
25102.459016	0.670613
25230.532787	0.634013
25358.606557	0.865492
25486.680328	1.183036
25614.754098	1.477059
25742.827869	1.701118
25870.901639	1.833152
25998.975410	1.864852
26127.049180	1.798634
26255.122951	1.646261
26383.196721	1.427910
26511.270492	1.171880
26639.344262	0.916111
26767.418033	0.712294
26895.491803	0.618885
27023.565574	0.645497
27151.639344	0.726739
27279.713115	0.797432
27407.786885	0.825397
27535.860656	0.800891
27663.934426	0.726893
27792.008197	0.614202
27920.081967	0.478830
28048.155738	0.341183
28176.229508	0.228858
28304.303279	0.179961
28432.377049	0.199255
28560.450820	0.235451
28688.524590	0.258841
28816.598361	0.268230
28944.672131	0.276190
29072.745902	0.297780
29200.819672	0.337333
29328.893443	0.384755
29456.967213	0.423968
29585.040984	0.440465
29713.114754	0.424198
29841.188525	0.370664
29969.262295	0.282615
30097.336066	0.179404
30225.409836	0.151948
30353.483607	0.274631
30481.557377	0.444103
30609.631148	0.614105
30737.704918	0.765401
30865.778689	0.885225
30993.852459	0.965016
31121.926230	1.000534
31250.000000	0.992210
31378.073770	0.945352
31506.147541	0.870167
31634.221311	0.781519
31762.295082	0.697906
31890.368852	0.637947
32018.442623	0.612648
32146.516393	0.618004
32274.590164	0.637751
32402.663934	0.653731
32530.737705	0.652829
32658.811475	0.628314
32786.885246	0.578822
32914.959016	0.507055
33043.032787	0.418979
33171.106557	0.324495
33299.180328	0.242503
33427.254098	0.211460
33555.327869	0.260413
33683.401639	0.359741
33811.475410	0.476747
33939.549180	0.595772
34067.622951	0.707545
34195.696721	0.804339
34323.770492	0.878867
34451.844262	0.924523
34579.918033	0.936151
34707.991803	0.911019
34836.065574	0.849870
34964.139344	0.758164
35092.213115	0.647923
35220.286885	0.540915
35348.360656	0.471176
35476.434426	0.470985
35604.508197	0.534793
35732.581967	0.624211
35860.655738	0.704094
35988.729508	0.752375
36116.803279	0.756764
36244.877049	0.711980
36372.950820	0.618411
36501.024590	0.481356
36629.098361	0.310713
36757.172131	0.125490
36885.245902	0.116598
37013.319672	0.304512
37141.393443	0.483283
37269.467213	0.632655
37397.540984	0.742428
37525.614754	0.806689
37653.688525	0.823687
37781.762295	0.795817
37909.836066	0.729353
38037.909836	0.633912
38165.983607	0.521734
38294.057377	0.406860
38422.131148	0.304136
38550.204918	0.226862
38678.278689	0.179663
38806.352459	0.149835
38934.426230	0.115327
39062.500000	0.061081
39190.573770	0.019956
39318.647541	0.120065
39446.721311	0.236652
39574.795082	0.359452
39702.868852	0.478208
39830.942623	0.582946
39959.016393	0.664977
40087.090164	0.717730
40215.163934	0.737406
40343.237705	0.723445
40471.311475	0.678912
40599.385246	0.611028
40727.459016	0.532256
40855.532787	0.462131
40983.606557	0.426688
41111.680328	0.445314
41239.754098	0.512057
41367.827869	0.604162
41495.901639	0.701269
41623.975410	0.790206
41752.049180	0.862996
41880.122951	0.914839
42008.196721	0.942996
42136.270492	0.946282
42264.344262	0.924965
42392.418033	0.880952
42520.491803	0.818200
42648.565574	0.743273
42776.639344	0.665890
42904.713115	0.598824
43032.786885	0.555456
43160.860656	0.543373
43288.934426	0.558046
43417.008197	0.584728
43545.081967	0.606456
43673.155738	0.609621
43801.229508	0.585513
43929.303279	0.530229
44057.377049	0.444471
44185.450820	0.334193
44313.524590	0.216019
44441.598361	0.150896
44569.672131	0.227406
44697.745902	0.365032
44825.819672	0.505012
44953.893443	0.629080
45081.967213	0.728237
45210.040984	0.797503
45338.114754	0.834948
45466.188525	0.841380
45594.262295	0.820090
45722.336066	0.776641
45850.409836	0.718847
45978.483607	0.657088
46106.557377	0.604824
46234.631148	0.577872
46362.704918	0.589695
46490.778689	0.643798
46618.852459	0.731961
46746.926230	0.840206
46875.000000	0.954271
47003.073770	1.061361
47131.147541	1.150263
47259.221311	1.211376
47387.295082	1.237016
47515.368852	1.221904
47643.442623	1.163650
47771.516393	1.063127
47899.590164	0.924620
48027.663934	0.755759
48155.737705	0.567311
48283.811475	0.373418
48411.885246	0.196411
48539.959016	0.115495
48668.032787	0.201311
48796.106557	0.296321
48924.180328	0.352574
49052.254098	0.360985
49180.327869	0.320817
49308.401639	0.236538
49436.475410	0.118317
49564.549180	0.053454
49692.622951	0.198523
49820.696721	0.352975
49948.770492	0.491776
50076.844262	0.601494
50204.918033	0.672046
50332.991803	0.697287
50461.065574	0.675923
50589.139344	0.612656
50717.213115	0.520405
50845.286885	0.425692
50973.360656	0.375900
51101.434426	0.414109
51229.508197	0.520465
51357.581967	0.645738
51485.655738	0.756339
51613.729508	0.833271
51741.803279	0.866295
51869.877049	0.851562
51997.950820	0.790799
52126.024590	0.691045
52254.098361	0.564968
52382.172131	0.432855
52510.245902	0.328562
52638.319672	0.298193
52766.393443	0.345654
52894.467213	0.418493
53022.540984	0.476133
53150.614754	0.500144
53278.688525	0.483871
53406.762295	0.427746
53534.836066	0.337985
53662.909836	0.228549
53790.983607	0.139978
53919.057377	0.172783
54047.131148	0.288804
54175.204918	0.409732
54303.278689	0.512415
54431.352459	0.587580
54559.426230	0.631685
54687.500000	0.645753
54815.573770	0.635169
54943.647541	0.609398
55071.721311	0.580976
55199.795082	0.562759
55327.868852	0.563049
55455.942623	0.581374
55584.016393	0.609333
55712.090164	0.635641
55840.163934	0.650596
55968.237705	0.648028
56096.311475	0.625586
56224.385246	0.584377
56352.459016	0.528416
56480.532787	0.464061
56608.606557	0.399429
56736.680328	0.343552
56864.754098	0.304496
56992.827869	0.285854
57120.901639	0.284216
57248.975410	0.291752
57377.049180	0.301322
57505.122951	0.308900
57633.196721	0.313189
57761.270492	0.314337
57889.344262	0.312778
58017.418033	0.308610
58145.491803	0.301610
58273.565574	0.291796
58401.639344	0.280260
58529.713115	0.269845
58657.786885	0.265095
58785.860656	0.270693
58913.934426	0.288634
59042.008197	0.316554
59170.081967	0.348879
59298.155738	0.379112
59426.229508	0.401366
59554.303279	0.410982
59682.377049	0.404723
59810.450820	0.380790
59938.524590	0.338754
60066.598361	0.279427
60194.672131	0.204672
60322.745902	0.117188
60450.819672	0.020559
60578.893443	0.082946
60706.967213	0.188027
60835.040984	0.291769
60963.114754	0.390761
61091.188525	0.481969
61219.262295	0.562790
61347.336066	0.631114
61475.409836	0.685369
61603.483607	0.724550
61731.557377	0.748245
61859.631148	0.756612
61987.704918	0.750352
62115.778689	0.730631
62243.852459	0.698989
62371.926230	0.657256
62500.000000	0.607506
62628.073770	0.552099
62756.147541	0.493872
62884.221311	0.436503
63012.295082	0.384996
63140.368852	0.345867
63268.442623	0.325874
63396.516393	0.328408
63524.590164	0.350395
63652.663934	0.384088
63780.737705	0.421372
63908.811475	0.456251
64036.885246	0.485398
64164.959016	0.508008
64293.032787	0.525459
64421.106557	0.540678
64549.180328	0.557060
64677.254098	0.577032
64805.327869	0.600788
64933.401639	0.625872
65061.475410	0.647822
65189.549180	0.661459
65317.622951	0.662273
65445.696721	0.647585
65573.770492	0.617463
65701.844262	0.575450
65829.918033	0.529020
65957.991803	0.489177
66086.065574	0.467561
66214.139344	0.470123
66342.213115	0.492015
66470.286885	0.520102
66598.360656	0.539702
66726.434426	0.538896
66854.508197	0.509807
66982.581967	0.448658
67110.655738	0.355694
67238.729508	0.235851
67366.803279	0.108910
67494.877049	0.124493
67622.950820	0.279800
67751.024590	0.447472
67879.098361	0.608010
68007.172131	0.752780
68135.245902	0.876634
68263.319672	0.977419
68391.393443	1.055780
68519.467213	1.114583
68647.540984	1.157806
68775.614754	1.189044
68903.688525	1.210008
69031.762295	1.219577
69159.836066	1.213809
69287.909836	1.186889
69415.983607	1.132636
69544.057377	1.046055
69672.131148	0.924588
69800.204918	0.768917
69928.278689	0.583364
70056.352459	0.376317
70184.426230	0.165133
70312.500000	0.114375
70440.573770	0.305611
70568.647541	0.491545
70696.721311	0.645383
70824.795082	0.756843
70952.868852	0.820308
71080.942623	0.834595
71209.016393	0.803434
71337.090164	0.736172
71465.163934	0.648988
71593.237705	0.566539
71721.311475	0.520285
71849.385246	0.532657
71977.459016	0.595736
72105.532787	0.681060
72233.606557	0.763228
72361.680328	0.827349
72489.754098	0.867678
72617.827869	0.885490
72745.901639	0.887229
72873.975410	0.882223
73002.049180	0.879450
73130.122951	0.883844
73258.196721	0.893879
73386.270492	0.902071
73514.344262	0.897876
73642.418033	0.871033
73770.491803	0.813944
73898.565574	0.722865
74026.639344	0.598264
74154.713115	0.444735
74282.786885	0.271256
74410.860656	0.101085
74538.934426	0.137514
74667.008197	0.306168
74795.081967	0.461646
74923.155738	0.587875
75051.229508	0.676943
75179.303279	0.724653
75307.377049	0.730264
75435.450820	0.696389
75563.524590	0.628739
75691.598361	0.535692
75819.672131	0.427849
75947.745902	0.317887
76075.819672	0.221516
76203.893443	0.159544
76331.967213	0.146288
76460.040984	0.159213
76588.114754	0.165945
76716.188525	0.152226
76844.262295	0.115405
76972.336066	0.058916
77100.409836	0.023888
77228.483607	0.098381
77356.557377	0.177700
77484.631148	0.249222
77612.704918	0.305685
77740.778689	0.341595
77868.852459	0.353475
77996.926230	0.340097
78125.000000	0.302541
78253.073770	0.244129
78381.147541	0.170438
78509.221311	0.091194
78637.295082	0.050638
78765.368852	0.110886
78893.442623	0.182993
79021.516393	0.243133
79149.590164	0.285513
79277.663934	0.307905
79405.737705	0.310719
79533.811475	0.297119
79661.885246	0.273447
79789.959016	0.249684
79918.032787	0.238345
80046.106557	0.248483
80174.180328	0.278354
80302.254098	0.317985
80430.327869	0.356935
80558.401639	0.387594
80686.475410	0.405190
80814.549180	0.407198
80942.622951	0.392855
81070.696721	0.362823
81198.770492	0.318957
81326.844262	0.264266
81454.918033	0.203364
81582.991803	0.144764
81711.065574	0.108810
81839.139344	0.123770
81967.213115	0.175135
82095.286885	0.235086
82223.360656	0.291431
82351.434426	0.338495
82479.508197	0.372795
82607.581967	0.391972
82735.655738	0.394569
82863.729508	0.380028
82991.803279	0.348749
83119.877049	0.302127
83247.950820	0.242574
83376.024590	0.173640
83504.098361	0.101028
83632.172131	0.046000
83760.245902	0.080442
83888.319672	0.146064
84016.393443	0.206994
84144.467213	0.257486
84272.540984	0.295648
84400.614754	0.321610
84528.688525	0.337447
84656.762295	0.347149
84784.836066	0.356203
84912.909836	0.370389
85040.983607	0.393822
85169.057377	0.427324
85297.131148	0.468356
85425.204918	0.512344
85553.278689	0.554196
85681.352459	0.589286
85809.426230	0.613899
85937.500000	0.625374
86065.573770	0.622085
86193.647541	0.603354
86321.721311	0.569329
86449.795082	0.520865
86577.868852	0.459465
86705.942623	0.387339
86834.016393	0.307823
86962.090164	0.226955
87090.163934	0.159408
87218.237705	0.140827
87346.311475	0.189235
87474.385246	0.267593
87602.459016	0.350077
87730.532787	0.425836
87858.606557	0.488685
87986.680328	0.534192
88114.754098	0.559076
88242.827869	0.561198
88370.901639	0.539691
88498.975410	0.495097
88627.049180	0.429450
88755.122951	0.346305
88883.196721	0.250808
89011.270492	0.150593
89139.344262	0.066942
89267.418033	0.091284
89395.491803	0.170996
89523.565574	0.242339
89651.639344	0.295483
89779.713115	0.327423
89907.786885	0.338426
90035.860656	0.332124
90163.934426	0.316138
90292.008197	0.302286
90420.081967	0.303924
90548.155738	0.328387
90676.229508	0.371525
90804.303279	0.422084
90932.377049	0.468608
91060.450820	0.502339
91188.524590	0.517610
91316.598361	0.511661
91444.672131	0.484386
91572.745902	0.438030
91700.819672	0.376764
91828.893443	0.306087
91956.967213	0.232025
92085.040984	0.160107
92213.114754	0.094371
92341.188525	0.039930
92469.262295	0.046398
92597.336066	0.108532
92725.409836	0.188354
92853.483607	0.285096
92981.557377	0.396993
93109.631148	0.519062
93237.704918	0.643825
93365.778689	0.762305
93493.852459	0.865001
93621.926230	0.942814
93750.000000	0.987879
93878.073770	0.994294
94006.147541	0.958673
94134.221311	0.880509
94262.295082	0.762311
94390.368852	0.609509
94518.442623	0.430169
94646.516393	0.234778
94774.590164	0.045237
94902.663934	0.168556
95030.737705	0.344658
95158.811475	0.493915
95286.885246	0.606990
95414.959016	0.677827
95543.032787	0.703369
95671.106557	0.683649
95799.180328	0.621701
95927.254098	0.523261
96055.327869	0.396282
96183.401639	0.250299
96311.475410	0.095966
96439.549180	0.060011
96567.622951	0.201476
96695.696721	0.324987
96823.770492	0.423864
96951.844262	0.494653
97079.918033	0.536661
97207.991803	0.551904
97336.065574	0.544865
97464.139344	0.521964
97592.213115	0.490654
97720.286885	0.457993
97848.360656	0.428794
97976.434426	0.404040
98104.508197	0.380714
98232.581967	0.353422
98360.655738	0.316715
98488.729508	0.266817
98616.803279	0.202417
98744.877049	0.124959
98872.950820	0.042236
99001.024590	0.067778
99129.098361	0.160183
99257.172131	0.249136
99385.245902	0.326538
99513.319672	0.386438
99641.393443	0.423979
99769.467213	0.435574
99897.540984	0.419101
100025.614754	0.374042
100153.688525	0.301562
100281.762295	0.204577
100409.836066	0.088626
100537.909836	0.054282
100665.983607	0.191142
100794.057377	0.332769
100922.131148	0.467987
101050.204918	0.588735
101178.278689	0.687647
101306.352459	0.758327
101434.426230	0.795735
101562.500000	0.796561
101690.573770	0.759519
101818.647541	0.685573
101946.721311	0.578108
102074.795082	0.443265
102202.868852	0.291668
102330.942623	0.152851
102459.016393	0.157304
102587.090164	0.299252
102715.163934	0.452729
102843.237705	0.589800
102971.311475	0.700005
103099.385246	0.777309
103227.459016	0.818579
103355.532787	0.823321
103483.606557	0.793528
103611.680328	0.733429
103739.754098	0.649110
103867.827869	0.548009
103995.901639	0.438356
104123.975410	0.328625
104252.049180	0.227180
104380.122951	0.142658
104508.196721	0.086544
104636.270492	0.071629
104764.344262	0.081888
104892.418033	0.091559
105020.491803	0.095777
105148.565574	0.099873
105276.639344	0.110176
105404.713115	0.127360
105532.786885	0.146313
105660.860656	0.160613
105788.934426	0.165258
105917.008197	0.157441
106045.081967	0.136815
106173.155738	0.106087
106301.229508	0.073751
106429.303279	0.062725
106557.377049	0.088118
106685.450820	0.125041
106813.524590	0.155557
106941.598361	0.171197
107069.672131	0.167118
107197.745902	0.141628
107325.819672	0.099983
107453.893443	0.079894
107581.967213	0.144360
107710.040984	0.255804
107838.114754	0.386774
107966.188525	0.526531
108094.262295	0.667029
108222.336066	0.800965
108350.409836	0.921704
108478.483607	1.023492
108606.557377	1.101672
108734.631148	1.152820
108862.704918	1.174791
108990.778689	1.166679
109118.852459	1.128722
109246.926230	1.062174
109375.000000	0.969184
109503.073770	0.852702
109631.147541	0.716433
109759.221311	0.564868
109887.295082	0.403497
110015.368852	0.240070
110143.442623	0.098769
110271.516393	0.132092
110399.590164	0.266757
110527.663934	0.393585
110655.737705	0.498923
110783.811475	0.577161
110911.885246	0.625120
111039.959016	0.641643
111168.032787	0.627705
111296.106557	0.586644
111424.180328	0.524509
111552.254098	0.450799
111680.327869	0.379866
111808.401639	0.331843
111936.475410	0.325641
112064.549180	0.360972
112192.622951	0.418392
112320.696721	0.478276
112448.770492	0.528344
112576.844262	0.562251
112704.918033	0.577611
112832.991803	0.574828
112961.065574	0.556411
113089.139344	0.526503
113217.213115	0.490535
113345.286885	0.454890
113473.360656	0.426361
113601.434426	0.411021
113729.508197	0.412414
113857.581967	0.430158
113985.655738	0.460332
114113.729508	0.497265
114241.803279	0.535122
114369.877049	0.568642
114497.950820	0.593369
114626.024590	0.605759
114754.098361	0.603336
114882.172131	0.584865
115010.245902	0.550505
115138.319672	0.501885
115266.393443	0.442053
115394.467213	0.375284
115522.540984	0.306767
115650.614754	0.242192
115778.688525	0.187403
115906.762295	0.148360
116034.836066	0.131328
116162.909836	0.141139
116290.983607	0.177832
116419.057377	0.238169
116547.131148	0.318232
116675.204918	0.413212
116803.278689	0.516962
116931.352459	0.622196
117059.426230	0.721009
117187.500000	0.805526
117315.573770	0.868557
117443.647541	0.904212
117571.721311	0.908407
117699.795082	0.879239
117827.868852	0.817192
117955.942623	0.725189
118084.016393	0.608507
118212.090164	0.474724
118340.163934	0.334272
118468.237705	0.204739
118596.311475	0.134896
118724.385246	0.181901
118852.459016	0.268499
118980.532787	0.343390
119108.606557	0.393624
119236.680328	0.415592
119364.754098	0.409534
119492.827869	0.378197
119620.901639	0.326166
119748.975410	0.259280
119877.049180	0.184051
120005.122951	0.107062
120133.196721	0.034418
120261.270492	0.028793
120389.344262	0.078776
120517.418033	0.113507
120645.491803	0.132825
120773.565574	0.138705
120901.639344	0.135598
121029.713115	0.130783
121157.786885	0.133303
121285.860656	0.149131
121413.934426	0.176875
121542.008197	0.210767
121670.081967	0.245157
121798.155738	0.275793
121926.229508	0.299566
122054.303279	0.314080
122182.377049	0.317364
122310.450820	0.307759
122438.524590	0.284012
122566.598361	0.245605
122694.672131	0.193579
122822.745902	0.133494
122950.819672	0.091158
123078.893443	0.125785
123206.967213	0.213150
123335.040984	0.314080
123463.114754	0.414882
123591.188525	0.507410
123719.262295	0.584999
123847.336066	0.642063
123975.409836	0.674327
124103.483607	0.679174
124231.557377	0.655959
124359.631148	0.606272
124487.704918	0.534197
124615.778689	0.446791
124743.852459	0.355372
124871.926230	0.278682
125000.000000	0.244242
125128.073770	0.265988
125256.147541	0.320772
125384.221311	0.379448
125512.295082	0.425673
125640.368852	0.451993
125768.442623	0.455945
125896.516393	0.438386
126024.590164	0.402748
126152.663934	0.354614
126280.737705	0.301465
126408.811475	0.252414
126536.885246	0.217053
126664.959016	0.201373
126793.032787	0.202525
126921.106557	0.210969
127049.180328	0.218094
127177.254098	0.219765
127305.327869	0.215969
127433.401639	0.209500
127561.475410	0.204284
127689.549180	0.203199
127817.622951	0.206164
127945.696721	0.210032
128073.770492	0.210280
128201.844262	0.202944
128329.918033	0.185913
128457.991803	0.160081
128586.065574	0.131821
128714.139344	0.118185
128842.213115	0.140454
128970.286885	0.195180
129098.360656	0.266033
129226.434426	0.342515
129354.508197	0.418604
129482.581967	0.490386
129610.655738	0.555185
129738.729508	0.611214
129866.803279	0.657358
129994.877049	0.692974
130122.950820	0.717710
130251.024590	0.731355
130379.098361	0.733751
130507.172131	0.724789
130635.245902	0.704481
130763.319672	0.673095
130891.393443	0.631345
131019.467213	0.580635
131147.540984	0.523406
131275.614754	0.463661
131403.688525	0.407773
131531.762295	0.365223
131659.836066	0.347395
131787.909836	0.361613
131915.983607	0.404924
132044.057377	0.466968
132172.131148	0.536886
132300.204918	0.606192
132428.278689	0.668677
132556.352459	0.719842
132684.426230	0.756559
132812.500000	0.776967
132940.573770	0.780469
133068.647541	0.767730
133196.721311	0.740613
133324.795082	0.702000
133452.868852	0.655474
133580.942623	0.604887
133709.016393	0.553894
133837.090164	0.505657
133965.163934	0.462960
134093.237705	0.428948
134221.311475	0.408186
134349.385246	0.406840
134477.459016	0.430415
134605.532787	0.479918
134733.606557	0.550466
134861.680328	0.633326
134989.754098	0.718439
135117.827869	0.795841
135245.901639	0.856368
135373.975410	0.892158
135502.049180	0.897126
135630.122951	0.867418
135758.196721	0.801781
135886.270492	0.701844
136014.344262	0.572394
136142.418033	0.422141
136270.491803	0.267921
136398.565574	0.162985
136526.639344	0.216780
136654.713115	0.350350
136782.786885	0.481174
136910.860656	0.587369
137038.934426	0.660434
137167.008197	0.697279
137295.081967	0.699045
137423.155738	0.670943
137551.229508	0.622168
137679.303279	0.565459
137807.377049	0.515365
137935.450820	0.483713
138063.524590	0.472982
138191.598361	0.473971
138319.672131	0.471640
138447.745902	0.452877
138575.819672	0.411121
138703.893443	0.350036
138831.967213	0.292130
138960.040984	0.289808
139088.114754	0.379666
139216.188525	0.531154
139344.262295	0.705697
139472.336066	0.878990
139600.409836	1.034176
139728.483607	1.158341
139856.557377	1.241731
139984.631148	1.277807
140112.704918	1.263432
140240.778689	1.198971
140368.852459	1.088200
140496.926230	0.938040
140625.000000	0.758159
140753.073770	0.560667
140881.147541	0.360841
141009.221311	0.186286
141137.295082	0.142240
141265.368852	0.251864
141393.442623	0.364327
141521.516393	0.443937
141649.590164	0.483306
141777.663934	0.481818
141905.737705	0.442876
142033.811475	0.373220
142161.885246	0.282922
142289.959016	0.187400
142418.032787	0.119715
142546.106557	0.134535
142674.180328	0.195691
142802.254098	0.249144
142930.327869	0.278203
143058.401639	0.280113
143186.475410	0.263098
143314.549180	0.252411
143442.622951	0.287867
143570.696721	0.385288
143698.770492	0.525097
143826.844262	0.683397
143954.918033	0.841503
144082.991803	0.984302
144211.065574	1.099202
144339.139344	1.176126
144467.213115	1.207916
144595.286885	1.190855
144723.360656	1.125225
144851.434426	1.015994
144979.508197	0.874059
145107.581967	0.719175
145235.655738	0.586335
145363.729508	0.528822
145491.803279	0.580032
145619.877049	0.706140
145747.950820	0.852704
145876.024590	0.983930
146004.098361	1.079669
146132.172131	1.128803
146260.245902	1.126201
146388.319672	1.071398
146516.393443	0.967846
146644.467213	0.822251
146772.540984	0.643884
146900.614754	0.443908
147028.688525	0.235290
147156.762295	0.054313
147284.836066	0.184750
147412.909836	0.357445
147540.983607	0.503866
147669.057377	0.617464
147797.131148	0.695733
147925.204918	0.738835
148053.278689	0.749075
148181.352459	0.730302
148309.426230	0.687215
148437.500000	0.624635
148565.573770	0.546846
148693.647541	0.457160
148821.721311	0.357788
148949.795082	0.250084
149077.868852	0.135200
149205.942623	0.022044
149334.016393	0.116303
149462.090164	0.244352
149590.163934	0.371315
149718.237705	0.492305
149846.311475	0.602389
149974.385246	0.696765
150102.459016	0.771197
150230.532787	0.822404
150358.606557	0.848344
150486.680328	0.848374
150614.754098	0.823254
150742.827869	0.775031
150870.901639	0.706809
150998.975410	0.622455
151127.049180	0.526277
151255.122951	0.422722
151383.196721	0.316149
151511.270492	0.210767
151639.344262	0.111224
151767.418033	0.035034
151895.491803	0.079915
152023.565574	0.148478
152151.639344	0.205060
152279.713115	0.246413
152407.786885	0.271366
152535.860656	0.279869
152663.934426	0.273177
152792.008197	0.254355
152920.081967	0.229083
153048.155738	0.206608
153176.229508	0.198769
153304.303279	0.212970
153432.377049	0.244974
153560.450820	0.283706
153688.524590	0.318900
153816.598361	0.343201
153944.672131	0.351870
154072.745902	0.342369
154200.819672	0.314135
154328.893443	0.268429
154456.967213	0.208165
154585.040984	0.137811
154713.114754	0.064433
154841.188525	0.033822
154969.262295	0.094450
155097.336066	0.153260
155225.409836	0.198073
155353.483607	0.225200
155481.557377	0.233188
155609.631148	0.222744
155737.704918	0.197216
155865.778689	0.163930
155993.852459	0.137221
156121.926230	0.137490
156250.000000	0.169454
156378.073770	0.216353
156506.147541	0.262864
156634.221311	0.300262
156762.295082	0.323967
156890.368852	0.332339
157018.442623	0.326410
157146.516393	0.309949
157274.590164	0.289480
157402.663934	0.273507
157530.737705	0.269590
157658.811475	0.279636
157786.885246	0.298202
157914.959016	0.316073
158043.032787	0.324451
158171.106557	0.316787
158299.180328	0.289117
158427.254098	0.239991
158555.327869	0.170472
158683.401639	0.085443
158811.475410	0.043233
158939.549180	0.140888
159067.622951	0.252236
159195.696721	0.360323
159323.770492	0.458192
159451.844262	0.540689
159579.918033	0.604609
159707.991803	0.649256
159836.065574	0.676970
159964.139344	0.693389
160092.213115	0.707023
160220.286885	0.727542
160348.360656	0.762619
160476.434426	0.814684
160604.508197	0.879856
160732.581967	0.949654
160860.655738	1.013805
160988.729508	1.062519
161116.803279	1.087832
161244.877049	1.084282
161372.950820	1.049188
161501.024590	0.982697
161629.098361	0.887635
161757.172131	0.769214
161885.245902	0.634617
162013.319672	0.492563
162141.393443	0.353069
162269.467213	0.228283
162397.540984	0.137738
162525.614754	0.113968
162653.688525	0.141106
162781.762295	0.166130
162909.836066	0.169954
163037.909836	0.149873
163165.983607	0.108636
163294.057377	0.051641
163422.131148	0.015374
163550.204918	0.082893
163678.278689	0.145805
163806.352459	0.197827
163934.426230	0.234963
164062.500000	0.255887
164190.573770	0.262779
164318.647541	0.262161
164446.721311	0.264784
164574.795082	0.282083
164702.868852	0.319005
164830.942623	0.370968
164959.016393	0.428388
165087.090164	0.481697
165215.163934	0.523412
165343.237705	0.548645
165471.311475	0.555202
165599.385246	0.543589
165727.459016	0.516902
165855.532787	0.480543
165983.606557	0.441582
166111.680328	0.407406
166239.754098	0.383422
166367.827869	0.370599
166495.901639	0.364932
166623.975410	0.359745
166752.049180	0.348765
166880.122951	0.327959
167008.196721	0.295954
167136.270492	0.253747
167264.344262	0.204295
167392.418033	0.152786
167520.491803	0.109942
167648.565574	0.100125
167776.639344	0.138056
167904.713115	0.204506
168032.786885	0.286627
168160.860656	0.380354
168288.934426	0.482946
168417.008197	0.590539
168545.081967	0.697724
168673.155738	0.797883
168801.229508	0.883866
168929.303279	0.948758
169057.377049	0.986654
169185.450820	0.993342
169313.524590	0.966845
169441.598361	0.907795
169569.672131	0.819633
169697.745902	0.708687
169825.819672	0.584271
169953.893443	0.459146
170081.967213	0.350799
170210.040984	0.281599
170338.114754	0.265311
170466.188525	0.283977
170594.262295	0.305247
170722.336066	0.308524
170850.409836	0.285523
170978.483607	0.235590
171106.557377	0.163905
171234.631148	0.087437
171362.704918	0.086107
171490.778689	0.171787
171618.852459	0.263665
171746.926230	0.341309
171875.000000	0.395566
172003.073770	0.420886
172131.147541	0.414777
172259.221311	0.378043
172387.295082	0.315464
172515.368852	0.238291
172643.442623	0.174335
172771.516393	0.179083
172899.590164	0.257092
173027.663934	0.357897
173155.737705	0.454299
173283.811475	0.534333
173411.885246	0.592125
173539.959016	0.625698
173668.032787	0.636464
173796.106557	0.628957
173924.180328	0.610364
174052.254098	0.589435
174180.327869	0.574409
174308.401639	0.570182
174436.475410	0.576240
174564.549180	0.587105
174692.622951	0.594952
174820.696721	0.592361
174948.770492	0.573954
175076.844262	0.536993
175204.918033	0.481429
175332.991803	0.409841
175461.065574	0.327726
175589.139344	0.245357
175717.213115	0.184258
175845.286885	0.179840
175973.360656	0.234107
176101.434426	0.311673
176229.508197	0.390864
176357.581967	0.462886
176485.655738	0.524036
176613.729508	0.572882
176741.803279	0.609210
176869.877049	0.633474
176997.950820	0.646439
177126.024590	0.648933
177254.098361	0.641683
177382.172131	0.625253
177510.245902	0.600055
177638.319672	0.566421
177766.393443	0.524718
177894.467213	0.475473
178022.540984	0.419519
178150.614754	0.358147
178278.688525	0.293342
178406.762295	0.228305
178534.836066	0.168949
178662.909836	0.127883
178790.983607	0.124389
178919.057377	0.157523
179047.131148	0.206467
179175.204918	0.258851
179303.278689	0.310414
179431.352459	0.360249
179559.426230	0.408728
179687.500000	0.456441
179815.573770	0.503463
179943.647541	0.548890
180071.721311	0.590710
180199.795082	0.625976
180327.868852	0.651209
180455.942623	0.662881
180584.016393	0.657904
180712.090164	0.634030
180840.163934	0.590164
180968.237705	0.526564
181096.311475	0.444984
181224.385246	0.348901
181352.459016	0.244563
181480.532787	0.147405
181608.606557	0.115707
181736.680328	0.190220
181864.754098	0.294882
181992.827869	0.398457
182120.901639	0.492187
182248.975410	0.571983
182377.049180	0.635546
182505.122951	0.681737
182633.196721	0.710405
182761.270492	0.722372
182889.344262	0.719537
183017.418033	0.705033
183145.491803	0.683361
183273.565574	0.660260
183401.639344	0.641981
183529.713115	0.633678
183657.786885	0.637303
183785.860656	0.650240
183913.934426	0.665807
184042.008197	0.675188
184170.081967	0.669539
184298.155738	0.641513
184426.229508	0.586231
184554.303279	0.502061
184682.377049	0.391930
184810.450820	0.268308
184938.524590	0.180587
185066.598361	0.236953
185194.672131	0.390383
185322.745902	0.562373
185450.819672	0.726036
185578.893443	0.867303
185706.967213	0.976340
185835.040984	1.046336
185963.114754	1.073512
186091.188525	1.057263
186219.262295	1.000165
186347.336066	0.907776
186475.409836	0.788207
186603.483607	0.651530
186731.557377	0.509070
186859.631148	0.372784
186987.704918	0.255096
187115.778689	0.169831
187243.852459	0.130833
187371.926230	0.133993
187500.000000	0.157758
187628.073770	0.195894
187756.147541	0.253189
187884.221311	0.330140
188012.295082	0.420089
188140.368852	0.512796
188268.442623	0.597380
188396.516393	0.663863
188524.590164	0.704106
188652.663934	0.712438
188780.737705	0.686061
188908.811475	0.625208
189036.885246	0.533031
189164.959016	0.415245
189293.032787	0.279563
189421.106557	0.135138
189549.180328	0.020736
189677.254098	0.148552
189805.327869	0.268923
189933.401639	0.369024
190061.475410	0.446314
190189.549180	0.501180
190317.622951	0.536456
190445.696721	0.556510
190573.770492	0.565828
190701.844262	0.567385
190829.918033	0.561472
190957.991803	0.545605
191086.065574	0.515660
191214.139344	0.467778
191342.213115	0.400721
191470.286885	0.319523
191598.360656	0.244933
191726.434426	0.230092
191854.508197	0.310261
191982.581967	0.443177
192110.655738	0.589272
192238.729508	0.727705
192366.803279	0.845166
192494.877049	0.932204
192622.950820	0.982602
192751.024590	0.993517
192879.098361	0.965733
193007.172131	0.903882
193135.245902	0.816657
193263.319672	0.717089
193391.393443	0.622711
193519.467213	0.553932
193647.540984	0.526578
193775.614754	0.540008
193903.688525	0.576683
194031.762295	0.615578
194159.836066	0.641654
194287.909836	0.647213
194415.983607	0.630496
194544.057377	0.594247
194672.131148	0.544547
194800.204918	0.489732
194928.278689	0.438970
195056.352459	0.400057
195184.426230	0.376645
195312.500000	0.366907
195440.573770	0.365745
195568.647541	0.368941
195696.721311	0.375895
195824.795082	0.389618
195952.868852	0.414372
196080.942623	0.452316
196209.016393	0.501526
196337.090164	0.556611
196465.163934	0.610696
196593.237705	0.657152
196721.311475	0.690609
196849.385246	0.707436
196977.459016	0.705936
197105.532787	0.686378
197233.606557	0.650948
197361.680328	0.603672
197489.754098	0.550351
197617.827869	0.498445
197745.901639	0.456551
197873.975410	0.432673
198002.049180	0.431008
198130.122951	0.449512
198258.196721	0.481249
198386.270492	0.518048
198514.344262	0.552987
198642.418033	0.581040
198770.491803	0.598892
198898.565574	0.604607
199026.639344	0.597383
199154.713115	0.577375
199282.786885	0.545572
199410.860656	0.503656
199538.934426	0.453849
199667.008197	0.398719
199795.081967	0.340950
199923.155738	0.283114
200051.229508	0.227451
200179.303279	0.175736
200307.377049	0.129339
200435.450820	0.089820
200563.524590	0.061205
200691.598361	0.053834
200819.672131	0.070921
200947.745902	0.099846
201075.819672	0.133146
201203.893443	0.168284
201331.967213	0.203866
201460.040984	0.238520
201588.114754	0.270639
201716.188525	0.298432
201844.262295	0.320188
201972.336066	0.334759
202100.409836	0.342341
202228.483607	0.345551
202356.557377	0.350538
202484.631148	0.366967
202612.704918	0.404866
202740.778689	0.469075
202868.852459	0.556712
202996.926230	0.659551
203125.000000	0.767252
203253.073770	0.869154
203381.147541	0.955094
203509.221311	1.015988
203637.295082	1.044431
203765.368852	1.035346
203893.442623	0.986700
204021.516393	0.900341
204149.590164	0.783297
204277.663934	0.650474
204405.737705	0.530625
204533.811475	0.471960
204661.885246	0.513239
204789.959016	0.631044
204918.032787	0.774584
205046.106557	0.908556
205174.180328	1.012606
205302.254098	1.075126
205430.327869	1.090465
205558.401639	1.057885
205686.475410	0.981090
205814.549180	0.867905
205942.622951	0.730117
206070.696721	0.583780
206198.770492	0.450615
206326.844262	0.359217
206454.918033	0.332507
206582.991803	0.356247
206711.065574	0.390796
206839.139344	0.407771
206967.213115	0.394610
207095.286885	0.348445
207223.360656	0.272316
207351.434426	0.173527
207479.508197	0.067196
207607.581967	0.079306
207735.655738	0.187980
207863.729508	0.288462
207991.803279	0.369686
208119.877049	0.427365
208247.950820	0.461252
208376.024590	0.475163
208504.098361	0.476726
208632.172131	0.476008
208760.245902	0.482291
208888.319672	0.499711
209016.393443	0.524987
209144.467213	0.549394
209272.540984	0.562794
209400.614754	0.556767
209528.688525	0.526227
209656.762295	0.470249
209784.836066	0.393102
209912.909836	0.307282
210040.983607	0.242555
210169.057377	0.247533
210297.131148	0.326661
210425.204918	0.435766
210553.278689	0.544542
210681.352459	0.637820
210809.426230	0.707318
210937.500000	0.748698
211065.573770	0.760577
211193.647541	0.744009
211321.721311	0.702044
211449.795082	0.639323
211577.868852	0.561780
211705.942623	0.476720
211834.016393	0.393709
211962.090164	0.326666
212090.163934	0.294597
212218.237705	0.310604
212346.311475	0.366210
212474.385246	0.441833
212602.459016	0.522065
212730.532787	0.596989
212858.606557	0.659854
212986.680328	0.705796
213114.754098	0.731473
213242.827869	0.735107
213370.901639	0.716609
213498.975410	0.677641
213627.049180	0.621543
213755.122951	0.553098
213883.196721	0.478148
214011.270492	0.403120
214139.344262	0.334536
214267.418033	0.278571
214395.491803	0.240563
214523.565574	0.224065
214651.639344	0.229422
214779.713115	0.253483
214907.786885	0.291056
215035.860656	0.336126
215163.934426	0.382161
215292.008197	0.422318
215420.081967	0.449957
215548.155738	0.459367
215676.229508	0.446569
215804.303279	0.410202
215932.377049	0.352740
216060.450820	0.283130
216188.524590	0.223855
216316.598361	0.216612
216444.672131	0.277275
216572.745902	0.370183
216700.819672	0.463638
216828.893443	0.539985
216956.967213	0.588573
217085.040984	0.603086
217213.114754	0.581035
217341.188525	0.523954
217469.262295	0.438191
217597.336066	0.337564
217725.409836	0.252598
217853.483607	0.240259
217981.557377	0.315808
218109.631148	0.424925
218237.704918	0.529564
218365.778689	0.612423
218493.852459	0.665433
218621.926230	0.686221
218750.000000	0.677316
218878.073770	0.646009
219006.147541	0.604098
219134.221311	0.566554
219262.295082	0.547407
219390.368852	0.552828
219518.442623	0.577147
219646.516393	0.606968
219774.590164	0.628493
219902.663934	0.631829
220030.737705	0.612142
220158.811475	0.569551
220286.885246	0.508788
220414.959016	0.438966
220543.032787	0.373277
220671.106557	0.326987
220799.180328	0.309954
220927.254098	0.317010
221055.327869	0.331525
221183.401639	0.337809
221311.475410	0.326621
221439.549180	0.294787
221567.622951	0.243746
221695.696721	0.178324
221823.770492	0.105782
221951.844262	0.036104
222079.918033	0.033836
222207.991803	0.076690
222336.065574	0.097799
222464.139344	0.092649
222592.213115	0.066212
222720.286885	0.064774
222848.360656	0.138645
222976.434426	0.246369
223104.508197	0.367548
223232.581967	0.490098
223360.655738	0.603048
223488.729508	0.696339
223616.803279	0.761514
223744.877049	0.792553
223872.950820	0.786701
224001.024590	0.745344
224129.098361	0.675189
224257.172131	0.590290
224385.245902	0.515168
224513.319672	0.483889
224641.393443	0.519510
224769.467213	0.609325
224897.540984	0.721403
225025.614754	0.829002
225153.688525	0.914825
225281.762295	0.968660
225409.836066	0.985558
225537.909836	0.964885
225665.983607	0.909779
225794.057377	0.826746
225922.131148	0.725369
226050.204918	0.618193
226178.278689	0.520628
226306.352459	0.449542
226434.426230	0.416990
226562.500000	0.420339
226690.573770	0.443088
226818.647541	0.467427
226946.721311	0.481843
227074.795082	0.481244
227202.868852	0.465083
227330.942623	0.435732
227459.016393	0.397258
227587.090164	0.354402
227715.163934	0.311636
227843.237705	0.272265
227971.311475	0.237789
228099.385246	0.207934
228227.459016	0.181712
228355.532787	0.159335
228483.606557	0.144295
228611.680328	0.143453
228739.754098	0.161621
228867.827869	0.195883
228995.901639	0.238867
229123.975410	0.283509
229252.049180	0.324127
229380.122951	0.356207
229508.196721	0.376261
229636.270492	0.381901
229764.344262	0.372105
229892.418033	0.347699
230020.491803	0.312292
230148.565574	0.274087
230276.639344	0.248311
230404.713115	0.254259
230532.786885	0.298930
230660.860656	0.370574
230788.934426	0.453412
230917.008197	0.535645
231045.081967	0.609201
231173.155738	0.668628
231301.229508	0.710585
231429.303279	0.733657
231557.377049	0.738234
231685.450820	0.726288
231813.524590	0.701004
231941.598361	0.666220
232069.672131	0.625740
232197.745902	0.582682
232325.819672	0.539151
232453.893443	0.496527
232581.967213	0.456584
232710.040984	0.423211
232838.114754	0.403803
232966.188525	0.408000
233094.262295	0.442011
233222.336066	0.503265
233350.409836	0.581914
233478.483607	0.665802
233606.557377	0.743459
233734.631148	0.805067
233862.704918	0.842778
233990.778689	0.850971
234118.852459	0.826511
234246.926230	0.768979
234375.000000	0.680866
234503.073770	0.567901
234631.147541	0.440120
234759.221311	0.316112
234887.295082	0.236747
235015.368852	0.256793
235143.442623	0.349443
235271.516393	0.456158
235399.590164	0.550258
235527.663934	0.621025
235655.737705	0.664216
235783.811475	0.679326
235911.885246	0.668563
236039.959016	0.636215
236168.032787	0.588086
236296.106557	0.530994
236424.180328	0.472408
236552.254098	0.420274
236680.327869	0.382798
236808.401639	0.367314
236936.475410	0.377600
237064.549180	0.411718
237192.622951	0.463207
237320.696721	0.523915
237448.770492	0.585604
237576.844262	0.640340
237704.918033	0.680639
237832.991803	0.699767
237961.065574	0.692177
238089.139344	0.653979
238217.213115	0.583344
238345.286885	0.480752
238473.360656	0.349078
238601.434426	0.193479
238729.508197	0.021323
238857.581967	0.159650
238985.655738	0.338907
239113.729508	0.507057
239241.803279	0.654763
239369.877049	0.773817
239497.950820	0.857722
239626.024590	0.902169
239754.098361	0.905390
239882.172131	0.868383
240010.245902	0.795104
240138.319672	0.692798
240266.393443	0.573031
240394.467213	0.454740
240522.540984	0.370563
240650.614754	0.361690
240778.688525	0.430926
240906.762295	0.537812
241034.836066	0.648894
241162.909836	0.746730
241290.983607	0.822628
241419.057377	0.872554
241547.131148	0.895439
241675.204918	0.892397
241803.278689	0.866270
241931.352459	0.821319
242059.426230	0.762991
242187.500000	0.697721
242315.573770	0.632666
242443.647541	0.575126
242571.721311	0.531313
242699.795082	0.504403
242827.868852	0.492926
242955.942623	0.491118
243084.016393	0.491235
243212.090164	0.486016
243340.163934	0.470057
243468.237705	0.440209
243596.311475	0.395546
243724.385246	0.337291
243852.459016	0.268976
243980.532787	0.197611
244108.606557	0.138594
244236.680328	0.123710
244364.754098	0.162261
244492.827869	0.219191
244620.901639	0.272216
244748.975410	0.312601
244877.049180	0.336903
245005.122951	0.344845
245133.196721	0.339108
245261.270492	0.325720
245389.344262	0.314257
245517.418033	0.316125
245645.491803	0.339186
245773.565574	0.382601
245901.639344	0.438459
246029.713115	0.497054
246157.786885	0.549948
246285.860656	0.590702
246413.934426	0.614826
246542.008197	0.619628
246670.081967	0.604098
246798.155738	0.568800
246926.229508	0.515775
247054.303279	0.448512
247182.377049	0.372088
247310.450820	0.293899
247438.524590	0.225819
247566.598361	0.187243
247694.672131	0.194619
247822.745902	0.236183
247950.819672	0.288304
248078.893443	0.336800
248206.967213	0.375055
248335.040984	0.400124
248463.114754	0.411030
248591.188525	0.408084
248719.262295	0.392581
248847.336066	0.366681
248975.409836	0.333448
249103.483607	0.297091
249231.557377	0.263388
249359.631148	0.239835
249487.704918	0.233916
249615.778689	0.248580
249743.852459	0.279869
249871.926230	0.320432
250000.000000	0.363472
250128.073770	0.403818
250256.147541	0.437635
250384.221311	0.462044
250512.295082	0.474909
250640.368852	0.474768
250768.442623	0.460850
250896.516393	0.433108
251024.590164	0.392264
251152.663934	0.339836
251280.737705	0.278152
251408.811475	0.210438
251536.885246	0.141316
251664.959016	0.080216
251793.032787	0.060207
251921.106557	0.097784
252049.180328	0.144686
252177.254098	0.184495
252305.327869	0.214094
252433.401639	0.234198
252561.475410	0.248245
252689.549180	0.261947
252817.622951	0.281815
252945.696721	0.312366
253073.770492	0.353805
253201.844262	0.402220
253329.918033	0.451511
253457.991803	0.495182
253586.065574	0.527426
253714.139344	0.543782
253842.213115	0.541718
253970.286885	0.521339
254098.360656	0.486495
254226.434426	0.446518
254354.508197	0.418009
254482.581967	0.422172
254610.655738	0.471726
254738.729508	0.560479
254866.803279	0.671677
254994.877049	0.789025
255122.950820	0.899737
255251.024590	0.994170
255379.098361	1.065248
255507.172131	1.108195
255635.245902	1.120431
255763.319672	1.101507
255891.393443	1.052983
256019.467213	0.978229
256147.540984	0.882119
256275.614754	0.770654
256403.688525	0.650514
256531.762295	0.528602
256659.836066	0.411609
256787.909836	0.305712
256915.983607	0.216536
257044.057377	0.149565
257172.131148	0.110190
257300.204918	0.098535
257428.278689	0.103281
257556.352459	0.112418
257684.426230	0.120868
257812.500000	0.126879
257940.573770	0.128696
258068.647541	0.123716
258196.721311	0.109000
258324.795082	0.082181
258452.868852	0.042854
258580.942623	0.023082
258709.016393	0.084161
258837.090164	0.159003
258965.163934	0.238562
259093.237705	0.316898
259221.311475	0.387833
259349.385246	0.445253
259477.459016	0.483628
259605.532787	0.498560
259733.606557	0.487332
259861.680328	0.449515
259989.754098	0.387853
260117.827869	0.310386
260245.901639	0.237050
260373.975410	0.212078
260502.049180	0.268489
260630.122951	0.371727
260758.196721	0.483798
260886.270492	0.584846
261014.344262	0.663108
261142.418033	0.710765
261270.491803	0.722962
261398.565574	0.697718
261526.639344	0.636077
261654.713115	0.542464
261782.786885	0.425750
261910.860656	0.303548
262038.934426	0.219057
262167.008197	0.242816
262295.081967	0.348511
262423.155738	0.467671
262551.229508	0.569892
262679.303279	0.641087
262807.377049	0.673343
262935.450820	0.662659
263063.524590	0.608482
263191.598361	0.513792
263319.672131	0.386015
263447.745902	0.242804
263575.819672	0.156180
263703.893443	0.255706
263831.967213	0.431724
263960.040984	0.612161
264088.114754	0.776667
264216.188525	0.914277
264344.262295	1.017953
264472.336066	1.083987
264600.409836	1.112167
264728.483607	1.106082
264856.557377	1.073404
264984.631148	1.025946
265112.704918	0.978977
265240.778689	0.948721
265368.852459	0.947279
265496.926230	0.977073
265625.000000	1.029656
265753.073770	1.090092
265881.147541	1.142565
266009.221311	1.173773
266137.295082	1.174129
266265.368852	1.137917
266393.442623	1.063120
266521.516393	0.951207
266649.590164	0.807085
266777.663934	0.639589
266905.737705	0.464186
267033.811475	0.315111
267161.885246	0.273556
267289.959016	0.373264
267418.032787	0.523311
267546.106557	0.668898
267674.180328	0.789525
267802.254098	0.875533
267930.327869	0.922095
268058.401639	0.927703
268186.475410	0.893651
268314.549180	0.823737
268442.622951	0.723996
268570.696721	0.602486
268698.770492	0.469348
268826.844262	0.337994
268954.918033	0.230328
269082.991803	0.186045
269211.065574	0.220270
269339.139344	0.282331
269467.213115	0.335704
269595.286885	0.367777
269723.360656	0.375205
269851.434426	0.358850
269979.508197	0.322136
270107.581967	0.270276
270235.655738	0.209838
270363.729508	0.148835
270491.803279	0.098466
270619.877049	0.076428
270747.950820	0.087545
270876.024590	0.107846
271004.098361	0.122485
271132.172131	0.129125
271260.245902	0.131223
271388.319672	0.135109
271516.393443	0.146321
271644.467213	0.165507
271772.540984	0.188397
271900.614754	0.209122
272028.688525	0.222634
272156.762295	0.225551
272284.836066	0.216381
272412.909836	0.195632
272540.983607	0.166070
272669.057377	0.133539
272797.131148	0.108843
272925.204918	0.106148
273053.278689	0.127014
273181.352459	0.158251
273309.426230	0.189399
273437.500000	0.216162
273565.573770	0.238290
273693.647541	0.258182
273821.721311	0.279553
273949.795082	0.305663
274077.868852	0.337606
274205.942623	0.373728
274334.016393	0.410346
274462.090164	0.443015
274590.163934	0.467607
274718.237705	0.480991
274846.311475	0.481381
274974.385246	0.468425
275102.459016	0.443084
275230.532787	0.407338
275358.606557	0.363756
275486.680328	0.315072
275614.754098	0.263990
275742.827869	0.213819
275870.901639	0.171106
275998.975410	0.150892
276127.049180	0.171582
276255.122951	0.230350
276383.196721	0.311112
276511.270492	0.401880
276639.344262	0.494134
276767.418033	0.580430
276895.491803	0.653786
277023.565574	0.707905
277151.639344	0.737727
277279.713115	0.740104
277407.786885	0.714559
277535.860656	0.664227
277663.934426	0.597245
277792.008197	0.528864
277920.081967	0.482883
278048.155738	0.484677
278176.229508	0.541069
278304.303279	0.634156
278432.377049	0.739353
278560.450820	0.837417
278688.524590	0.915452
278816.598361	0.965469
278944.672131	0.983340
279072.745902	0.968164
279200.819672	0.921794
279328.893443	0.848375
279456.967213	0.753897
279585.040984	0.645891
279713.114754	0.533609
279841.188525	0.429387
279969.262295	0.351793
280097.336066	0.325369
280225.409836	0.361142
280353.483607	0.441665
280481.557377	0.543684
280609.631148	0.652142
280737.704918	0.757519
280865.778689	0.852384
280993.852459	0.929993
281121.926230	0.984084
281250.000000	1.009202
281378.073770	1.001205
281506.147541	0.957753
281634.221311	0.878672
281762.295082	0.766125
281890.368852	0.624574
282018.442623	0.460534
282146.516393	0.282146
282274.590164	0.098903
282402.663934	0.082895
282530.737705	0.248925
282658.811475	0.394737
282786.885246	0.513790
282914.959016	0.602274
283043.032787	0.659012
283171.106557	0.685523
283299.180328	0.685888
283427.254098	0.666335
283555.327869	0.634474
283683.401639	0.598122
283811.475410	0.563717
283939.549180	0.534765
284067.622951	0.511183
284195.696721	0.490237
284323.770492	0.468722
284451.844262	0.445263
284579.918033	0.421845
284707.991803	0.404069
284836.065574	0.399385
284964.139344	0.412958
285092.213115	0.443755
285220.286885	0.484893
285348.360656	0.527309
285476.434426	0.562906
285604.508197	0.585953
285732.581967	0.593470
285860.655738	0.585263
285988.729508	0.563827
286116.803279	0.534112
286244.877049	0.503006
286372.950820	0.478141
286501.024590	0.465721
286629.098361	0.467987
286757.172131	0.482263
286885.245902	0.502600
287013.319672	0.522440
287141.393443	0.536371
287269.467213	0.540644
287397.540984	0.532983
287525.614754	0.512160
287653.688525	0.477584
287781.762295	0.429016
287909.836066	0.366464
288037.909836	0.290256
288165.983607	0.201270
288294.057377	0.101513
288422.131148	0.022410
288550.204918	0.127336
288678.278689	0.243477
288806.352459	0.356464
288934.426230	0.460491
289062.500000	0.550037
289190.573770	0.620097
289318.647541	0.666594
289446.721311	0.686768
289574.795082	0.679482
289702.868852	0.645406
289830.942623	0.587080
289959.016393	0.508875
290087.090164	0.416949
290215.163934	0.319489
290343.237705	0.228235
290471.311475	0.163641
290599.385246	0.153991
290727.459016	0.191982
290855.532787	0.243032
290983.606557	0.290874
291111.680328	0.333087
291239.754098	0.373120
291367.827869	0.416348
291495.901639	0.467014
291623.975410	0.526103
291752.049180	0.590990
291880.122951	0.656570
292008.196721	0.716814
292136.270492	0.766031
292264.344262	0.799689
292392.418033	0.814906
292520.491803	0.810699
292648.565574	0.788054
292776.639344	0.749852
292904.713115	0.700653
293032.786885	0.646316
293160.860656	0.593384
293288.934426	0.548105
293417.008197	0.515095
293545.081967	0.496074
293673.155738	0.489606
293801.229508	0.492284
293929.303279	0.500538
294057.377049	0.511842
294185.450820	0.524876
294313.524590	0.538908
294441.598361	0.552932
294569.672131	0.565024
294697.745902	0.572163
294825.819672	0.570525
294953.893443	0.556052
295081.967213	0.525081
295210.040984	0.474869
295338.114754	0.403972
295466.188525	0.312460
295594.262295	0.201974
295722.336066	0.075686
295850.409836	0.062285
295978.483607	0.205934
296106.557377	0.349518
296234.631148	0.486644
296362.704918	0.611162
296490.778689	0.717542
296618.852459	0.801263
296746.926230	0.859136
296875.000000	0.889550
297003.073770	0.892606
297131.147541	0.870145
297259.221311	0.825650
297387.295082	0.764023
297515.368852	0.691233
297643.442623	0.613812
297771.516393	0.538178
297899.590164	0.469751
298027.663934	0.411987
298155.737705	0.365771
298283.811475	0.329903
298411.885246	0.302964
298539.959016	0.285688
298668.032787	0.281970
298796.106557	0.296608
298924.180328	0.330714
299052.254098	0.379808
299180.327869	0.436222
299308.401639	0.492010
299436.475410	0.540382
299564.549180	0.576235
299692.622951	0.596400
299820.696721	0.599812
299948.770492	0.587595
300076.844262	0.563006
300204.918033	0.531118
300332.991803	0.498043
300461.065574	0.469480
300589.139344	0.448707
300717.213115	0.434986
300845.286885	0.423728
300973.360656	0.408453
301101.434426	0.383139
301229.508197	0.343827
301357.581967	0.289443
301485.655738	0.222521
301613.729508	0.151839
301741.803279	0.105485
301869.877049	0.131067
301997.950820	0.199723
302126.024590	0.270473
302254.098361	0.328129
302382.172131	0.365649
302510.245902	0.379870
302638.319672	0.371407
302766.393443	0.345985
302894.467213	0.317118
303022.540984	0.307898
303150.614754	0.340857
303278.688525	0.417011
303406.762295	0.519019
303534.836066	0.628456
303662.909836	0.731257
303790.983607	0.817086
303919.057377	0.878490
304047.131148	0.910548
304175.204918	0.910753
304303.278689	0.878918
304431.352459	0.817006
304559.426230	0.728870
304687.500000	0.619883
304815.573770	0.496496
304943.647541	0.365756
305071.721311	0.234858
305199.795082	0.111105
305327.868852	0.023470
305455.942623	0.103186
305584.016393	0.178426
305712.090164	0.232742
305840.163934	0.265276
305968.237705	0.276915
306096.311475	0.269702
306224.385246	0.246481
306352.459016	0.210573
306480.532787	0.165508
306608.606557	0.115052
306736.680328	0.065062
306864.754098	0.042087
306992.827869	0.081018
307120.901639	0.138057
307248.975410	0.199571
307377.049180	0.264182
307505.122951	0.332013
307633.196721	0.403172
307761.270492	0.477265
307889.344262	0.553156
308017.418033	0.628892
308145.491803	0.701739
308273.565574	0.768314
308401.639344	0.824801
308529.713115	0.867219
308657.786885	0.891740
308785.860656	0.895013
308913.934426	0.874484
309042.008197	0.828672
309170.081967	0.757377
309298.155738	0.661800
309426.229508	0.544575
309554.303279	0.409736
309682.377049	0.262887
309810.450820	0.114450
309938.524590	0.078973
310066.598361	0.218008
310194.672131	0.359315
310322.745902	0.487842
310450.819672	0.598794
310578.893443	0.689304
310706.967213	0.757758
310835.040984	0.803488
310963.114754	0.826480
311091.188525	0.827073
311219.262295	0.805721
311347.336066	0.762897
311475.409836	0.699184
311603.483607	0.615559
311731.557377	0.513894
311859.631148	0.397789
311987.704918	0.274697
312115.778689	0.165861
312243.852459	0.144300
312371.926230	0.232326
312500.000000	0.341487
312628.073770	0.436577
312756.147541	0.503643
312884.221311	0.533843
313012.295082	0.521207
313140.368852	0.462541
313268.442623	0.357729
313396.516393	0.210476
313524.590164	0.047489
313652.663934	0.202129
313780.737705	0.434035
313908.811475	0.673204
314036.885246	0.904652
314164.959016	1.114483
314293.032787	1.289880
314421.106557	1.419857
314549.180328	1.495993
314677.254098	1.513027
314805.327869	1.469243
314933.401639	1.366627
315061.475410	1.210791
315189.549180	1.010727
315317.622951	0.778575
315445.696721	0.530235
315573.770492	0.292586
315701.844262	0.174063
315829.918033	0.312949
315957.991803	0.499562
316086.065574	0.659529
316214.139344	0.777511
316342.213115	0.848132
316470.286885	0.870573
316598.360656	0.847336
316726.434426	0.783541
316854.508197	0.686259
316982.581967	0.563814
317110.655738	0.425156
317238.729508	0.279615
317366.803279	0.139556
317494.877049	0.072022
317622.950820	0.171377
317751.024590	0.287227
317879.098361	0.392597
318007.172131	0.484483
318135.245902	0.562531
318263.319672	0.627058
318391.393443	0.678485
318519.467213	0.717148
318647.540984	0.743318
318775.614754	0.757346
318903.688525	0.759810
319031.762295	0.751580
319159.836066	0.733743
319287.909836	0.707391
319415.983607	0.673358
319544.057377	0.632028
319672.131148	0.583360
319800.204918	0.527294
319928.278689	0.464654
320056.352459	0.398830
320184.426230	0.338814
320312.500000	0.302990
320440.573770	0.314170
320568.647541	0.376657
320696.721311	0.472506
320824.795082	0.582114
320952.868852	0.691576
321080.942623	0.791130
321209.016393	0.873622
321337.090164	0.933933
321465.163934	0.968857
321593.237705	0.977098
321721.311475	0.959246
321849.385246	0.917671
321977.459016	0.856326
322105.532787	0.780473
322233.606557	0.696368
322361.680328	0.610915
322489.754098	0.531272
322617.827869	0.464249
322745.901639	0.415175
322873.975410	0.386221
323002.049180	0.375254
323130.122951	0.376826
323258.196721	0.384745
323386.270492	0.394006
323514.344262	0.401257
323642.418033	0.404461
323770.491803	0.402462
323898.565574	0.394723
324026.639344	0.381249
324154.713115	0.362631
324282.786885	0.340084
324410.860656	0.315422
324538.934426	0.290878
324667.008197	0.268746
324795.081967	0.250888
324923.155738	0.238301
325051.229508	0.231106
325179.303279	0.229077
325307.377049	0.232397
325435.450820	0.242007
325563.524590	0.259139
325691.598361	0.284311
325819.672131	0.316564
325947.745902	0.353456
326075.819672	0.391642
326203.893443	0.427549
326331.967213	0.457913
326460.040984	0.480144
326588.114754	0.492553
326716.188525	0.494458
326844.262295	0.486201
326972.336066	0.469073
327100.409836	0.445185
327228.483607	0.417308
327356.557377	0.388729
327484.631148	0.363103
327612.704918	0.344207
327740.778689	0.335398
327868.852459	0.338689
327996.926230	0.353881
328125.000000	0.378448
328253.073770	0.408232
328381.147541	0.438337
328509.221311	0.463768
328637.295082	0.479830
328765.368852	0.482427
328893.442623	0.468340
329021.516393	0.435487
329149.590164	0.383131
329277.663934	0.312011
329405.737705	0.224363
329533.811475	0.123836
329661.885246	0.015732
329789.959016	0.096073
329918.032787	0.203389
330046.106557	0.300910
330174.180328	0.382937
330302.254098	0.444698
330430.327869	0.482694
330558.401639	0.494980
330686.475410	0.481313
330814.549180	0.443176
330942.622951	0.383662
331070.696721	0.307220
331198.770492	0.219307
331326.844262	0.126025
331454.918033	0.035310
331582.991803	0.058343
331711.065574	0.135147
331839.139344	0.200681
331967.213115	0.253965
332095.286885	0.297215
332223.360656	0.335144
332351.434426	0.373925
332479.508197	0.419225
332607.581967	0.474030
332735.655738	0.537657
332863.729508	0.606377
332991.803279	0.674836
333119.877049	0.737339
333247.950820	0.788703
333376.024590	0.824732
333504.098361	0.842462
333632.172131	0.840225
333760.245902	0.817613
333888.319672	0.775340
334016.393443	0.715050
334144.467213	0.639093
334272.540984	0.550321
334400.614754	0.451991
334528.688525	0.347999
334656.762295	0.244366
334784.836066	0.156767
334912.909836	0.135236
335040.983607	0.204562
335169.057377	0.307907
335297.131148	0.418754
335425.204918	0.529352
335553.278689	0.636013
335681.352459	0.735988
335809.426230	0.826732
335937.500000	0.905723
336065.573770	0.970454
336193.647541	1.018502
336321.721311	1.047614
336449.795082	1.055801
336577.868852	1.041429
336705.942623	1.003313
336834.016393	0.940788
336962.090164	0.853801
337090.163934	0.742982
337218.237705	0.609719
337346.311475	0.456237
337474.385246	0.285694
337602.459016	0.102835
337730.532787	0.093592
337858.606557	0.287589
337986.680328	0.479340
338114.754098	0.661180
338242.827869	0.826121
338370.901639	0.967383
338498.975410	1.078695
338627.049180	1.154677
338755.122951	1.191219
338883.196721	1.185849
339011.270492	1.138057
339139.344262	1.049588
339267.418033	0.924753
339395.491803	0.770988
339523.565574	0.600420
339651.639344	0.435374
339779.713115	0.325608
339907.786885	0.343673
340035.860656	0.465151
340163.934426	0.613040
340292.008197	0.749183
340420.081967	0.857076
340548.155738	0.928579
340676.229508	0.960150
340804.303279	0.951712
340932.377049	0.906189
341060.450820	0.829169
341188.524590	0.728594
341316.598361	0.614511
341444.672131	0.499001
341572.745902	0.396356
341700.819672	0.322356
341828.893443	0.287995
341956.967213	0.287641
342085.040984	0.302121
342213.114754	0.315923
342341.188525	0.324261
342469.262295	0.331519
342597.336066	0.347503
342725.409836	0.381325
342853.483607	0.435071
342981.557377	0.502989
343109.631148	0.575576
343237.704918	0.643272
343365.778689	0.698122
343493.852459	0.734321
343621.926230	0.748393
343750.000000	0.739250
343878.073770	0.708223
344006.147541	0.659092
344134.221311	0.598178
344262.295082	0.534501
344390.368852	0.479656
344518.442623	0.446047
344646.516393	0.441769
344774.590164	0.465050
344902.663934	0.505643
345030.737705	0.551519
345158.811475	0.593148
345286.885246	0.624173
345414.959016	0.640757
345543.032787	0.640841
345671.106557	0.623605
345799.180328	0.589112
345927.254098	0.538099
346055.327869	0.471893
346183.401639	0.392433
346311.475410	0.302476
346439.549180	0.206411
346567.622951	0.115242
346695.696721	0.083568
346823.770492	0.154941
346951.844262	0.247365
347079.918033	0.334970
347207.991803	0.410431
347336.065574	0.469536
347464.139344	0.509471
347592.213115	0.528667
347720.286885	0.526908
347848.360656	0.505527
347976.434426	0.467692
348104.508197	0.418887
348232.581967	0.367747
348360.655738	0.326883
348488.729508	0.311014
348616.803279	0.328234
348744.877049	0.372557
348872.950820	0.430479
349001.024590	0.490167
349129.098361	0.543816
349257.172131	0.586904
349385.245902	0.617276
349513.319672	0.634524
349641.393443	0.639519
349769.467213	0.633993
349897.540984	0.620107
350025.614754	0.600034
350153.688525	0.575605
350281.762295	0.548113
350409.836066	0.518330
350537.909836	0.486756
350665.983607	0.454040
350794.057377	0.421418
350922.131148	0.391010
351050.204918	0.365713
351178.278689	0.348462
351306.352459	0.340848
351434.426230	0.341874
351562.500000	0.347905
351690.573770	0.353920
351818.647541	0.355039
351946.721311	0.347564
352074.795082	0.329534
352202.868852	0.301073
352330.942623	0.264883
352459.016393	0.227224
352587.090164	0.199248
352715.163934	0.194865
352843.237705	0.219108
352971.311475	0.262358
353099.385246	0.311583
353227.459016	0.357468
353355.532787	0.394336
353483.606557	0.419100
353611.680328	0.430766
353739.754098	0.430316
353867.827869	0.420800
353995.901639	0.407496
354123.975410	0.397777
354252.049180	0.399922
354380.122951	0.420313
354508.196721	0.460513
354636.270492	0.517065
354764.344262	0.583833
354892.418033	0.654272
355020.491803	0.722436
355148.565574	0.783196
355276.639344	0.832213
355404.713115	0.865907
355532.786885	0.881489
355660.860656	0.877042
355788.934426	0.851633
355917.008197	0.805429
356045.081967	0.739804
356173.155738	0.657462
356301.229508	0.562666
356429.303279	0.461815
356557.377049	0.365023
356685.450820	0.289645
356813.524590	0.261138
356941.598361	0.290835
357069.672131	0.357299
357197.745902	0.435138
357325.819672	0.510184
357453.893443	0.575505
357581.967213	0.627618
357710.040984	0.664765
357838.114754	0.686128
357966.188525	0.691438
358094.262295	0.680789
358222.336066	0.654599
358350.409836	0.613677
358478.483607	0.559391
358606.557377	0.493928
358734.631148	0.420736
358862.704918	0.345387
358990.778689	0.277434
359118.852459	0.233045
359246.926230	0.230267
359375.000000	0.268466
359503.073770	0.328593
359631.147541	0.394290
359759.221311	0.456541
359887.295082	0.510667
360015.368852	0.554214
360143.442623	0.585907
360271.516393	0.605083
360399.590164	0.611348
360527.663934	0.604378
360655.737705	0.583857
360783.811475	0.549537
360911.885246	0.501390
361039.959016	0.439833
361168.032787	0.365994
361296.106557	0.282167
361424.180328	0.193231
361552.254098	0.114724
361680.327869	0.106436
361808.401639	0.183153
361936.475410	0.280453
362064.549180	0.377825
362192.622951	0.468691
362320.696721	0.549254
362448.770492	0.616649
362576.844262	0.668462
362704.918033	0.702560
362832.991803	0.717058
362961.065574	0.710413
363089.139344	0.681655
363217.213115	0.630790
363345.286885	0.559422
363473.360656	0.471903
363601.434426	0.377901
363729.508197	0.298700
363857.581967	0.273382
363985.655738	0.325099
364113.729508	0.423657
364241.803279	0.532863
364369.877049	0.631609
364497.950820	0.707284
364626.024590	0.751696
364754.098361	0.759896
364882.172131	0.729998
365010.245902	0.663325
365138.319672	0.564762
365266.393443	0.443828
365394.467213	0.318881
365522.540984	0.232592
365650.614754	0.251650
365778.688525	0.352484
365906.762295	0.467930
366034.836066	0.567135
366162.909836	0.636704
366290.983607	0.670209
366419.057377	0.665562
366547.131148	0.624217
366675.204918	0.550715
366803.278689	0.452265
366931.352459	0.338426
367059.426230	0.221697
367187.500000	0.124239
367315.573770	0.104323
367443.647541	0.160196
367571.721311	0.216304
367699.795082	0.250469
367827.868852	0.258828
367955.942623	0.243866
368084.016393	0.213375
368212.090164	0.182109
368340.163934	0.171833
368468.237705	0.195112
368596.311475	0.239378
368724.385246	0.285530
368852.459016	0.321157
368980.532787	0.339954
369108.606557	0.340132
369236.680328	0.323831
369364.754098	0.297042
369492.827869	0.269421
369620.901639	0.252485
369748.975410	0.253867
369877.049180	0.271254
370005.122951	0.295123
370133.196721	0.316597
370261.270492	0.331804
370389.344262	0.342924
370517.418033	0.357565
370645.491803	0.385621
370773.565574	0.433353
370901.639344	0.499181
371029.713115	0.575058
371157.786885	0.650466
371285.860656	0.715286
371413.934426	0.761191
371542.008197	0.782316
371670.081967	0.775670
371798.155738	0.741425
371926.229508	0.683156
372054.303279	0.608149
372182.377049	0.527897
372310.450820	0.458428
372438.524590	0.417900
372566.598361	0.416869
372694.672131	0.448176
372822.745902	0.493238
372950.819672	0.535066
373078.893443	0.562876
373206.967213	0.571285
373335.040984	0.558757
373463.114754	0.526382
373591.188525	0.476983
373719.262295	0.414466
373847.336066	0.343578
373975.409836	0.270561
374103.483607	0.206145
374231.557377	0.172049
374359.631148	0.191793
374487.704918	0.254522
374615.778689	0.335128
374743.852459	0.418871
374871.926230	0.497300
375000.000000	0.564236
375128.073770	0.614649
375256.147541	0.644620
375384.221311	0.651640
375512.295082	0.634958
375640.368852	0.595915
375768.442623	0.538259
375896.516393	0.468654
376024.590164	0.397684
376152.663934	0.341342
376280.737705	0.319334
376408.811475	0.342219
376536.885246	0.400538
376664.959016	0.477232
376793.032787	0.560136
376921.106557	0.642605
377049.180328	0.720902
377177.254098	0.792180
377305.327869	0.853334
377433.401639	0.900561
377561.475410	0.929488
377689.549180	0.935689
377817.622951	0.915383
377945.696721	0.866153
378073.770492	0.787529
378201.844262	0.681355
378329.918033	0.551923
378457.991803	0.405881
378586.065574	0.252256
378714.139344	0.105946
378842.213115	0.077457
378970.286885	0.189433
379098.360656	0.286733
379226.434426	0.354415
379354.508197	0.389736
379482.581967	0.395157
379610.655738	0.378825
379738.729508	0.355566
379866.803279	0.345474
379994.877049	0.364222
380122.950820	0.409909
380251.024590	0.465862
380379.098361	0.513388
380507.172131	0.538054
380635.245902	0.530637
380763.319672	0.487035
380891.393443	0.408577
381019.467213	0.304032
381147.540984	0.200842
381275.614754	0.183801
381403.688525	0.290483
381531.762295	0.432840
381659.836066	0.567192
381787.909836	0.675104
381915.983607	0.745982
382044.057377	0.774512
382172.131148	0.760930
382300.204918	0.712227
382428.278689	0.644256
382556.352459	0.584191
382684.426230	0.566988
382812.500000	0.613706
382940.573770	0.711182
383068.647541	0.827575
383196.721311	0.934099
383324.795082	1.010410
383452.868852	1.043468
383580.942623	1.026213
383709.016393	0.956753
383837.090164	0.837774
383965.163934	0.675963
384093.237705	0.481517
384221.311475	0.269035
384349.385246	0.089831
384477.459016	0.215503
384605.532787	0.415710
384733.606557	0.596233
384861.680328	0.744572
384989.754098	0.854686
385117.827869	0.923985
385245.901639	0.952727
385373.975410	0.943513
385502.049180	0.900718
385630.122951	0.829921
385758.196721	0.737497
385886.270492	0.630661
386014.344262	0.518475
386142.418033	0.414891
386270.491803	0.344437
386398.565574	0.338743
386526.639344	0.401921
386654.713115	0.503740
386782.786885	0.615779
386910.860656	0.720564
387038.934426	0.806802
387167.008197	0.866514
387295.081967	0.894172
387423.155738	0.886636
387551.229508	0.843312
387679.303279	0.766333
387807.377049	0.660746
387935.450820	0.534998
388063.524590	0.402769
388191.598361	0.289758
388319.672131	0.245525
388447.745902	0.297256
388575.819672	0.394167
388703.893443	0.492291
388831.967213	0.573668
388960.040984	0.631346
389088.114754	0.663370
389216.188525	0.670707
389344.262295	0.656174
389472.336066	0.623585
389600.409836	0.576988
389728.483607	0.520015
389856.557377	0.455473
389984.631148	0.385255
390112.704918	0.310620
390240.778689	0.232740
390368.852459	0.153497
390496.926230	0.077669
390625.000000	0.039790
390753.073770	0.090978
390881.147541	0.148857
391009.221311	0.194737
391137.295082	0.224172
391265.368852	0.235429
391393.442623	0.229305
391521.516393	0.210012
391649.590164	0.186779
391777.663934	0.174831
391905.737705	0.188055
392033.811475	0.224196
392161.885246	0.268824
392289.959016	0.308413
392418.032787	0.333732
392546.106557	0.339351
392674.180328	0.323494
392802.254098	0.288758
392930.327869	0.244423
393058.401639	0.211301
393186.475410	0.219224
393314.549180	0.274631
393442.622951	0.353897
393570.696721	0.434417
393698.770492	0.501703
393826.844262	0.546438
393954.918033	0.562973
394082.991803	0.549044
394211.065574	0.506011
394339.139344	0.439591
394467.213115	0.361789
394595.286885	0.295403
394723.360656	0.275272
394851.434426	0.317851
394979.508197	0.396624
395107.581967	0.479618
395235.655738	0.547480
395363.729508	0.589464
395491.803279	0.600046
395619.877049	0.577660
395747.950820	0.524362
395876.024590	0.446096
396004.098361	0.354321
396132.172131	0.271722
396260.245902	0.240925
396388.319672	0.290284
396516.393443	0.386956
396644.467213	0.494286
396772.540984	0.594581
396900.614754	0.679759
397028.688525	0.746283
397156.762295	0.793218
397284.836066	0.821203
397412.909836	0.831644
397540.983607	0.826044
397669.057377	0.805512
397797.131148	0.770582
397925.204918	0.721374
398053.278689	0.658096
398181.352459	0.581854
398309.426230	0.495852
398437.500000	0.407485
398565.573770	0.332429
398693.647541	0.298416
398821.721311	0.328331
398949.795082	0.409786
399077.868852	0.515296
399205.942623	0.626776
399334.016393	0.735088
399462.090164	0.836129
399590.163934	0.928729
399718.237705	1.013380
399846.311475	1.091142
399974.385246	1.162601
400102.459016	1.227040
400230.532787	1.282021
400358.606557	1.323496
400486.680328	1.346367
400614.754098	1.345325
400742.827869	1.315757
400870.901639	1.254565
400998.975410	1.160844
401127.049180	1.036402
401255.122951	0.886257
401383.196721	0.719498
401511.270492	0.551658
401639.344262	0.411633
401767.418033	0.350087
401895.491803	0.396003
402023.565574	0.500698
402151.639344	0.610776
402279.713115	0.700069
402407.786885	0.756828
402535.860656	0.776267
402663.934426	0.757970
402792.008197	0.704808
402920.081967	0.622277
403048.155738	0.517932
403176.229508	0.400907
403304.303279	0.281825
403432.377049	0.174579
403560.450820	0.106811
403688.524590	0.115880
403816.598361	0.158242
403944.672131	0.189173
404072.745902	0.197606
404200.819672	0.182314
404328.893443	0.145810
404456.967213	0.093088
404585.040984	0.035516
404713.114754	0.054907
404841.188525	0.121922
404969.262295	0.186315
405097.336066	0.241716
405225.409836	0.285284
405353.483607	0.316236
405481.557377	0.335717
405609.631148	0.346613
405737.704918	0.353100
405865.778689	0.359832
405993.852459	0.370803
406121.926230	0.388290
406250.000000	0.412488
406378.073770	0.441977
406506.147541	0.474540
406634.221311	0.507729
406762.295082	0.539003
406890.368852	0.565594
407018.442623	0.584346
407146.516393	0.591713
407274.590164	0.583961
407402.663934	0.557558
407530.737705	0.509667
407658.811475	0.438713
407786.885246	0.345080
407914.959016	0.232858
408043.032787	0.121911
408171.106557	0.130182
408299.180328	0.267649
408427.254098	0.426696
408555.327869	0.584488
408683.401639	0.730944
408811.475410	0.858557
408939.549180	0.961536
409067.622951	1.035926
409195.696721	1.079804
409323.770492	1.093339
409451.844262	1.078682
409579.918033	1.039641
409707.991803	0.981156
409836.065574	0.908627
409964.139344	0.827157
410092.213115	0.740898
410220.286885	0.652683
410348.360656	0.564214
410476.434426	0.477007
410604.508197	0.394318
410732.581967	0.324341
410860.655738	0.283413
410988.729508	0.289197
411116.803279	0.339152
411244.877049	0.412192
411372.950820	0.488629
411501.024590	0.555236
411629.098361	0.603271
411757.172131	0.627089
411885.245902	0.623680
412013.319672	0.592595
412141.393443	0.535983
412269.467213	0.458756
412397.540984	0.369230
412525.614754	0.281408
412653.688525	0.220678
412781.762295	0.219052
412909.836066	0.271286
413037.909836	0.342340
413165.983607	0.410315
413294.057377	0.466416
413422.131148	0.508287
413550.204918	0.537072
413678.278689	0.555852
413806.352459	0.568280
413934.426230	0.577250
414062.500000	0.583857
414190.573770	0.587078
414318.647541	0.584300
414446.721311	0.572391
414574.795082	0.548846
414702.868852	0.512690
414830.942623	0.465043
414959.016393	0.409409
415087.090164	0.351742
415215.163934	0.300129
415343.237705	0.263153
415471.311475	0.245567
415599.385246	0.243882
415727.459016	0.248840
415855.532787	0.252703
415983.606557	0.253807
416111.680328	0.257627
416239.754098	0.274665
416367.827869	0.313513
416495.901639	0.373935
416623.975410	0.447998
416752.049180	0.525293
416880.122951	0.596011
417008.196721	0.652002
417136.270492	0.687202
417264.344262	0.697967
417392.418033	0.683376
417520.491803	0.645506
417648.565574	0.589682
417776.639344	0.524700
417904.713115	0.462727
418032.786885	0.417562
418160.860656	0.398892
418288.934426	0.404742
418417.008197	0.421941
418545.081967	0.434818
418673.155738	0.431500
418801.229508	0.405316
418929.303279	0.354413
419057.377049	0.281550
419185.450820	0.195831
419313.524590	0.125247
419441.598361	0.139903
419569.672131	0.225265
419697.745902	0.318870
419825.819672	0.398106
419953.893443	0.452683
420081.967213	0.476722
420210.040984	0.467603
420338.114754	0.425945
420466.188525	0.355986
420594.262295	0.267082
420722.336066	0.180885
420850.409836	0.154015
420978.483607	0.220307
421106.557377	0.318342
421234.631148	0.409968
421362.704918	0.480554
421490.778689	0.523755
421618.852459	0.538888
421746.926230	0.531479
421875.000000	0.514726
422003.073770	0.509600
422131.147541	0.538166
422259.221311	0.609283
422387.295082	0.712957
422515.368852	0.829979
422643.442623	0.941420
422771.516393	1.031885
422899.590164	1.090008
423027.663934	1.108522
423155.737705	1.084451
423283.811475	1.019458
423411.885246	0.920468
423539.959016	0.800919
423668.032787	0.683120
423796.106557	0.600040
423924.180328	0.585271
424052.254098	0.643386
424180.327869	0.744059
424308.401639	0.852229
424436.475410	0.944119
424564.549180	1.006605
424692.622951	1.034393
424820.696721	1.028388
424948.770492	0.994807
425076.844262	0.944353
425204.918033	0.890744
425332.991803	0.847704
425461.065574	0.824189
425589.139344	0.820019
425717.213115	0.825759
425845.286885	0.827253
425973.360656	0.810937
426101.434426	0.767067
426229.508197	0.690962
426357.581967	0.583412
426485.655738	0.451579
426613.729508	0.313849
426741.803279	0.222328
426869.877049	0.263287
426997.950820	0.392221
427126.024590	0.531196
427254.098361	0.649699
427382.172131	0.733728
427510.245902	0.775709
427638.319672	0.772428
427766.393443	0.724509
427894.467213	0.636136
428022.540984	0.514752
428150.614754	0.370922
428278.688525	0.219926
428406.762295	0.103351
428534.836066	0.150417
428662.909836	0.262240
428790.983607	0.354543
428919.057377	0.411857
429047.131148	0.428626
429175.204918	0.403768
429303.278689	0.339907
429431.352459	0.243266
429559.426230	0.125726
429687.500000	0.063595
429815.573770	0.182342
429943.647541	0.316986
430071.721311	0.437510
430199.795082	0.533803
430327.868852	0.600055
430455.942623	0.634771
430584.016393	0.641785
430712.090164	0.631520
430840.163934	0.621517
430968.237705	0.633344
431096.311475	0.682817
431224.385246	0.770016
431352.459016	0.880889
431480.532787	0.996499
431608.606557	1.099350
431736.680328	1.175484
431864.754098	1.214834
431992.827869	1.211195
432120.901639	1.162121
432248.975410	1.068753
432377.049180	0.935569
432505.122951	0.770112
432633.196721	0.582988
432761.270492	0.389547
432889.344262	0.222718
433017.418033	0.189927
433145.491803	0.310750
433273.565574	0.451666
433401.639344	0.570772
433529.713115	0.656658
433657.786885	0.705388
433785.860656	0.716794
433913.934426	0.693444
434042.008197	0.640062
434170.081967	0.563014
434298.155738	0.469859
434426.229508	0.369117
434554.303279	0.270814
434682.377049	0.189567
434810.450820	0.151046
434938.524590	0.172096
435066.598361	0.226061
435194.672131	0.288102
435322.745902	0.350663
435450.819672	0.412897
435578.893443	0.475373
435706.967213	0.538007
435835.040984	0.599349
435963.114754	0.656640
436091.188525	0.706283
436219.262295	0.744438
436347.336066	0.767574
436475.409836	0.772920
436603.483607	0.758798
436731.557377	0.724880
436859.631148	0.672399
436987.704918	0.604412
437115.778689	0.526239
437243.852459	0.446345
437371.926230	0.377713
437500.000000	0.337691
437628.073770	0.339363
437756.147541	0.377665
437884.221311	0.434034
438012.295082	0.491261
438140.368852	0.538045
438268.442623	0.567691
438396.516393	0.576653
438524.590164	0.563736
438652.663934	0.529687
438780.737705	0.476933
438908.811475	0.409367
439036.885246	0.332166
439164.959016	0.251746
439293.032787	0.176255
439421.106557	0.117787
439549.180328	0.094103
439677.254098	0.105065
439805.327869	0.123809
439933.401639	0.135545
440061.475410	0.140806
440189.549180	0.150385
440317.622951	0.179035
440445.696721	0.232409
440573.770492	0.304383
440701.844262	0.385117
440829.918033	0.465164
440957.991803	0.536055
441086.065574	0.590379
441214.139344	0.621985
441342.213115	0.626259
441470.286885	0.600406
441598.360656	0.543680
441726.434426	0.457553
441854.508197	0.345956
441982.581967	0.216536
442110.655738	0.095507
442238.729508	0.134265
442366.803279	0.275005
442494.877049	0.416366
442622.950820	0.541826
442751.024590	0.642829
442879.098361	0.713397
443007.172131	0.749761
443135.245902	0.750461
443263.319672	0.716413
443391.393443	0.650854
443519.467213	0.559185
443647.540984	0.448767
443775.614754	0.328945
443903.688525	0.212578
444031.762295	0.126141
444159.836066	0.125343
444287.909836	0.184608
444415.983607	0.241548
444544.057377	0.278413
444672.131148	0.291850
444800.204918	0.284075
444928.278689	0.261702
445056.352459	0.236101
445184.426230	0.222518
445312.500000	0.232586
445440.573770	0.263832
445568.647541	0.303566
445696.721311	0.339764
445824.795082	0.364981
445952.868852	0.376268
446080.942623	0.374717
446209.016393	0.365091
446337.090164	0.354949
446465.163934	0.352268
446593.237705	0.361370
446721.311475	0.379934
446849.385246	0.400194
446977.459016	0.412696
447105.532787	0.409234
447233.606557	0.384142
447361.680328	0.334676
447489.754098	0.261053
447617.827869	0.166498
447745.901639	0.060354
447873.975410	0.077814
448002.049180	0.197141
448130.122951	0.312902
448258.196721	0.414058
448386.270492	0.492901
448514.344262	0.543595
448642.418033	0.562501
448770.491803	0.548536
448898.565574	0.503459
449026.639344	0.432214
449154.713115	0.343874
449282.786885	0.255145
449410.860656	0.200083
449538.934426	0.219012
449667.008197	0.291990
449795.081967	0.376026
449923.155738	0.450039
450051.229508	0.505732
450179.303279	0.541060
450307.377049	0.558279
450435.450820	0.563068
450563.524590	0.563408
450691.598361	0.567532
450819.672131	0.581025
450947.745902	0.604504
451075.819672	0.633619
451203.893443	0.661256
451331.967213	0.680144
451460.040984	0.684595
451588.114754	0.671267
451716.188525	0.639308
451844.262295	0.590152
451972.336066	0.527159
452100.409836	0.455203
452228.483607	0.380401
452356.557377	0.310208
452484.631148	0.254052
452612.704918	0.223146
452740.778689	0.224687
452868.852459	0.253732
452996.926230	0.298267
453125.000000	0.348278
453253.073770	0.396931
453381.147541	0.438940
453509.221311	0.469707
453637.295082	0.485437
453765.368852	0.483906
453893.442623	0.465801
454021.516393	0.436794
454149.590164	0.410323
454277.663934	0.408183
454405.737705	0.450438
454533.811475	0.538676
454661.885246	0.657506
454789.959016	0.788029
454918.032787	0.913966
455046.106557	1.022210
455174.180328	1.102538
455302.254098	1.147611
455430.327869	1.153204
455558.401639	1.118506
455686.475410	1.046414
455814.549180	0.943868
455942.622951	0.822378
456070.696721	0.698916
456198.770492	0.596546
456326.844262	0.540225
456454.918033	0.540743
456582.991803	0.581609
456711.065574	0.633147
456839.139344	0.671221
456967.213115	0.681584
457095.286885	0.658087
457223.360656	0.600960
457351.434426	0.516267
457479.508197	0.417071
457607.581967	0.327930
457735.655738	0.289190
457863.729508	0.325463
457991.803279	0.405486
458119.877049	0.488209
458247.950820	0.549826
458376.024590	0.577732
458504.098361	0.565619
458632.172131	0.511687
458760.245902	0.418064
458888.319672	0.291070
459016.393443	0.146927
459144.467213	0.106793
459272.540984	0.263142
459400.614754	0.441432
459528.688525	0.610094
459656.762295	0.756943
459784.836066	0.873546
459912.909836	0.954412
460040.983607	0.997266
460169.057377	1.003441
460297.131148	0.978273
460425.204918	0.931439
460553.278689	0.876997
460681.352459	0.832226
460809.426230	0.813624
460937.500000	0.829905
461065.573770	0.877151
461193.647541	0.941597
461321.721311	1.006692
461449.795082	1.058093
461577.868852	1.085402
461705.942623	1.082247
461834.016393	1.045869
461962.090164	0.976648
462090.163934	0.877654
462218.237705	0.754277
462346.311475	0.614093
462474.385246	0.467510
462602.459016	0.331166
462730.532787	0.239639
462858.606557	0.243909
462986.680328	0.325457
463114.754098	0.426649
463242.827869	0.521136
463370.901639	0.599737
463498.975410	0.659395
463627.049180	0.699833
463755.122951	0.722319
463883.196721	0.729030
464011.270492	0.722588
464139.344262	0.705702
464267.418033	0.680892
464395.491803	0.650309
464523.565574	0.615666
464651.639344	0.578272
464779.713115	0.539155
464907.786885	0.499247
465035.860656	0.459580
465163.934426	0.421473
465292.008197	0.386634
465420.081967	0.357137
465548.155738	0.335125
465676.229508	0.322192
465804.303279	0.318641
465932.377049	0.323108
466060.450820	0.332930
466188.524590	0.344997
466316.598361	0.356554
466444.672131	0.365713
466572.745902	0.371712
466700.819672	0.375021
466828.893443	0.377300
466956.967213	0.381104
467085.040984	0.389222
467213.114754	0.403704
467341.188525	0.424950
467469.262295	0.451397
467597.336066	0.479939
467725.409836	0.506724
467853.483607	0.527919
467981.557377	0.540259
468109.631148	0.541400
468237.704918	0.530103
468365.778689	0.506319
468493.852459	0.471153
468621.926230	0.426711
468750.000000	0.375813
468878.073770	0.321558
469006.147541	0.266767
469134.221311	0.213495
469262.295082	0.163242
469390.368852	0.119926
469518.442623	0.100604
469646.516393	0.132772
469774.590164	0.208562
469902.663934	0.310655
470030.737705	0.431069
470158.811475	0.564184
470286.885246	0.703927
470414.959016	0.843313
470543.032787	0.974675
470671.106557	1.090106
470799.180328	1.182003
470927.254098	1.243607
471055.327869	1.269522
471183.401639	1.256158
471311.475410	1.202066
471439.549180	1.108154
471567.622951	0.977767
471695.696721	0.816656
471823.770492	0.632977
471951.844262	0.437867
472079.918033	0.250391
472207.991803	0.142194
472336.065574	0.233460
472464.139344	0.377275
472592.213115	0.502952
472720.286885	0.596154
472848.360656	0.652304
472976.434426	0.671617
473104.508197	0.658739
473232.581967	0.623390
473360.655738	0.581372
473488.729508	0.554295
473616.803279	0.563439
473744.877049	0.616912
473872.950820	0.704715
474001.024590	0.808593
474129.098361	0.911778
474257.172131	1.001871
474385.245902	1.070585
474513.319672	1.112997
474641.393443	1.126937
474769.467213	1.112495
474897.540984	1.071582
475025.614754	1.007514
475153.688525	0.924621
475281.762295	0.827895
475409.836066	0.722712
475537.909836	0.614646
475665.983607	0.509376
475794.057377	0.412695
475922.131148	0.330452
476050.204918	0.267925
476178.278689	0.227609
476306.352459	0.205928
476434.426230	0.193509
476562.500000	0.180535
476690.573770	0.161268
476818.647541	0.135867
476946.721311	0.113268
477074.795082	0.114284
477202.868852	0.151023
477330.942623	0.210056
477459.016393	0.276695
477587.090164	0.341998
477715.163934	0.400052
477843.237705	0.446733
477971.311475	0.479436
478099.385246	0.497043
478227.459016	0.499843
478355.532787	0.489310
478483.606557	0.467671
478611.680328	0.437296
478739.754098	0.400014
478867.827869	0.356584
478995.901639	0.306655
479123.975410	0.249637
479252.049180	0.187539
479380.122951	0.135089
479508.196721	0.140535
479636.270492	0.221907
479764.344262	0.339598
479892.418033	0.471847
480020.491803	0.607516
480148.565574	0.737672
480276.639344	0.854019
480404.713115	0.948939
480532.786885	1.015928
480660.860656	1.050078
480788.934426	1.048493
480917.008197	1.010590
481045.081967	0.938256
481173.155738	0.835887
481301.229508	0.710408
481429.303279	0.571533
481557.377049	0.433055
481685.450820	0.317172
481813.524590	0.260173
481941.598361	0.283224
482069.672131	0.349772
482197.745902	0.418905
482325.819672	0.472055
482453.893443	0.502819
482581.967213	0.510628
482710.040984	0.498385
482838.114754	0.471370
482966.188525	0.436408
483094.262295	0.400855
483222.336066	0.371116
483350.409836	0.350741
483478.483607	0.339166
483606.557377	0.332397
483734.631148	0.325305
483862.704918	0.313760
483990.778689	0.295607
484118.852459	0.270746
484246.926230	0.240857
484375.000000	0.209114
484503.073770	0.180069
484631.147541	0.159423
484759.221311	0.152514
484887.295082	0.160884
485015.368852	0.181039
485143.442623	0.207703
485271.516393	0.236521
485399.590164	0.264348
485527.663934	0.288816
485655.737705	0.308130
485783.811475	0.321207
485911.885246	0.328056
486039.959016	0.330297
486168.032787	0.331612
486296.106557	0.337666
486424.180328	0.354771
486552.254098	0.387258
486680.327869	0.435341
486808.401639	0.495392
486936.475410	0.561806
487064.549180	0.628660
487192.622951	0.690570
487320.696721	0.743044
487448.770492	0.782604
487576.844262	0.806817
487704.918033	0.814280
487832.991803	0.804568
487961.065574	0.778170
488089.139344	0.736430
488217.213115	0.681517
488345.286885	0.616462
488473.360656	0.545292
488601.434426	0.473307
488729.508197	0.407423
488857.581967	0.356109
488985.655738	0.327398
489113.729508	0.323944
489241.803279	0.339705
489369.877049	0.363688
489497.950820	0.385725
489626.024590	0.398746
489754.098361	0.398621
489882.172131	0.383526
490010.245902	0.353421
490138.319672	0.309642
490266.393443	0.254534
490394.467213	0.191093
490522.540984	0.122624
490650.614754	0.052895
490778.688525	0.025075
490906.762295	0.089942
491034.836066	0.155153
491162.909836	0.217656
491290.983607	0.277497
491419.057377	0.334855
491547.131148	0.389485
491675.204918	0.440449
491803.278689	0.486135
491931.352459	0.524512
492059.426230	0.553542
492187.500000	0.571625
492315.573770	0.577988
492443.647541	0.572940
492571.721311	0.557929
492699.795082	0.535368
492827.868852	0.508177
492955.942623	0.479088
493084.016393	0.449862
493212.090164	0.420746
493340.163934	0.390530
493468.237705	0.357365
493596.311475	0.320188
493724.385246	0.280605
493852.459016	0.245317
493980.532787	0.227912
494108.606557	0.242885
494236.680328	0.290728
494364.754098	0.358772
494492.827869	0.434059
494620.901639	0.507789
494748.975410	0.574826
494877.049180	0.633016
495005.122951	0.682750
495133.196721	0.726384
495261.270492	0.767247
495389.344262	0.808217
495517.418033	0.850274
495645.491803	0.891599
495773.565574	0.927641
495901.639344	0.952017
496029.713115	0.957810
496157.786885	0.938842
496285.860656	0.890703
496413.934426	0.811535
496542.008197	0.702673
496670.081967	0.569539
496798.155738	0.424185
496926.229508	0.295392
497054.303279	0.253164
497182.377049	0.338408
497310.450820	0.477021
497438.524590	0.615910
497566.598361	0.733875
497694.672131	0.820650
497822.745902	0.871092
497950.819672	0.883733
498078.893443	0.860271
498206.967213	0.805203
498335.040984	0.725405
498463.114754	0.629626
498591.188525	0.527922
498719.262295	0.430960
498847.336066	0.348872
498975.409836	0.288750
499103.483607	0.250589
499231.557377	0.225753
499359.631148	0.202338
499487.704918	0.172184
499615.778689	0.134296
499743.852459	0.099125
499871.926230	0.097452
500000.000000	0.142623
500128.073770	0.207997
500256.147541	0.276834
500384.221311	0.342248
500512.295082	0.401315
500640.368852	0.453438
500768.442623	0.499631
500896.516393	0.541798
501024.590164	0.581883
501152.663934	0.621088
501280.737705	0.659409
501408.811475	0.695644
501536.885246	0.727817
501664.959016	0.753763
501793.032787	0.771664
501921.106557	0.780368
502049.180328	0.779465
502177.254098	0.769135
502305.327869	0.749849
502433.401639	0.722043
502561.475410	0.685874
502689.549180	0.641162
502817.622951	0.587546
502945.696721	0.524821
503073.770492	0.453348
503201.844262	0.374456
503329.918033	0.290807
503457.991803	0.206962
503586.065574	0.131423
503714.139344	0.085618
503842.213115	0.097753
503970.286885	0.135698
504098.360656	0.166848
504226.434426	0.181822
504354.508197	0.179224
504482.581967	0.162924
504610.655738	0.144375
504738.729508	0.144911
504866.803279	0.179767
504994.877049	0.239539
505122.950820	0.307849
505251.024590	0.372869
505379.098361	0.426511
505507.172131	0.463213
505635.245902	0.479585
505763.319672	0.474362
505891.393443	0.448353
506019.467213	0.404302
506147.540984	0.346614
506275.614754	0.280948
506403.688525	0.213725
506531.762295	0.151584
506659.836066	0.100812
506787.909836	0.066618
506915.983607	0.051704
507044.057377	0.056238
507172.131148	0.081611
507300.204918	0.127616
507428.278689	0.190537
507556.352459	0.264952
507684.426230	0.344588
507812.500000	0.422802
507940.573770	0.493107
508068.647541	0.549714
508196.721311	0.588032
508324.795082	0.605079
508452.868852	0.599795
508580.942623	0.573239
508709.016393	0.528735
508837.090164	0.472043
508965.163934	0.411669
509093.237705	0.359109
509221.311475	0.327446
509349.385246	0.325201
509477.459016	0.349012
509605.532787	0.386529
509733.606557	0.425229
509861.680328	0.456167
509989.754098	0.473570
510117.827869	0.473720
510245.901639	0.454275
510373.975410	0.414225
510502.049180	0.354881
510630.122951	0.283665
510758.196721	0.226946
510886.270492	0.244705
511014.344262	0.358641
511142.418033	0.528410
511270.491803	0.725809
511398.565574	0.935530
511526.639344	1.145955
511654.713115	1.346443
511782.786885	1.526931
511910.860656	1.678206
512038.934426	1.792395
512167.008197	1.863451
