# Freq(Hz)	Amp(mV)
0.000000	6.837367
124.843696	7.180849
249.687391	8.125669
374.531087	9.493015
499.374783	11.117453
624.218478	12.874616
749.062174	14.668467
873.905870	16.417148
998.749566	18.045767
1123.593261	19.484482
1248.436957	20.669447
1373.280653	21.544934
1498.124348	22.065669
1622.968044	22.198784
1747.811740	21.925125
1872.655435	21.239752
1997.499131	20.151652
2122.342827	18.682721
2247.186522	16.866153
2372.030218	14.744404
2496.873914	12.366956
2621.717610	9.788139
2746.561305	7.065661
2871.405001	4.262890
2996.248697	1.502193
3121.092392	1.639553
3245.936088	4.344911
3370.779784	7.021573
3495.623479	9.576282
3620.467175	11.971377
3745.310871	14.178824
3870.154566	16.175406
3994.998262	17.940940
4119.841958	19.457057
4244.685654	20.706265
4369.529349	21.671330
4494.373045	22.335053
4619.216741	22.680502
4744.060436	22.691710
4868.904132	22.354779
4993.747828	21.659284
5118.591523	20.599821
5243.435219	19.177528
5368.278915	17.401394
5493.122610	15.289211
5617.966306	12.868041
5742.810002	10.174153
5867.653698	7.252386
5992.497393	4.155047
6117.341089	0.941447
6242.184785	2.332488
6367.028480	5.595138
6491.872176	8.787024
6616.715872	11.846995
6741.559567	14.718346
6866.403263	17.350032
6991.246959	19.697662
7116.090655	21.724078
7240.934350	23.399504
7365.778046	24.701331
7490.621742	25.613609
7615.465437	26.126375
7740.309133	26.234907
7865.152829	25.939034
7989.996524	25.242581
8114.840220	24.153027
8239.683916	22.681388
8364.527611	20.842338
8489.371307	18.654507
8614.215003	16.140909
8739.058699	13.329411
8863.902394	10.253189
8988.746090	6.951242
9113.589786	3.470272
9238.433481	0.313780
9363.277177	3.868066
9488.120873	7.583390
9612.964568	11.261842
9737.808264	14.838370
9862.651960	18.249405
9987.495655	21.432847
10112.339351	24.329318
10237.183047	26.883481
10362.026743	29.045255
10486.870438	30.770832
10611.714134	32.023464
10736.557830	32.774002
10861.401525	33.001210
10986.245221	32.691865
11111.088917	31.840707
11235.932612	30.450281
11360.776308	28.530720
11485.620004	26.099522
11610.463699	23.181342
11735.307395	19.807817
11860.151091	16.017417
11984.994787	11.855325
12109.838482	7.373399
12234.682178	2.631807
12359.525874	2.323940
12484.369569	7.393578
12609.213265	12.523092
12734.056961	17.632182
12858.900656	22.640521
12983.744352	27.466436
13108.588048	32.027981
13233.431743	36.244195
13358.275439	40.036381
13483.119135	43.329345
13607.962831	46.052531
13732.806526	48.141038
13857.650222	49.536477
13982.493918	50.187672
14107.337613	50.051210
14232.181309	49.091841
14357.025005	47.282772
14481.868700	44.605870
14606.712396	41.051823
14731.556092	36.620258
14856.399787	31.319865
14981.243483	25.168520
15106.087179	18.193401
15230.930875	10.431085
15355.774570	1.927690
15480.618266	7.261814
15605.461962	17.072275
15730.305657	27.430448
15855.149353	38.254528
15979.993049	49.455178
16104.836744	60.936517
16229.680440	72.597325
16354.524136	84.332426
16479.367831	96.034214
16604.211527	107.594242
16729.055223	118.904845
16853.898919	129.860696
16978.742614	140.360270
17103.586310	150.307142
17228.430006	159.611101
17353.273701	168.189054
17478.117397	175.965715
17602.961093	182.874106
17727.804788	188.855881
17852.648484	193.861530
17977.492180	197.850488
18102.335875	200.791198
18227.179571	202.661173
18352.023267	203.447058
18476.866963	203.144737
18601.710658	201.759457
18726.554354	199.305961
18851.398050	195.808609
18976.241745	191.301439
19101.085441	185.828127
19225.929137	179.441818
19350.772832	172.204775
19475.616528	164.187832
19600.460224	155.469635
19725.303919	146.135685
19850.147615	136.277181
19974.991311	125.989720
20099.835007	115.371890
20224.678702	104.523796
20349.522398	93.545607
20474.366094	82.536142
20599.209789	71.591573
20724.053485	60.804265
20848.897181	50.261795
20973.740876	40.046140
21098.584572	30.233053
21223.428268	20.891599
21348.271964	12.083831
21473.115659	3.864572
21597.959355	3.718733
21722.803051	10.626104
21847.646746	16.825123
21972.490442	22.290995
22097.334138	27.006636
22222.177833	30.962744
22347.021529	34.157863
22471.865225	36.598407
22596.708920	38.298620
22721.552616	39.280459
22846.396312	39.573357
22971.240008	39.213869
23096.083703	38.245169
23220.927399	36.716424
23345.771095	34.682023
23470.614790	32.200704
23595.458486	29.334589
23720.302182	26.148164
23845.145877	22.707229
23969.989573	19.077874
24094.833269	15.325485
24219.676964	11.513857
24344.520660	7.704463
24469.364356	3.956493
24594.208052	0.373609
24719.051747	3.164296
24843.895443	6.425107
24968.739139	9.439591
25093.582834	12.171551
25218.426530	14.591749
25343.270226	16.676850
25468.113921	18.409329
25592.957617	19.777451
25717.801313	20.775214
25842.645008	21.402246
25967.488704	21.663639
26092.332400	21.569714
26217.176096	21.135716
26342.019791	20.381438
26466.863487	19.330773
26591.707183	18.011213
26716.550878	16.453291
26841.394574	14.689993
26966.238270	12.756149
27091.081965	10.687820
27215.925661	8.521703
27340.769357	6.294557
27465.613052	4.042677
27590.456748	1.801409
27715.300444	0.395521
27840.144140	2.515444
27964.987835	4.528765
28089.831531	6.407792
28214.675227	8.127658
28339.518922	9.666465
28464.362618	11.005506
28589.206314	12.129471
28714.050009	13.026613
28838.893705	13.688897
28963.737401	14.112095
29088.581096	14.295832
29213.424792	14.243571
29338.268488	13.962520
29463.112184	13.463459
29587.955879	12.760494
29712.799575	11.870725
29837.643271	10.813842
29962.486966	9.611676
30087.330662	8.287701
30212.174358	6.866526
30337.018053	5.373399
30461.861749	3.833753
30586.705445	2.272943
30711.549140	0.718241
30836.392836	0.825726
30961.236532	2.306824
31086.080228	3.721640
31210.923923	5.048792
31335.767619	6.270531
31460.611315	7.371023
31585.455010	8.336263
31710.298706	9.154123
31835.142402	9.814439
31959.986097	10.309126
32084.829793	10.632332
32209.673489	10.780600
32334.517184	10.753036
32459.360880	10.551467
32584.204576	10.180564
32709.048272	9.647902
32833.891967	8.963961
32958.735663	8.142021
33083.579359	7.197978
33208.423054	6.150045
33333.266750	5.018378
33458.110446	3.824607
33582.954141	2.591320
33707.797837	1.341537
33832.641533	0.100824
33957.485228	1.118100
34082.328924	2.284331
34207.172620	3.382510
34332.016316	4.395517
34456.860011	5.308624
34581.703707	6.109609
34706.547403	6.788828
34831.391098	7.339203
34956.234794	7.756143
35081.078490	8.037405
35205.922185	8.182931
35330.765881	8.194659
35455.609577	8.076337
35580.453273	7.833346
35705.296968	7.472538
35830.140664	7.002102
35954.984360	6.431435
36079.828055	5.771035
36204.671751	5.032398
36329.515447	4.227912
36454.359142	3.370743
36579.202838	2.474716
36704.046534	1.554239
36828.890229	0.624855
36953.733925	0.309549
37078.577621	1.212767
37203.421317	2.086042
37328.265012	2.912615
37453.108708	3.679390
37577.952404	4.374481
37702.796099	4.987279
37827.639795	5.508613
37952.483491	5.930903
38077.327186	6.248291
38202.170882	6.456735
38327.014578	6.554080
38451.858273	6.540088
38576.701969	6.416441
38701.545665	6.186710
38826.389361	5.856291
38951.233056	5.432309
39076.076752	4.923484
39200.920448	4.339971
39325.764143	3.693153
39450.607839	2.995413
39575.451535	2.259875
39700.295230	1.500135
39825.138926	0.730123
39949.982622	0.052509
40074.826317	0.790631
40199.670013	1.513468
40324.513709	2.196954
40449.357405	2.830799
40574.201100	3.406215
40699.044796	3.915890
40823.888492	4.354004
40948.732187	4.716199
41073.575883	4.999514
41198.419579	5.202271
41323.263274	5.323946
41448.106970	5.365030
41572.950666	5.326891
41697.794361	5.211662
41822.638057	5.022155
41947.481753	4.761810
42072.325449	4.434681
42197.169144	4.045457
42322.012840	3.599501
42446.856536	3.102910
42571.700231	2.562559
42696.543927	1.986141
42821.387623	1.382170
42946.231318	0.759993
43071.075014	0.131411
43195.918710	0.500788
43320.762405	1.116517
43445.606101	1.709069
43570.449797	2.267721
43695.293493	2.782474
43820.137188	3.244193
43944.980884	3.644865
44069.824580	3.977822
44194.668275	4.237922
44319.511971	4.421661
44444.355667	4.527219
44569.199362	4.554430
44694.043058	4.504701
44818.886754	4.380873
44943.730449	4.187045
45068.574145	3.928383
45193.417841	3.610923
45318.261537	3.241379
45443.105232	2.826982
45567.948928	2.375338
45692.792624	1.894318
45817.636319	1.391986
45942.480015	0.876598
46067.323711	0.357225
46192.167406	0.168691
46317.011102	0.671431
46441.854798	1.158871
46566.698493	1.620264
46691.542189	2.048228
46816.385885	2.436096
46941.229581	2.777899
47066.073276	3.068478
47190.916972	3.303598
47315.760668	3.480056
47440.604363	3.595754
47565.448059	3.649756
47690.291755	3.642297
47815.135450	3.574756
47939.979146	3.449584
48064.822842	3.270201
48189.666537	3.040853
48314.510233	2.766449
48439.353929	2.452387
48564.197625	2.104386
48689.041320	1.728326
48813.885016	1.330131
48938.728712	0.915680
49063.572407	0.490769
49188.416103	0.061194
49313.259799	0.367729
49438.103494	0.789990
49562.947190	1.200080
49687.790886	1.592281
49812.634582	1.960840
49937.478277	2.300014
50062.321973	2.604176
50187.165669	2.867952
50312.009364	3.086396
50436.853060	3.255179
50561.696756	3.370776
50686.540451	3.430635
50811.384147	3.433314
50936.227843	3.378574
51061.071538	3.267419
51185.915234	3.102082
51310.758930	2.885971
51435.602626	2.623560
51560.446321	2.320265
51685.290017	1.982301
51810.133713	1.616593
51934.977408	1.230837
52059.821104	0.834324
52184.664800	0.444095
52309.508495	0.189109
52434.352191	0.454067
52559.195887	0.825524
52684.039582	1.189978
52808.883278	1.532715
52933.726974	1.846534
53058.570670	2.126080
53183.414365	2.366950
53308.258061	2.565499
53433.101757	2.718800
53557.945452	2.824664
53682.789148	2.881685
53807.632844	2.889278
53932.476539	2.847727
54057.320235	2.758210
54182.163931	2.622810
54307.007626	2.444495
54431.851322	2.227079
54556.695018	1.975157
54681.538714	1.694038
54806.382409	1.389729
54931.226105	1.069126
55056.069801	0.741168
55180.913496	0.423992
55305.757192	0.218657
55430.600888	0.388664
55555.444583	0.687446
55680.288279	0.991485
55805.131975	1.281923
55929.975670	1.551577
56054.819366	1.795845
56179.663062	2.011148
56304.506758	2.194486
56429.350453	2.343285
56554.194149	2.455342
56679.037845	2.528824
56803.881540	2.562311
56928.725236	2.554866
57053.568932	2.506117
57178.412627	2.416346
57303.256323	2.286576
57428.100019	2.118622
57552.943714	1.915131
57677.787410	1.679566
57802.631106	1.416163
57927.474802	1.129839
58052.318497	0.826072
58177.162193	0.510803
58302.005889	0.190891
58426.849584	0.134898
58551.693280	0.447427
58676.536976	0.749939
58801.380671	1.035967
58926.224367	1.301001
59051.068063	1.541308
59175.911758	1.753864
59300.755454	1.936315
59425.599150	2.086909
59550.442846	2.204419
59675.286541	2.288054
59800.130237	2.337380
59924.973933	2.352269
60049.817628	2.332866
60174.661324	2.279599
60299.505020	2.193212
60424.348715	2.074818
60549.192411	1.925959
60674.036107	1.748669
60798.879802	1.545509
60923.723498	1.319589
61048.567194	1.074549
61173.410890	0.814531
61298.254585	0.544171
61423.098281	0.269079
61547.941977	0.044051
61672.785672	0.289147
61797.629368	0.552998
61922.473064	0.804778
62047.316759	1.039680
62172.160455	1.253953
62297.004151	1.444480
62421.847846	1.608742
62546.691542	1.744802
62671.535238	1.851274
62796.378934	1.927275
62921.222629	1.972373
63046.066325	1.986523
63170.910021	1.970015
63295.753716	1.923440
63420.597412	1.847667
63545.441108	1.743850
63670.284803	1.613456
63795.128499	1.458310
63919.972195	1.280639
64044.815891	1.083137
64169.659586	0.869010
64294.503282	0.642082
64419.346978	0.407206
64544.190673	0.174316
64669.034369	0.110971
64793.878065	0.330074
64918.721760	0.555644
65043.565456	0.769577
65168.409152	0.966427
65293.252847	1.142302
65418.096543	1.294207
65542.940239	1.419992
65667.783935	1.518348
65792.627630	1.588790
65917.471326	1.631585
66042.315022	1.647633
66167.158717	1.638314
66292.002413	1.605300
66416.846109	1.550372
66541.689804	1.475244
66666.533500	1.381441
66791.377196	1.270237
66916.220891	1.142678
67041.064587	0.999698
67165.908283	0.842337
67290.751979	0.672144
67415.595674	0.492104
67540.439370	0.310323
67665.283066	0.167458
67790.126761	0.218684
67914.970457	0.401042
68039.814153	0.604523
68164.657848	0.807590
68289.501544	1.001829
68414.345240	1.181239
68539.188935	1.340727
68664.032631	1.475913
68788.876327	1.583199
68913.720023	1.659890
69038.563718	1.704296
69163.407414	1.715793
69288.251110	1.694828
69413.094805	1.642865
69537.938501	1.562282
69662.782197	1.456212
69787.625892	1.328346
69912.469588	1.182718
70037.313284	1.023466
70162.156979	0.854622
70287.000675	0.679919
70411.844371	0.502695
70536.688067	0.326031
70661.531762	0.154555
70786.375458	0.059345
70911.219154	0.203631
71036.062849	0.364511
71160.906545	0.521542
71285.750241	0.672390
71410.593936	0.815423
71535.437632	0.948766
71660.281328	1.070143
71785.125023	1.176922
71909.968719	1.266242
72034.812415	1.335202
72159.656111	1.381086
72284.499806	1.401579
72409.343502	1.394972
72534.187198	1.360330
72659.030893	1.297600
72783.874589	1.207675
72908.718285	1.092382
73033.561980	0.954422
73158.405676	0.797246
73283.249372	0.624903
73408.093067	0.441867
73532.936763	0.252973
73657.780459	0.065859
73782.624155	0.130498
73907.467850	0.310733
74032.311546	0.481980
74157.155242	0.640420
74281.998937	0.783602
74406.842633	0.909734
74531.686329	1.017558
74656.530024	1.106254
74781.373720	1.175358
74906.217416	1.224688
75031.061111	1.254288
75155.904807	1.264405
75280.748503	1.255477
75405.592199	1.228148
75530.435894	1.183291
75655.279590	1.122026
75780.123286	1.045730
75904.966981	0.956029
76029.810677	0.854772
76154.654373	0.743980
76279.498068	0.625774
76404.341764	0.502300
76529.185460	0.375644
76654.029155	0.247779
76778.872851	0.120699
76903.716547	0.017980
77028.560243	0.130465
77153.403938	0.249190
77278.247634	0.363856
77403.091330	0.473668
77527.935025	0.578020
77652.778721	0.676206
77777.622417	0.767295
77902.466112	0.850065
78027.309808	0.922995
78152.153504	0.984321
78276.997200	1.032135
78401.840895	1.064542
78526.684591	1.079823
78651.528287	1.076613
78776.371982	1.054058
78901.215678	1.011945
79026.059374	0.950800
79150.903069	0.871941
79275.746765	0.777527
79400.590461	0.670619
79525.434156	0.555409
79650.277852	0.437960
79775.121548	0.328612
79899.965244	0.248696
80024.808939	0.233729
80149.652635	0.290245
80274.496331	0.382046
80399.340026	0.483010
80524.183722	0.582198
80649.027418	0.675003
80773.871113	0.759368
80898.714809	0.834408
81023.558505	0.899808
81148.402200	0.955462
81273.245896	1.001232
81398.089592	1.036760
81522.933288	1.061348
81647.776983	1.073912
81772.620679	1.073010
81897.464375	1.056943
82022.308070	1.023925
82147.151766	0.972287
82271.995462	0.900717
82396.839157	0.808481
82521.682853	0.695615
82646.526549	0.563082
82771.370244	0.412841
82896.213940	0.247854
83021.057636	0.072012
83145.901332	0.110027
83270.745027	0.293054
83395.588723	0.471597
83520.432419	0.640226
83645.276114	0.793881
83770.119810	0.928184
83894.963506	1.039711
84019.807201	1.126203
84144.650897	1.186696
84269.494593	1.221547
84394.338288	1.232350
84519.181984	1.221742
84644.025680	1.193085
84768.869376	1.150068
84893.713071	1.096240
85018.556767	1.034558
85143.400463	0.967022
85268.244158	0.894492
85393.087854	0.816749
85517.931550	0.732806
85642.775245	0.641388
85767.618941	0.541530
85892.462637	0.433276
86017.306332	0.318955
86142.150028	0.207816
86266.993724	0.140336
86391.837420	0.192505
86516.681115	0.312963
86641.524811	0.448251
86766.368507	0.583181
86891.212202	0.710872
87016.055898	0.826552
87140.899594	0.926408
87265.743289	1.007364
87390.586985	1.067078
87515.430681	1.103987
87640.274376	1.117360
87765.118072	1.107324
87889.961768	1.074866
88014.805464	1.021794
88139.649159	0.950657
88264.492855	0.864621
88389.336551	0.767317
88514.180246	0.662656
88639.023942	0.554669
88763.867638	0.447439
88888.711333	0.345358
89013.555029	0.254338
89138.398725	0.185714
89263.242420	0.161191
89388.086116	0.191383
89512.929812	0.254134
89637.773508	0.329844
89762.617203	0.410668
89887.460899	0.493260
90012.304595	0.575312
90137.148290	0.654479
90261.991986	0.728156
90386.835682	0.793569
90511.679377	0.847969
90636.523073	0.888848
90761.366769	0.914127
90886.210464	0.922288
91011.054160	0.912463
91135.897856	0.884458
91260.741552	0.838741
91385.585247	0.776377
91510.428943	0.698950
91635.272639	0.608463
91760.116334	0.507249
91884.960030	0.397919
92009.803726	0.283488
92134.647421	0.168431
92259.491117	0.071321
92384.334813	0.104846
92509.178509	0.210871
92634.022204	0.319500
92758.865900	0.423034
92883.709596	0.518808
93008.553291	0.605058
93133.396987	0.680362
93258.240683	0.743512
93383.084378	0.793483
93507.928074	0.829437
93632.771770	0.850747
93757.615465	0.857036
93882.459161	0.848217
94007.302857	0.824533
94132.146553	0.786584
94256.990248	0.735344
94381.833944	0.672155
94506.677640	0.598697
94631.521335	0.516958
94756.365031	0.429191
94881.208727	0.337964
95006.052422	0.246501
95130.896118	0.160499
95255.739814	0.098412
95380.583509	0.108792
95505.427205	0.175258
95630.270901	0.253831
95755.114597	0.333185
95879.958292	0.410613
96004.801988	0.485247
96129.645684	0.556625
96254.489379	0.624212
96379.333075	0.687200
96504.176771	0.744428
96629.020466	0.794390
96753.864162	0.835319
96878.707858	0.865308
97003.551553	0.882465
97128.395249	0.885071
97253.238945	0.871737
97378.082641	0.841539
97502.926336	0.794131
97627.770032	0.729813
97752.613728	0.649572
97877.457423	0.555078
98002.301119	0.448641
98127.144815	0.333169
98251.988510	0.212246
98376.832206	0.091894
98501.675902	0.054011
98626.519597	0.163801
98751.363293	0.274988
98876.206989	0.377643
99001.050685	0.469179
99125.894380	0.548226
99250.738076	0.614244
99375.581772	0.667394
99500.425467	0.708401
99625.269163	0.738370
99750.112859	0.758554
99874.956554	0.770120
99999.800250	0.773935
100124.643946	0.770423
100249.487641	0.759516
100374.331337	0.740710
100499.175033	0.713204
100624.018729	0.676083
100748.862424	0.628517
100873.706120	0.569929
100998.549816	0.500128
101123.393511	0.419397
101248.237207	0.328562
101373.080903	0.229144
101497.924598	0.124354
101622.768294	0.041773
101747.611990	0.121042
101872.455685	0.235296
101997.299381	0.350211
102122.143077	0.461296
102246.986773	0.565531
102371.830468	0.660265
102496.674164	0.743118
102621.517860	0.812016
102746.361555	0.865243
102871.205251	0.901494
102996.048947	0.919919
103120.892642	0.920146
103245.736338	0.902295
103370.580034	0.866969
103495.423729	0.815232
103620.267425	0.748571
103745.111121	0.668843
103869.954817	0.578218
103994.798512	0.479105
104119.642208	0.374081
104244.485904	0.265811
104369.329599	0.156974
104494.173295	0.050342
104619.016991	0.053027
104743.860686	0.148814
104868.704382	0.236511
104993.548078	0.314570
105118.391773	0.382076
105243.235469	0.438645
105368.079165	0.484425
105492.922861	0.520083
105617.766556	0.546736
105742.610252	0.565850
105867.453948	0.579083
105992.297643	0.588084
106117.141339	0.594265
106241.985035	0.598584
106366.828730	0.601379
106491.672426	0.602296
106616.516122	0.600334
106741.359818	0.593982
106866.203513	0.581415
106991.047209	0.560711
107115.890905	0.530060
107240.734600	0.487942
107365.578296	0.433281
107490.421992	0.365584
107615.265687	0.285083
107740.109383	0.193025
107864.953079	0.093647
107989.796774	0.049642
108114.640470	0.152968
108239.484166	0.272021
108364.327862	0.391503
108489.171557	0.506497
108614.015253	0.612881
108738.858949	0.706902
108863.702644	0.785271
108988.546340	0.845309
109113.390036	0.885095
109238.233731	0.903558
109363.077427	0.900537
109487.921123	0.876773
109612.764818	0.833844
109737.608514	0.774048
109862.452210	0.700239
109987.295906	0.615626
110112.139601	0.523547
110236.983297	0.427249
110361.826993	0.329682
110486.670688	0.233366
110611.514384	0.140459
110736.358080	0.054792
110861.201775	0.045896
110986.045471	0.121534
111110.889167	0.197441
111235.732862	0.270353
111360.576558	0.340107
111485.420254	0.406537
111610.263950	0.469140
111735.107645	0.527030
111859.951341	0.579001
111984.795037	0.623639
112109.638732	0.659465
112234.482428	0.685071
112359.326124	0.699239
112484.169819	0.701040
112609.013515	0.689907
112733.857211	0.665680
112858.700906	0.628632
112983.544602	0.579477
113108.388298	0.519375
113233.231994	0.449941
113358.075689	0.373315
113482.919385	0.292440
113607.763081	0.212111
113732.606776	0.143294
113857.450472	0.115701
113982.294168	0.152418
114107.137863	0.219792
114231.981559	0.292706
114356.825255	0.362698
114481.668950	0.426233
114606.512646	0.481366
114731.356342	0.526853
114856.200038	0.561872
114981.043733	0.585899
115105.887429	0.598655
115230.731125	0.600070
115355.574820	0.590271
115480.418516	0.569569
115605.262212	0.538457
115730.105907	0.497605
115854.949603	0.447854
115979.793299	0.390216
116104.636994	0.325870
116229.480690	0.256199
116354.324386	0.182969
116479.168082	0.109366
116604.011777	0.050816
116728.855473	0.077488
116853.699169	0.148475
116978.542864	0.222983
117103.386560	0.295555
117228.230256	0.364274
117353.073951	0.427920
117477.917647	0.485561
117602.761343	0.536458
117727.605038	0.580024
117852.448734	0.615806
117977.292430	0.643451
118102.136126	0.662678
118226.979821	0.673241
118351.823517	0.674902
118476.667213	0.667412
118601.510908	0.650505
118726.354604	0.623927
118851.198300	0.587472
118976.041995	0.541056
119100.885691	0.484806
119225.729387	0.419174
119350.573083	0.345126
119475.416778	0.264563
119600.260474	0.181841
119725.104170	0.111897
119849.947865	0.107252
119974.791561	0.177894
120099.635257	0.269713
120224.478952	0.364181
120349.322648	0.455265
120474.166344	0.539558
120599.010039	0.614565
120723.853735	0.678344
120848.697431	0.729435
120973.541127	0.766852
121098.384822	0.790077
121223.228518	0.799056
121348.072214	0.794167
121472.915909	0.776181
121597.759605	0.746205
121722.603301	0.705616
121847.446996	0.655988
121972.290692	0.599017
122097.134388	0.536444
122221.978083	0.469984
122346.821779	0.401263
122471.665475	0.331766
122596.509171	0.262797
122721.352866	0.195465
122846.196562	0.130725
122971.040258	0.069694
123095.883953	0.019993
123220.727649	0.050006
123345.571345	0.099766
123470.415040	0.147077
123595.258736	0.191109
123720.102432	0.231788
123844.946127	0.269136
123969.789823	0.303164
124094.633519	0.333832
124219.477215	0.361044
124344.320910	0.384645
124469.164606	0.404430
124594.008302	0.420154
124718.851997	0.431551
124843.695693	0.438342
124968.539389	0.440257
125093.383084	0.437052
125218.226780	0.428522
125343.070476	0.414518
125467.914171	0.394960
125592.757867	0.369851
125717.601563	0.339288
125842.445259	0.303470
125967.288954	0.262714
126092.132650	0.217481
126216.976346	0.168451
126341.820041	0.116805
126466.663737	0.065929
126591.507433	0.038547
126716.351128	0.075623
126841.194824	0.131418
126966.038520	0.189359
127090.882215	0.246234
127215.725911	0.300281
127340.569607	0.349996
127465.413303	0.393937
127590.256998	0.430703
127715.100694	0.458957
127839.944390	0.477481
127964.788085	0.485228
128089.631781	0.481394
128214.475477	0.465485
128339.319172	0.437381
128464.162868	0.397404
128589.006564	0.346377
128713.850259	0.285719
128838.693955	0.217688
128963.537651	0.146383
129088.381347	0.084095
129213.225042	0.079123
129338.068738	0.138693
129462.912434	0.210874
129587.756129	0.280810
129712.599825	0.343759
129837.443521	0.397114
129962.287216	0.439242
130087.130912	0.469270
130211.974608	0.487049
130336.818303	0.493118
130461.661999	0.488658
130586.505695	0.475389
130711.349391	0.455427
130836.193086	0.431071
130961.036782	0.404549
131085.880478	0.377716
131210.724173	0.351783
131335.567869	0.327144
131460.411565	0.303393
131585.255260	0.279561
131710.098956	0.254505
131834.942652	0.227330
131959.786347	0.197801
132084.630043	0.166783
132209.473739	0.136974
132334.317435	0.114206
132459.161130	0.107542
132584.004826	0.121816
132708.848522	0.151148
132833.692217	0.187080
132958.535913	0.224078
133083.379609	0.258910
133208.223304	0.289574
133333.067000	0.314789
133457.910696	0.333769
133582.754392	0.346128
133707.598087	0.351824
133832.441783	0.351118
133957.285479	0.344523
134082.129174	0.332744
134206.972870	0.316600
134331.816566	0.296920
134456.660261	0.274429
134581.503957	0.249637
134706.347653	0.222774
134831.191348	0.193791
134956.035044	0.162520
135080.878740	0.129081
135205.722436	0.095087
135330.566131	0.068011
135455.409827	0.069058
135580.253523	0.104536
135705.097218	0.156102
135829.940914	0.214049
135954.784610	0.274106
136079.628305	0.333287
136204.472001	0.388935
136329.315697	0.438562
136454.159392	0.479908
136579.003088	0.511045
136703.846784	0.530492
136828.690480	0.537311
136953.534175	0.531179
137078.377871	0.512417
137203.221567	0.482001
137328.065262	0.441535
137452.908958	0.393217
137577.752654	0.339833
137702.596349	0.284817
137827.440045	0.232516
137952.283741	0.188703
138077.127436	0.160705
138201.971132	0.154242
138326.814828	0.167196
138451.658524	0.191229
138576.502219	0.219224
138701.345915	0.247565
138826.189611	0.275049
138951.033306	0.301690
139075.877002	0.327910
139200.720698	0.354002
139325.564393	0.379820
139450.408089	0.404651
139575.251785	0.427262
139700.095480	0.446049
139824.939176	0.459235
139949.782872	0.465065
140074.626568	0.461974
140199.470263	0.448734
140324.313959	0.424555
140449.157655	0.389170
140574.001350	0.342900
140698.845046	0.286706
140823.688742	0.222296
140948.532437	0.152563
141073.376133	0.084451
141198.219829	0.055306
141323.063524	0.106957
141447.907220	0.175558
141572.750916	0.240986
141697.594612	0.298112
141822.438307	0.344061
141947.282003	0.376934
142072.125699	0.395656
142196.969394	0.400011
142321.813090	0.390697
142446.656786	0.369401
142571.500481	0.338883
142696.344177	0.303115
142821.187873	0.267435
142946.031568	0.238429
143070.875264	0.222532
143195.718960	0.222619
143320.562656	0.235516
143445.406351	0.254271
143570.250047	0.272114
143695.093743	0.284192
143819.937438	0.287584
143944.781134	0.280910
144069.624830	0.264028
144194.468525	0.237869
144319.312221	0.204492
144444.155917	0.167578
144568.999612	0.133967
144693.843308	0.116105
144818.687004	0.126322
144943.530700	0.160345
145068.374395	0.205219
145193.218091	0.252375
145318.061787	0.297176
145442.905482	0.336842
145567.749178	0.369542
145692.592874	0.394083
145817.436569	0.409835
145942.280265	0.416751
146067.123961	0.415420
146191.967656	0.407113
146316.811352	0.393783
146441.655048	0.377952
146566.498744	0.362402
146691.342439	0.349614
146816.186135	0.341024
146941.029831	0.336430
147065.873526	0.333924
147190.717222	0.330461
147315.560918	0.322703
147440.404613	0.307772
147565.248309	0.283755
147690.092005	0.250059
147814.935701	0.207861
147939.779396	0.161311
148064.623092	0.121533
148189.466788	0.112735
148314.310483	0.147456
148439.154179	0.204613
148563.997875	0.266446
148688.841570	0.324417
148813.685266	0.373675
148938.528962	0.411074
149063.372657	0.434642
149188.216353	0.443442
149313.060049	0.437520
149437.903745	0.417850
149562.747440	0.386242
149687.591136	0.345243
149812.434832	0.298019
149937.278527	0.248298
150062.122223	0.200430
150186.965919	0.159616
150311.809614	0.131837
150436.653310	0.121402
150561.497006	0.126113
150686.340701	0.138535
150811.184397	0.152371
150936.028093	0.164548
151060.871789	0.174207
151185.715484	0.181589
151310.559180	0.187327
151435.402876	0.192070
151560.246571	0.196359
151685.090267	0.200719
151809.933963	0.205852
151934.777658	0.212763
152059.621354	0.222670
152184.465050	0.236626
152309.308745	0.255007
152434.152441	0.277159
152558.996137	0.301386
152683.839833	0.325248
152808.683528	0.345943
152933.527224	0.360667
153058.370920	0.366904
153183.214615	0.362636
153308.058311	0.346521
153432.902007	0.318012
153557.745702	0.277467
153682.589398	0.226287
153807.433094	0.167356
153932.276789	0.107260
154057.120485	0.069908
154181.964181	0.098818
154306.807877	0.160635
154431.651572	0.225263
154556.495268	0.284260
154681.338964	0.333745
154806.182659	0.371368
154931.026355	0.395783
155055.870051	0.406526
155180.713746	0.403950
155305.557442	0.389144
155430.401138	0.363817
155555.244833	0.330150
155680.088529	0.290619
155804.932225	0.247809
155929.775921	0.204229
156054.619616	0.162141
156179.463312	0.123411
156304.307008	0.089406
156429.150703	0.060923
156553.994399	0.038160
156678.838095	0.020723
156803.681790	0.007752
156928.525486	0.003967
157053.369182	0.012912
157178.212877	0.023215
157303.056573	0.035804
157427.900269	0.051546
157552.743965	0.070939
157677.587660	0.094117
157802.431356	0.120835
157927.275052	0.150442
158052.118747	0.181882
158176.962443	0.213750
158301.806139	0.244377
158426.649834	0.271948
158551.493530	0.294633
158676.337226	0.310725
158801.180921	0.318758
158926.024617	0.317620
159050.868313	0.306627
159175.712009	0.285579
159300.555704	0.254784
159425.399400	0.215060
159550.243096	0.167759
159675.086791	0.114964
159799.930487	0.061203
159924.774183	0.036209
160049.617878	0.081055
160174.461574	0.138458
160299.305270	0.194471
160424.148965	0.245927
160548.992661	0.290984
160673.836357	0.328342
160798.680053	0.357119
160923.523748	0.376827
161048.367444	0.387360
161173.211140	0.388970
161298.054835	0.382234
161422.898531	0.368012
161547.742227	0.347384
161672.585922	0.321593
161797.429618	0.291979
161922.273314	0.259925
162047.117010	0.226828
162171.960705	0.194099
162296.804401	0.163242
162421.648097	0.136026
162546.491792	0.114732
162671.335488	0.102105
162796.179184	0.100164
162921.022879	0.108327
163045.866575	0.123787
163170.710271	0.143708
163295.553966	0.166229
163420.397662	0.190284
163545.241358	0.215199
163670.085054	0.240398
163794.928749	0.265240
163919.772445	0.288931
164044.616141	0.310515
164169.459836	0.328913
164294.303532	0.342997
164419.147228	0.351694
164543.990923	0.354093
164668.834619	0.349554
164793.678315	0.337799
164918.522010	0.318982
165043.365706	0.293741
165168.209402	0.263229
165293.053098	0.229153
165417.896793	0.193866
165542.740489	0.160579
165667.584185	0.133647
165792.427880	0.118184
165917.271576	0.117148
166042.115272	0.127898
166166.958967	0.144539
166291.802663	0.162233
166416.646359	0.178172
166541.490054	0.190938
166666.333750	0.199878
166791.177446	0.204764
166916.021142	0.205648
167040.864837	0.202882
167165.708533	0.197249
167290.552229	0.190168
167415.395924	0.183859
167540.239620	0.181196
167665.083316	0.184919
167789.927011	0.196296
167914.770707	0.214303
168039.614403	0.236075
168164.458098	0.257981
168289.301794	0.276455
168414.145490	0.288393
168538.989186	0.291331
168663.832881	0.283539
168788.676577	0.264077
168913.520273	0.232829
169038.363968	0.190495
169163.207664	0.138597
169288.051360	0.079722
169412.895055	0.024269
169537.738751	0.060574
169662.582447	0.126096
169787.426142	0.189939
169912.269838	0.248475
170037.113534	0.299437
170161.957230	0.341259
170286.800925	0.373041
170411.644621	0.394530
170536.488317	0.406081
170661.332012	0.408547
170786.175708	0.403152
170911.019404	0.391317
171035.863099	0.374486
171160.706795	0.353964
171285.550491	0.330795
171410.394186	0.305712
171535.237882	0.279165
171660.081578	0.251444
171784.925274	0.222882
171909.768969	0.194152
172034.612665	0.166675
172159.456361	0.143178
172284.300056	0.128048
172409.143752	0.125935
172533.987448	0.137798
172658.831143	0.159605
172783.674839	0.185859
172908.518535	0.212096
173033.362230	0.235085
173158.205926	0.252475
173283.049622	0.262572
173407.893318	0.264266
173532.737013	0.257035
173657.580709	0.240981
173782.424405	0.216871
173907.268100	0.186178
174032.111796	0.151182
174156.955492	0.115284
174281.799187	0.084009
174406.642883	0.066612
174531.486579	0.069797
174656.330274	0.084595
174781.173970	0.098997
174906.017666	0.107056
175030.861362	0.106464
175155.705057	0.096912
175280.548753	0.079974
175405.392449	0.060798
175530.236144	0.053514
175655.079840	0.072581
175779.923536	0.108266
175904.767231	0.149262
176029.610927	0.190371
176154.454623	0.228768
176279.298319	0.262698
176404.142014	0.291114
176528.985710	0.313508
176653.829406	0.329766
176778.673101	0.339991
176903.516797	0.344340
177028.360493	0.342898
177153.204188	0.335630
177278.047884	0.322432
177402.891580	0.303268
177527.735275	0.278371
177652.578971	0.248462
177777.422667	0.214988
177902.266363	0.180386
178027.110058	0.148388
178151.953754	0.124091
178276.797450	0.112304
178401.641145	0.113075
178526.484841	0.120299
178651.328537	0.126813
178776.172232	0.128055
178901.015928	0.122517
179025.859624	0.111904
179150.703319	0.102224
179275.547015	0.103943
179400.390711	0.124407
179525.234407	0.159968
179650.078102	0.202512
179774.921798	0.245360
179899.765494	0.283628
180024.609189	0.313731
180149.452885	0.333185
180274.296581	0.340593
180399.140276	0.335679
180523.983972	0.319333
180648.827668	0.293638
180773.671363	0.261927
180898.515059	0.228878
181023.358755	0.200488
181148.202451	0.183126
181273.046146	0.180542
181397.889842	0.190843
181522.733538	0.208174
181647.577233	0.226894
181772.420929	0.243512
181897.264625	0.256604
182022.108320	0.266208
182146.952016	0.273197
182271.795712	0.278691
182396.639407	0.283531
182521.483103	0.287913
182646.326799	0.291283
182771.170495	0.292494
182896.014190	0.290115
183020.857886	0.282754
183145.701582	0.269309
183270.545277	0.249109
183395.388973	0.221966
183520.232669	0.188167
183645.076364	0.148435
183769.920060	0.103877
183894.763756	0.055997
184019.607451	0.009498
184144.451147	0.045252
184269.294843	0.093091
184394.138539	0.137359
184518.982234	0.175962
184643.825930	0.207107
184768.669626	0.229283
184893.513321	0.241366
185018.357017	0.242736
185143.200713	0.233396
185268.044408	0.214111
185392.888104	0.186618
185517.731800	0.154095
185642.575495	0.122402
185767.419191	0.102395
185892.262887	0.106617
186017.106583	0.133061
186141.950278	0.169025
186266.793974	0.205629
186391.637670	0.238390
186516.481365	0.265129
186641.325061	0.284989
186766.168757	0.297999
186891.012452	0.304788
187015.856148	0.306309
187140.699844	0.303572
187265.543539	0.297400
187390.387235	0.288280
187515.230931	0.276363
187640.074627	0.261592
187764.918322	0.243949
187889.762018	0.223709
188014.605714	0.201662
188139.449409	0.179222
188264.293105	0.158354
188389.136801	0.141169
188513.980496	0.129077
188638.824192	0.121786
188763.667888	0.117112
188888.511583	0.112020
189013.355279	0.103959
189138.198975	0.091689
189263.042671	0.075818
189387.886366	0.059861
189512.730062	0.052251
189637.573758	0.061142
189762.417453	0.081362
189887.261149	0.103688
190012.104845	0.122473
190136.948540	0.134332
190261.792236	0.137137
190386.635932	0.129744
190511.479628	0.111932
190636.323323	0.084373
190761.167019	0.048625
190886.010715	0.009493
191010.854410	0.040921
191135.698106	0.087481
191260.541802	0.132500
191385.385497	0.173305
191510.229193	0.207898
191635.072889	0.234997
191759.916584	0.254134
191884.760280	0.265659
192009.603976	0.270644
192134.447672	0.270631
192259.291367	0.267255
192384.135063	0.261792
192508.978759	0.254768
192633.822454	0.245811
192758.666150	0.233827
192883.509846	0.217436
193008.353541	0.195487
193133.197237	0.167543
193258.040933	0.134366
193382.884628	0.098918
193507.728324	0.069860
193632.572020	0.066968
193757.415716	0.094202
193882.259411	0.131451
194007.103107	0.167303
194131.946803	0.196787
194256.790498	0.217182
194381.634194	0.226988
194506.477890	0.225685
194631.321585	0.213654
194756.165281	0.192087
194881.008977	0.162884
195005.852672	0.128520
195130.696368	0.091970
195255.540064	0.056986
195380.383760	0.030863
195505.227455	0.030607
195630.071151	0.046424
195754.914847	0.059384
195879.758542	0.065290
196004.602238	0.063746
196129.445934	0.055974
196254.289629	0.045076
196379.133325	0.037802
196503.977021	0.042900
196628.820716	0.058630
196753.664412	0.077352
196878.508108	0.094379
197003.351804	0.107186
197128.195499	0.114396
197253.039195	0.115511
197377.882891	0.110925
197502.726586	0.102085
197627.570282	0.091831
197752.413978	0.084702
197877.257673	0.085778
198002.101369	0.096907
198126.945065	0.115242
198251.788760	0.136546
198376.632456	0.157556
198501.476152	0.176254
198626.319848	0.191632
198751.163543	0.203515
198876.007239	0.212419
199000.850935	0.219378
199125.694630	0.225652
199250.538326	0.232346
199375.382022	0.239998
199500.225717	0.248329
199625.069413	0.256250
199749.913109	0.262105
199874.756804	0.264035
199999.600500	0.260302
200124.444196	0.249547
200249.287892	0.230959
200374.131587	0.204379
200498.975283	0.170397
200623.818979	0.130531
200748.662674	0.088084
200873.506370	0.053399
200998.350066	0.057469
201123.193761	0.096020
201248.037457	0.140735
201372.881153	0.183099
201497.724848	0.220026
201622.568544	0.249907
201747.412240	0.271941
201872.255936	0.285979
201997.099631	0.292423
202121.943327	0.292127
202246.787023	0.286264
202371.630718	0.276160
202496.474414	0.263125
202621.318110	0.248291
202746.161805	0.232498
202871.005501	0.216244
202995.849197	0.199721
203120.692892	0.182914
203245.536588	0.165744
203370.380284	0.148198
203495.223980	0.130471
203620.067675	0.113138
203744.911371	0.097457
203869.755067	0.085812
203994.598762	0.081739
204119.442458	0.088021
204244.286154	0.104045
204369.129849	0.126743
204493.973545	0.152983
204618.817241	0.180234
204743.660937	0.206382
204868.504632	0.229555
204993.348328	0.248094
205118.192024	0.260617
205243.035719	0.266131
205367.879415	0.264148
205492.723111	0.254810
205617.566806	0.238997
205742.410502	0.218448
205867.254198	0.195884
205992.097893	0.175061
206116.941589	0.160376
206241.785285	0.155329
206366.628981	0.160235
206491.472676	0.171848
206616.316372	0.185608
206741.160068	0.197688
206866.003763	0.205599
206990.847459	0.208091
207115.691155	0.204901
207240.534850	0.196538
207365.378546	0.184102
207490.222242	0.169112
207615.065937	0.153338
207739.909633	0.138608
207864.753329	0.126535
207989.597025	0.118165
208114.440720	0.113650
208239.284416	0.112216
208364.128112	0.112510
208488.971807	0.113066
208613.815503	0.112599
208738.659199	0.110112
208863.502894	0.104926
208988.346590	0.096751
209113.190286	0.085864
209238.033981	0.073525
209362.877677	0.062794
209487.721373	0.059094
209612.565069	0.066733
209737.408764	0.083547
209862.252460	0.104300
209987.096156	0.124846
210111.939851	0.142319
210236.783547	0.154671
210361.627243	0.160473
210486.470938	0.158887
210611.314634	0.149681
210736.158330	0.133236
210861.002025	0.110532
210985.845721	0.083134
211110.689417	0.053313
211235.533113	0.025797
211360.376808	0.023037
211485.220504	0.045559
211610.064200	0.067552
211734.907895	0.084372
211859.751591	0.094815
211984.595287	0.098755
212109.438982	0.096938
212234.282678	0.090986
212359.126374	0.083390
212483.970069	0.077255
212608.813765	0.075287
212733.657461	0.078141
212858.501157	0.084085
212983.344852	0.090696
213108.188548	0.096494
213233.032244	0.101574
213357.875939	0.107590
213482.719635	0.117095
213607.563331	0.132153
213732.407026	0.153067
213857.250722	0.178304
213982.094418	0.205305
214106.938113	0.231271
214231.781809	0.253602
214356.625505	0.270134
214481.469201	0.279259
214606.312896	0.280013
214731.156592	0.272114
214856.000288	0.255966
214980.843983	0.232628
215105.687679	0.203774
215230.531375	0.171669
215355.375070	0.139245
215480.218766	0.110372
215605.062462	0.090129
215729.906157	0.083150
215854.749853	0.088610
215979.593549	0.100280
216104.437245	0.112626
216229.280940	0.122833
216354.124636	0.129919
216478.968332	0.133861
216603.812027	0.135090
216728.655723	0.134204
216853.499419	0.131812
216978.343114	0.128520
217103.186810	0.125021
217228.030506	0.122252
217352.874201	0.121486
217477.717897	0.124178
217602.561593	0.131466
217727.405289	0.143608
217852.248984	0.159809
217977.092680	0.178540
218101.936376	0.197985
218226.780071	0.216362
218351.623767	0.232109
218476.467463	0.243972
218601.311158	0.251063
218726.154854	0.252891
218850.998550	0.249363
218975.842246	0.240771
219100.685941	0.227749
219225.529637	0.211211
219350.373333	0.192271
219475.217028	0.172150
219600.060724	0.152070
219724.904420	0.133148
219849.748115	0.116287
219974.591811	0.102096
220099.435507	0.090851
220224.279202	0.082554
220349.122898	0.077053
220473.966594	0.074169
220598.810290	0.073700
220723.653985	0.075320
220848.497681	0.078464
220973.341377	0.082333
221098.185072	0.086013
221223.028768	0.088621
221347.872464	0.089426
221472.716159	0.087946
221597.559855	0.084015
221722.403551	0.077858
221847.247246	0.070216
221972.090942	0.062527
222096.934638	0.057113
222221.778334	0.056710
222346.622029	0.062682
222471.465725	0.073925
222596.309421	0.088280
222721.153116	0.103967
222845.996812	0.119831
222970.840508	0.135185
223095.684203	0.149643
223220.527899	0.163008
223345.371595	0.175186
223470.215290	0.186140
223595.058986	0.195855
223719.902682	0.204338
223844.746378	0.211628
223969.590073	0.217820
224094.433769	0.223085
224219.277465	0.227667
224344.121160	0.231862
224468.964856	0.235962
224593.808552	0.240191
224718.652247	0.244635
224843.495943	0.249202
224968.339639	0.253623
225093.183334	0.257497
225218.027030	0.260362
225342.870726	0.261782
225467.714422	0.261416
225592.558117	0.259073
225717.401813	0.254732
225842.245509	0.248547
225967.089204	0.240815
226091.932900	0.231944
226216.776596	0.222406
226341.620291	0.212699
226466.463987	0.203320
226591.307683	0.194761
226716.151378	0.187515
226840.995074	0.182079
226965.838770	0.178937
227090.682466	0.178496
227215.526161	0.180973
227340.369857	0.186290
227465.213553	0.194006
227590.057248	0.203342
227714.900944	0.213256
227839.744640	0.222548
227964.588335	0.229964
228089.432031	0.234278
228214.275727	0.234367
228339.119422	0.229280
228463.963118	0.218305
228588.806814	0.201047
228713.650510	0.177521
228838.494205	0.148305
228963.337901	0.114935
229088.181597	0.081343
229213.025292	0.059495
229337.868988	0.070188
229462.712684	0.105531
229587.556379	0.147737
229712.400075	0.189604
229837.243771	0.227828
229962.087466	0.260372
230086.931162	0.285897
230211.774858	0.303658
230336.618554	0.313500
230461.462249	0.315852
230586.305945	0.311695
230711.149641	0.302476
230835.993336	0.289955
230960.837032	0.275969
231085.680728	0.262122
231210.524423	0.249455
231335.368119	0.238215
231460.211815	0.227850
231585.055511	0.217262
231709.899206	0.205220
231834.742902	0.190774
231959.586598	0.173578
232084.430293	0.154164
232209.273989	0.134236
232334.117685	0.117066
232458.961380	0.107476
232583.805076	0.109661
232708.648772	0.123317
232833.492467	0.144015
232958.336163	0.166927
233083.179859	0.188458
233208.023555	0.206122
233332.867250	0.218195
233457.710946	0.223533
233582.554642	0.221536
233707.398337	0.212218
233832.242033	0.196409
233957.085729	0.176167
234081.929424	0.155524
234206.773120	0.141329
234331.616816	0.141912
234456.460511	0.160816
234581.304207	0.193518
234706.147903	0.232766
234830.991599	0.272690
234955.835294	0.309196
235080.678990	0.339545
235205.522686	0.362112
235330.366381	0.376326
235455.210077	0.382666
235580.053773	0.382617
235704.897468	0.378504
235829.741164	0.373107
235954.584860	0.369022
236079.428555	0.367861
236204.272251	0.369640
236329.115947	0.372703
236453.959643	0.374250
236578.803338	0.371144
236703.647034	0.360630
236828.490730	0.340816
236953.334425	0.310936
237078.178121	0.271471
237203.021817	0.224257
237327.865512	0.172836
237452.709208	0.123866
237577.552904	0.091578
237702.396599	0.095173
237827.240295	0.125615
237952.083991	0.160477
238076.927687	0.188876
238201.771382	0.206275
238326.615078	0.210747
238451.458774	0.201887
238576.302469	0.180467
238701.146165	0.148295
238825.989861	0.108303
238950.833556	0.065860
239075.677252	0.040085
239200.520948	0.064706
239325.364643	0.107326
239450.208339	0.148542
239575.052035	0.183698
239699.895731	0.210830
239824.739426	0.229095
239949.583122	0.238453
240074.426818	0.239505
240199.270513	0.233339
240324.114209	0.221352
240448.957905	0.205068
240573.801600	0.185950
240698.645296	0.165266
240823.488992	0.144012
240948.332687	0.122938
241073.176383	0.102684
241198.020079	0.084046
241322.863775	0.068340
241447.707470	0.057692
241572.551166	0.054268
241697.394862	0.057841
241822.238557	0.065344
241947.082253	0.073496
242071.925949	0.080170
242196.769644	0.084303
242321.613340	0.085642
242446.457036	0.084669
242571.300731	0.082610
242696.144427	0.081409
242820.988123	0.083374
242945.831819	0.090266
243070.675514	0.102441
243195.519210	0.118984
243320.362906	0.138496
243445.206601	0.159634
243570.050297	0.181256
243694.893993	0.202378
243819.737688	0.222096
243944.581384	0.239546
244069.425080	0.253886
244194.268775	0.264325
244319.112471	0.270171
244443.956167	0.270891
244568.799863	0.266178
244693.643558	0.255993
244818.487254	0.240595
244943.330950	0.220539
245068.174645	0.196648
245193.018341	0.169956
245317.862037	0.141643
245442.705732	0.112958
245567.549428	0.085187
245692.393124	0.059778
245817.236820	0.039110
245942.080515	0.029068
246066.924211	0.035220
246191.767907	0.050209
246316.611602	0.067972
246441.455298	0.087179
246566.298994	0.107756
246691.142689	0.129698
246815.986385	0.152751
246940.830081	0.176354
247065.673776	0.199681
247190.517472	0.221711
247315.361168	0.241310
247440.204864	0.257310
247565.048559	0.268578
247689.892255	0.274102
247814.735951	0.273059
247939.579646	0.264891
248064.423342	0.249366
248189.267038	0.226627
248314.110733	0.197215
248438.954429	0.162070
248563.798125	0.122500
248688.641820	0.080133
248813.485516	0.036950
248938.329212	0.009114
249063.172908	0.046682
249188.016603	0.081974
249312.860299	0.111547
249437.703995	0.134271
249562.547690	0.149550
249687.391386	0.157300
249812.235082	0.157938
249937.078777	0.152330
250061.922473	0.141701
250186.766169	0.127507
250311.609864	0.111267
250436.453560	0.094378
250561.297256	0.077931
250686.140952	0.062579
250810.984647	0.048576
250935.828343	0.036156
251060.672039	0.026606
251185.515734	0.023887
251310.359430	0.030464
251435.203126	0.042077
251560.046821	0.054628
251684.890517	0.065797
251809.734213	0.073977
251934.577908	0.077936
252059.421604	0.076806
252184.265300	0.070123
252309.108996	0.057874
252433.952691	0.040506
252558.796387	0.018945
252683.640083	0.006720
252808.483778	0.032576
252933.327474	0.058985
253058.171170	0.083963
253183.014865	0.106100
253307.858561	0.124291
253432.702257	0.137819
253557.545952	0.146414
253682.389648	0.150272
253807.233344	0.150023
253932.077040	0.146626
254056.920735	0.141205
254181.764431	0.134804
254306.608127	0.128133
254431.451822	0.121375
254556.295518	0.114174
254681.139214	0.105839
254805.982909	0.095686
254930.826605	0.083443
255055.670301	0.069787
255180.513996	0.057337
255305.357692	0.052057
255430.201388	0.060026
255555.045084	0.079251
255679.888779	0.103941
255804.732475	0.130095
255929.576171	0.155218
256054.419866	0.177525
256179.263562	0.195627
256304.107258	0.208436
256428.950953	0.215156
256553.794649	0.215293
256678.638345	0.208689
256803.482040	0.195548
256928.325736	0.176477
257053.169432	0.152528
257178.013128	0.125309
257302.856823	0.097258
257427.700519	0.072458
257552.544215	0.058054
257677.387910	0.060423
257802.231606	0.074359
257927.075302	0.090626
258051.918997	0.104440
258176.762693	0.114195
258301.606389	0.120078
258426.450084	0.123575
258551.293780	0.127090
258676.137476	0.133170
258800.981172	0.143343
258925.824867	0.157295
259050.668563	0.173101
259175.512259	0.188103
259300.355954	0.199695
259425.199650	0.205764
259550.043346	0.204897
259674.887041	0.196483
259799.730737	0.180750
259924.574433	0.158770
260049.418129	0.132482
260174.261824	0.104811
260299.105520	0.080058
260423.949216	0.064267
260548.792911	0.061937
260673.636607	0.069024
260798.480303	0.077460
260923.323998	0.082502
261048.167694	0.082902
261173.011390	0.079968
261297.855085	0.077240
261422.698781	0.079458
261547.542477	0.089326
261672.386173	0.105161
261797.229868	0.122894
261922.073564	0.138630
262046.917260	0.149492
262171.760955	0.153743
262296.604651	0.150856
262421.448347	0.141686
262546.292042	0.128786
262671.135738	0.116761
262795.979434	0.111735
262920.823129	0.117926
263045.666825	0.133696
263170.510521	0.153391
263295.354217	0.171451
263420.197912	0.183900
263545.041608	0.188340
263669.885304	0.183804
263794.728999	0.170742
263919.572695	0.151219
264044.416391	0.129456
264169.260086	0.112657
264294.103782	0.109733
264418.947478	0.123808
264543.791173	0.148682
264668.634869	0.176459
264793.478565	0.201962
264918.322261	0.222512
265043.165956	0.237186
265168.009652	0.246361
265292.853348	0.251331
265417.697043	0.253842
265542.540739	0.255500
265667.384435	0.257166
265792.228130	0.258580
265917.071826	0.258425
266041.915522	0.254746
266166.759217	0.245529
266291.602913	0.229184
266416.446609	0.204852
266541.290305	0.172571
266666.134000	0.133365
266790.977696	0.089569
266915.821392	0.047620
267040.665087	0.039927
267165.508783	0.078131
267290.352479	0.122117
267415.196174	0.162377
267540.039870	0.196066
267664.883566	0.221783
267789.727261	0.238966
267914.570957	0.247724
268039.414653	0.248711
268164.258349	0.242964
268289.102044	0.231717
268413.945740	0.216229
268538.789436	0.197658
268663.633131	0.177039
268788.476827	0.155433
268913.320523	0.134291
269038.164218	0.116048
269163.007914	0.104612
269287.851610	0.104215
269412.695305	0.115784
269537.539001	0.135763
269662.382697	0.159318
269787.226393	0.182525
269912.070088	0.202570
270036.913784	0.217504
270161.757480	0.226088
270286.601175	0.227737
270411.444871	0.222493
270536.288567	0.210987
270661.132262	0.194383
270785.975958	0.174292
270910.819654	0.152656
271035.663349	0.131593
271160.507045	0.113147
271285.350741	0.098852
271410.194437	0.089154
271535.038132	0.083105
271659.881828	0.078848
271784.725524	0.074564
271909.569219	0.069102
272034.412915	0.062088
272159.256611	0.053787
272284.100306	0.044948
272408.944002	0.036791
272533.787698	0.031206
272658.631393	0.030581
272783.475089	0.035943
272908.318785	0.046086
273033.162481	0.059527
273158.006176	0.075315
273282.849872	0.092707
273407.693568	0.110894
273532.537263	0.128931
273657.380959	0.145771
273782.224655	0.160347
273907.068350	0.171661
274031.912046	0.178867
274156.755742	0.181346
274281.599438	0.178757
274406.443133	0.171079
274531.286829	0.158641
274656.130525	0.142154
274780.974220	0.122769
274905.817916	0.102222
275030.661612	0.083144
275155.505307	0.069448
275280.349003	0.065319
275405.192699	0.071081
275530.036394	0.082222
275654.880090	0.093991
275779.723786	0.103438
275904.567482	0.108994
276029.411177	0.109942
276154.254873	0.106154
276279.098569	0.097954
276403.942264	0.086059
276528.785960	0.071569
276653.629656	0.056116
276778.473351	0.042441
276903.317047	0.035482
277028.160743	0.039536
277153.004438	0.051397
277277.848134	0.065951
277402.691830	0.080637
277527.535526	0.094304
277652.379221	0.106270
277777.222917	0.115966
277902.066613	0.122848
278026.910308	0.126476
278151.754004	0.126732
278276.597700	0.124214
278401.441395	0.120778
278526.285091	0.120039
278651.128787	0.126854
278775.972482	0.144789
278900.816178	0.173728
279025.659874	0.210649
279150.503570	0.251622
279275.347265	0.292813
279400.190961	0.330727
279525.034657	0.362274
279649.878352	0.384857
279774.722048	0.396489
279899.565744	0.395908
280024.409439	0.382677
280149.253135	0.357245
280274.096831	0.320980
280398.940526	0.276182
280523.784222	0.226165
280648.627918	0.175590
280773.471614	0.131520
280898.315309	0.104960
281023.159005	0.104939
281148.002701	0.123532
281272.846396	0.145960
281397.690092	0.164065
281522.533788	0.175001
281647.377483	0.178794
281772.221179	0.177300
281897.064875	0.173605
282021.908570	0.171208
282146.752266	0.172710
282271.595962	0.178514
282396.439658	0.186643
282521.283353	0.193807
282646.127049	0.196690
282770.970745	0.192709
282895.814440	0.180309
283020.658136	0.158998
283145.501832	0.129299
283270.345527	0.092702
283395.189223	0.052066
283520.032919	0.020737
283644.876614	0.048033
283769.720310	0.089185
283894.564006	0.127084
284019.407702	0.158659
284144.251397	0.182313
284269.095093	0.197327
284393.938789	0.203824
284518.782484	0.202762
284643.626180	0.195872
284768.469876	0.185509
284893.313571	0.174348
285018.157267	0.164832
285143.000963	0.158429
285267.844658	0.155082
285392.688354	0.153348
285517.532050	0.151207
285642.375746	0.146968
285767.219441	0.139843
285892.063137	0.130210
286016.906833	0.119683
286141.750528	0.110919
286266.594224	0.106772
286391.437920	0.108598
286516.281615	0.115055
286641.125311	0.122945
286765.969007	0.128928
286890.812702	0.130488
287015.656398	0.126210
287140.500094	0.115865
287265.343790	0.100654
287390.187485	0.083927
287515.031181	0.072560
287639.874877	0.075380
287764.718572	0.093176
287889.562268	0.118286
288014.405964	0.143875
288139.249659	0.165688
288264.093355	0.181055
288388.937051	0.188333
288513.780747	0.186718
288638.624442	0.176170
288763.468138	0.157354
288888.311834	0.131565
289013.155529	0.100646
289137.999225	0.067005
289262.842921	0.034526
289387.686616	0.020672
289512.530312	0.042410
289637.374008	0.067062
289762.217703	0.087004
289887.061399	0.100952
290011.905095	0.108956
290136.748791	0.111974
290261.592486	0.111780
290386.436182	0.110793
290511.279878	0.111618
290636.123573	0.116206
290760.967269	0.125087
290885.810965	0.137420
291010.654660	0.151736
291135.498356	0.166626
291260.342052	0.181020
291385.185747	0.194155
291510.029443	0.205415
291634.873139	0.214179
291759.716835	0.219730
291884.560530	0.221268
292009.404226	0.218019
292134.247922	0.209421
292259.091617	0.195362
292383.935313	0.176474
292508.779009	0.154522
292633.622704	0.132966
292758.466400	0.117415
292883.310096	0.114068
293008.153791	0.124394
293132.997487	0.143087
293257.841183	0.163081
293382.684879	0.178970
293507.528574	0.187221
293632.372270	0.185780
293757.215966	0.173870
293882.059661	0.152003
294006.903357	0.122297
294131.747053	0.089833
294256.590748	0.067648
294381.434444	0.076409
294506.278140	0.109607
294631.121835	0.148103
294755.965531	0.182614
294880.809227	0.208491
295005.652923	0.222934
295130.496618	0.224344
295255.340314	0.212178
295380.184010	0.186904
295505.027705	0.149996
295629.871401	0.104105
295754.715097	0.055020
295879.558792	0.037107
296004.402488	0.083083
296129.246184	0.138249
296254.089879	0.190111
296378.933575	0.234911
296503.777271	0.270344
296628.620967	0.294935
296753.464662	0.307927
296878.308358	0.309224
297003.152054	0.299327
297127.995749	0.279256
297252.839445	0.250498
297377.683141	0.215009
297502.526836	0.175403
297627.370532	0.135636
297752.214228	0.102979
297877.057923	0.090324
298001.901619	0.105038
298126.745315	0.135700
298251.589011	0.169724
298376.432706	0.200593
298501.276402	0.224870
298626.120098	0.240523
298750.963793	0.246418
298875.807489	0.242239
299000.651185	0.228573
299125.494880	0.207110
299250.338576	0.181042
299375.182272	0.155741
299500.025967	0.139187
299624.869663	0.139130
299749.713359	0.155883
299874.557055	0.181930
299999.400750	0.209013
300124.244446	0.231300
300249.088142	0.245111
300373.931837	0.248310
300498.775533	0.239966
300623.619229	0.220182
300748.462924	0.189989
300873.306620	0.151303
300998.150316	0.107079
301122.994011	0.062820
301247.837707	0.039069
301372.681403	0.064963
301497.525099	0.104435
301622.368794	0.140125
301747.212490	0.167655
301872.056186	0.185001
301996.899881	0.191185
302121.743577	0.186049
302246.587273	0.170184
302371.430968	0.144900
302496.274664	0.112290
302621.118360	0.075789
302745.962056	0.044256
302870.805751	0.045828
302995.649447	0.078435
303120.493143	0.115213
303245.336838	0.148380
303370.180534	0.175068
303495.024230	0.193713
303619.867925	0.203488
303744.711621	0.204169
303869.555317	0.196069
303994.399012	0.179976
304119.242708	0.157074
304244.086404	0.128856
304368.930100	0.097042
304493.773795	0.063592
304618.617491	0.031520
304743.461187	0.018143
304868.304882	0.041694
304993.148578	0.068290
305117.992274	0.091955
305242.835969	0.111869
305367.679665	0.128014
305492.523361	0.140763
305617.367056	0.150734
305742.210752	0.158676
305867.054448	0.165346
305991.898144	0.171392
306116.741839	0.177255
306241.585535	0.183103
306366.429231	0.188819
306491.272926	0.194020
306616.116622	0.198118
306740.960318	0.200404
306865.804013	0.200131
306990.647709	0.196609
307115.491405	0.189294
307240.335100	0.177867
307365.178796	0.162304
307490.022492	0.142916
307614.866188	0.120368
307739.709883	0.095659
307864.553579	0.070081
307989.397275	0.045161
308114.240970	0.022764
308239.084666	0.008296
308363.928362	0.016035
308488.772057	0.025570
308613.615753	0.031691
308738.459449	0.036760
308863.303144	0.045427
308988.146840	0.061244
309112.990536	0.084122
309237.834232	0.111893
309362.677927	0.141967
309487.521623	0.171802
309612.365319	0.199027
309737.209014	0.221549
309862.052710	0.237677
309986.896406	0.246245
310111.740101	0.246721
310236.583797	0.239279
310361.427493	0.224855
310486.271188	0.205175
310611.114884	0.182785
310735.958580	0.161013
310860.802276	0.143663
310985.645971	0.133926
311110.489667	0.132544
311235.333363	0.137067
311360.177058	0.143516
311485.020754	0.148419
311609.864450	0.149598
311734.708145	0.146122
311859.551841	0.138043
311984.395537	0.126155
312109.239232	0.111791
312234.082928	0.096660
312358.926624	0.082688
312483.770320	0.071788
312608.614015	0.065420
312733.457711	0.064002
312858.301407	0.066872
312983.145102	0.073089
313107.988798	0.082094
313232.832494	0.093666
313357.676189	0.107544
313482.519885	0.123164
313607.363581	0.139628
313732.207276	0.155802
313857.050972	0.170452
313981.894668	0.182354
314106.738364	0.190381
314231.582059	0.193553
314356.425755	0.191089
314481.269451	0.182441
314606.113146	0.167336
314730.956842	0.145818
314855.800538	0.118320
314980.644233	0.085830
315105.487929	0.050713
315230.331625	0.025688
315355.175320	0.047859
315480.019016	0.086946
315604.862712	0.126154
315729.706408	0.161872
315854.550103	0.191976
315979.393799	0.214917
316104.237495	0.229691
316229.081190	0.235937
316353.924886	0.234037
316478.768582	0.225202
316603.612277	0.211532
316728.455973	0.195983
316853.299669	0.182100
316978.143365	0.173219
317102.987060	0.171108
317227.830756	0.174969
317352.674452	0.181964
317477.518147	0.188783
317602.361843	0.192867
317727.205539	0.192894
317852.049234	0.188824
317976.892930	0.181774
318101.736626	0.173720
318226.580321	0.166960
318351.424017	0.163249
318476.267713	0.162923
318601.111409	0.164648
318725.955104	0.166029
318850.798800	0.164553
318975.642496	0.158269
319100.486191	0.146092
319225.329887	0.127858
319350.173583	0.104246
319475.017278	0.076648
319599.860974	0.047008
319724.704670	0.017928
319849.548365	0.012026
319974.392061	0.033865
320099.235757	0.050299
320224.079453	0.059320
320348.923148	0.060306
320473.766844	0.053645
320598.610540	0.041424
320723.454235	0.030822
320848.297931	0.037854
320973.141627	0.061464
321097.985322	0.090185
321222.829018	0.118762
321347.672714	0.144364
321472.516409	0.165129
321597.360105	0.179943
321722.203801	0.188457
321847.047497	0.191108
321971.891192	0.189113
322096.734888	0.184345
322221.578584	0.179060
322346.422279	0.175372
322471.265975	0.174578
322596.109671	0.176664
322720.953366	0.180387
322845.797062	0.183872
322970.640758	0.185283
323095.484453	0.183273
323220.328149	0.177162
323345.171845	0.166972
323470.015541	0.153382
323594.859236	0.137678
323719.702932	0.121704
323844.546628	0.107802
323969.390323	0.098517
324094.234019	0.095739
324219.077715	0.099604
324343.921410	0.108528
324468.765106	0.120467
324593.608802	0.133858
324718.452497	0.147773
324843.296193	0.161701
324968.139889	0.175306
325092.983585	0.188266
325217.827280	0.200186
325342.670976	0.210583
325467.514672	0.218914
325592.358367	0.224620
325717.202063	0.227185
325842.045759	0.226189
325966.889454	0.221353
326091.733150	0.212591
326216.576846	0.200047
326341.420541	0.184131
326466.264237	0.165559
326591.107933	0.145386
326715.951629	0.125034
326840.795324	0.106295
326965.639020	0.091191
327090.482716	0.081400
327215.326411	0.077185
327340.170107	0.076861
327465.013803	0.077811
327589.857498	0.077935
327714.701194	0.076319
327839.544890	0.073350
327964.388585	0.070670
328089.232281	0.070791
328214.075977	0.075816
328338.919673	0.085924
328463.763368	0.099440
328588.607064	0.114124
328713.450760	0.128049
328838.294455	0.139851
328963.138151	0.148739
329087.981847	0.154449
329212.825542	0.157179
329337.669238	0.157488
329462.512934	0.156170
329587.356629	0.154103
329712.200325	0.152112
329837.044021	0.150873
329961.887717	0.150910
330086.731412	0.152632
330211.575108	0.156372
330336.418804	0.162338
330461.262499	0.170466
330586.106195	0.180274
330710.949891	0.190786
330835.793586	0.200607
330960.637282	0.208091
331085.480978	0.211560
331210.324674	0.209508
331335.168369	0.200777
331460.012065	0.184702
331584.855761	0.161208
331709.699456	0.130906
331834.543152	0.095280
331959.386848	0.057742
332084.230543	0.032948
332209.074239	0.053765
332333.917935	0.092396
332458.761630	0.130662
332583.605326	0.164342
332708.449022	0.191412
332833.292718	0.210713
332958.136413	0.221743
333082.980109	0.224596
333207.823805	0.219880
333332.667500	0.208611
333457.511196	0.192063
333582.354892	0.171598
333707.198587	0.148511
333832.042283	0.123919
333956.885979	0.098769
334081.729674	0.074113
334206.573370	0.052147
334331.417066	0.039425
334456.260762	0.045693
334581.104457	0.065805
334705.948153	0.090189
334830.791849	0.114584
334955.635544	0.136795
335080.479240	0.155266
335205.322936	0.168805
335330.166631	0.176579
335455.010327	0.178178
335579.854023	0.173658
335704.697718	0.163575
335829.541414	0.148985
335954.385110	0.131449
336079.228806	0.113052
336204.072501	0.096420
336328.916197	0.084511
336453.759893	0.079562
336578.603588	0.081378
336703.447284	0.087301
336828.290980	0.094231
336953.134675	0.099945
337077.978371	0.103171
337202.822067	0.103275
337327.665762	0.100003
337452.509458	0.093323
337577.353154	0.083355
337702.196850	0.070353
337827.040545	0.054730
337951.884241	0.037088
338076.727937	0.018244
338201.571632	0.001493
338326.415328	0.019046
338451.259024	0.035004
338576.102719	0.047667
338700.946415	0.056124
338825.790111	0.059954
338950.633806	0.059609
339075.477502	0.057068
339200.321198	0.056614
339325.164894	0.063677
339450.008589	0.080153
339574.852285	0.103309
339699.695981	0.129279
339824.539676	0.154705
339949.383372	0.176821
340074.227068	0.193371
340199.070763	0.202636
340323.914459	0.203494
340448.758155	0.195485
340573.601850	0.178847
340698.445546	0.154507
340823.289242	0.124055
340948.132938	0.089739
341072.976633	0.054837
341197.820329	0.027576
341322.664025	0.033145
341447.507720	0.056538
341572.351416	0.076770
341697.195112	0.089698
341822.038807	0.094079
341946.882503	0.089737
342071.726199	0.077272
342196.569894	0.057919
342321.413590	0.033425
342446.257286	0.006221
342571.100982	0.022949
342695.944677	0.050091
342820.788373	0.074040
342945.632069	0.093207
343070.475764	0.106585
343195.319460	0.113838
343320.163156	0.115383
343445.006851	0.112445
343569.850547	0.107070
343694.694243	0.101954
343819.537939	0.099819
343944.381634	0.102237
344069.225330	0.108756
344194.069026	0.117397
344318.912721	0.125888
344443.756417	0.132470
344568.600113	0.136126
344693.443808	0.136524
344818.287504	0.133855
344943.131200	0.128632
345067.974895	0.121461
345192.818591	0.112811
345317.662287	0.102844
345442.505983	0.091368
345567.349678	0.077918
345692.193374	0.061952
345817.037070	0.043065
345941.880765	0.021150
346066.724461	0.003671
346191.568157	0.030369
346316.411852	0.058291
346441.255548	0.086138
346566.099244	0.112583
346690.942939	0.136312
346815.786635	0.156131
346940.630331	0.171073
347065.474027	0.180462
347190.317722	0.183972
347315.161418	0.181641
347440.005114	0.173877
347564.848809	0.161444
347689.692505	0.145460
347814.536201	0.127422
347939.379896	0.109303
348064.223592	0.093704
348189.067288	0.083747
348313.910983	0.081862
348438.754679	0.087751
348563.598375	0.098561
348688.442071	0.111156
348813.285766	0.123322
348938.129462	0.133748
349062.973158	0.141757
349187.816853	0.147135
349312.660549	0.150046
349437.504245	0.150996
349562.347940	0.150799
349687.191636	0.150524
349812.035332	0.151359
349936.879027	0.154393
350061.722723	0.160363
350186.566419	0.169486
350311.410115	0.181478
350436.253810	0.195719
350561.097506	0.211460
350685.941202	0.227965
350810.784897	0.244570
350935.628593	0.260679
351060.472289	0.275736
351185.315984	0.289185
351310.159680	0.300452
351435.003376	0.308947
351559.847071	0.314079
351684.690767	0.315304
351809.534463	0.312170
351934.378159	0.304366
352059.221854	0.291767
352184.065550	0.274465
352308.909246	0.252790
352433.752941	0.227317
352558.596637	0.198891
352683.440333	0.168671
352808.284028	0.138293
352933.127724	0.110288
353057.971420	0.088921
353182.815115	0.080311
353307.658811	0.087518
353432.502507	0.105905
353557.346203	0.129083
353682.189898	0.153144
353807.033594	0.176049
353931.877290	0.196653
354056.720985	0.214220
354181.564681	0.228216
354306.408377	0.238227
354431.252072	0.243931
354556.095768	0.245109
354680.939464	0.241670
354805.783159	0.233692
354930.626855	0.221459
355055.470551	0.205517
355180.314247	0.186727
355305.157942	0.166340
355430.001638	0.146081
355554.845334	0.128203
355679.689029	0.115285
355804.532725	0.109347
355929.376421	0.110461
356054.220116	0.116396
356179.063812	0.123938
356303.907508	0.130252
356428.751203	0.133332
356553.594899	0.131955
356678.438595	0.125539
356803.282291	0.114038
356928.125986	0.097874
357052.969682	0.077907
357177.813378	0.055498
357302.657073	0.033100
357427.500769	0.019123
357552.344465	0.029020
357677.188160	0.046777
357802.031856	0.062126
357926.875552	0.072432
358051.719248	0.076416
358176.562943	0.073409
358301.406639	0.063296
358426.250335	0.046744
358551.094030	0.026792
358675.937726	0.023010
358800.781422	0.049501
358925.625117	0.083586
359050.468813	0.118919
359175.312509	0.152783
359300.156204	0.183014
359424.999900	0.207760
359549.843596	0.225527
359674.687292	0.235268
359799.530987	0.236463
359924.374683	0.229173
360049.218379	0.214075
360174.062074	0.192458
360298.905770	0.166225
360423.749466	0.137912
360548.593161	0.110766
360673.436857	0.088813
360798.280553	0.076037
360923.124248	0.073227
361047.967944	0.075989
361172.811640	0.078563
361297.655336	0.077230
361422.499031	0.070411
361547.342727	0.057966
361672.186423	0.040709
361797.030118	0.020084
361921.873814	0.002142
362046.717510	0.023806
362171.561205	0.043120
362296.404901	0.058368
362421.248597	0.068362
362546.092292	0.072633
362670.935988	0.071731
362795.779684	0.067681
362920.623380	0.064499
363045.467075	0.067395
363170.310771	0.078836
363295.154467	0.096344
363419.998162	0.115579
363544.841858	0.132773
363669.685554	0.145097
363794.529249	0.150572
363919.372945	0.148017
364044.216641	0.137040
364169.060336	0.118031
364293.904032	0.092134
364418.747728	0.061258
364543.591424	0.028794
364668.435119	0.017563
364793.278815	0.045739
364918.122511	0.073663
365042.966206	0.095592
365167.809902	0.109561
365292.653598	0.114647
365417.497293	0.110991
365542.340989	0.100175
365667.184685	0.086155
365792.028380	0.076947
365916.872076	0.082777
366041.715772	0.104955
366166.559468	0.135703
366291.403163	0.167931
366416.246859	0.197082
366541.090555	0.220181
366665.934250	0.235316
366790.777946	0.241456
366915.621642	0.238376
367040.465337	0.226597
367165.309033	0.207311
367290.152729	0.182275
367414.996424	0.153710
367539.840120	0.124220
367664.683816	0.096777
367789.527512	0.074733
367914.371207	0.061256
368039.214903	0.056875
368164.058599	0.057729
368288.902294	0.058978
368413.745990	0.057927
368538.589686	0.054033
368663.433381	0.048286
368788.277077	0.042933
368913.120773	0.040933
369037.964468	0.043957
369162.808164	0.050700
369287.651860	0.058573
369412.495556	0.065649
369537.339251	0.071044
369662.182947	0.074827
369787.026643	0.077916
369911.870338	0.081879
370036.714034	0.088405
370161.557730	0.098522
370286.401425	0.112096
370411.245121	0.128004
370536.088817	0.144642
370660.932512	0.160328
370785.776208	0.173522
370910.619904	0.182948
371035.463600	0.187678
371160.307295	0.187217
371285.150991	0.181596
371409.994687	0.171478
371534.838382	0.158286
371659.682078	0.144312
371784.525774	0.132644
371909.369469	0.126456
372034.213165	0.127371
372159.056861	0.134122
372283.900557	0.143237
372408.744252	0.150812
372533.587948	0.153597
372658.431644	0.149271
372783.275339	0.136417
372908.119035	0.114453
373032.962731	0.083583
373157.806426	0.044846
373282.650122	0.008412
373407.493818	0.052820
373532.337513	0.105468
373657.181209	0.158362
373782.024905	0.208878
373906.868601	0.254659
374031.712296	0.293659
374156.555992	0.324242
374281.399688	0.345268
374406.243383	0.356140
374531.087079	0.356812
374655.930775	0.347760
374780.774470	0.329918
374905.618166	0.304591
375030.461862	0.273352
375155.305557	0.237929
375280.149253	0.200099
375404.992949	0.161597
375529.836645	0.124033
375654.680340	0.088846
375779.524036	0.057262
375904.367732	0.030293
376029.211427	0.008912
376154.055123	0.007965
376278.898819	0.017493
376403.742514	0.021209
376528.586210	0.019269
376653.429906	0.012891
376778.273601	0.009936
376903.117297	0.022905
377027.960993	0.042459
377152.804689	0.064916
377277.648384	0.088902
377402.492080	0.113392
377527.335776	0.137544
377652.179471	0.160697
377777.023167	0.182375
377901.866863	0.202263
378026.710558	0.220163
378151.554254	0.235915
378276.397950	0.249336
378401.241645	0.260165
378526.085341	0.268057
378650.929037	0.272620
378775.772733	0.273496
378900.616428	0.270466
379025.460124	0.263561
379150.303820	0.253150
379275.147515	0.239991
379399.991211	0.225225
379524.834907	0.210269
379649.678602	0.196600
379774.522298	0.185421
379899.365994	0.177298
380024.209689	0.171990
380149.053385	0.168632
380273.897081	0.166201
380398.740777	0.164022
380523.584472	0.162063
380648.428168	0.160944
380773.271864	0.161622
380898.115559	0.164829
381022.959255	0.170519
381147.802951	0.177655
381272.646646	0.184455
381397.490342	0.188871
381522.334038	0.189024
381647.177733	0.183499
381772.021429	0.171517
381896.865125	0.153016
382021.708821	0.128722
382146.552516	0.100291
382271.396212	0.070963
382396.239908	0.048467
382521.083603	0.048207
382645.927299	0.068466
382770.770995	0.093008
382895.614690	0.114541
383020.458386	0.130312
383145.302082	0.139186
383270.145777	0.140954
383394.989473	0.136130
383519.833169	0.125847
383644.676865	0.111756
383769.520560	0.095920
383894.364256	0.080657
384019.207952	0.068217
384144.051647	0.060042
384268.895343	0.055842
384393.739039	0.053740
384518.582734	0.051780
384643.426430	0.049286
384768.270126	0.047400
384893.113821	0.048813
385017.957517	0.055891
385142.801213	0.068472
385267.644909	0.084523
385392.488604	0.101839
385517.332300	0.118630
385642.175996	0.133522
385767.019691	0.145449
385891.863387	0.153568
386016.707083	0.157189
386141.550778	0.155718
386266.394474	0.148632
386391.238170	0.135480
386516.081866	0.115932
386640.925561	0.089866
386765.769257	0.057561
386890.612953	0.021255
387015.456648	0.029618
387140.300344	0.076293
387265.144040	0.126791
387389.987735	0.178151
387514.831431	0.228099
387639.675127	0.274381
387764.518822	0.314826
387889.362518	0.347486
388014.206214	0.370772
388139.049910	0.383577
388263.893605	0.385363
388388.737301	0.376217
388513.580997	0.356869
388638.424692	0.328671
388763.268388	0.293567
388888.112084	0.254057
389012.955779	0.213228
389137.799475	0.174882
389262.643171	0.143701
389387.486866	0.124683
389512.330562	0.120218
389637.174258	0.126978
389762.017954	0.138523
389886.861649	0.149738
390011.705345	0.157889
390136.549041	0.161999
390261.392736	0.162258
390386.236432	0.159697
390511.080128	0.156014
390635.923823	0.153387
390760.767519	0.154054
390885.611215	0.159617
391010.454910	0.170378
391135.298606	0.185252
391260.142302	0.202263
391384.985998	0.219152
391509.829693	0.233767
391634.673389	0.244254
391759.517085	0.249148
391884.360780	0.247438
392009.204476	0.238612
392134.048172	0.222705
392258.891867	0.200331
392383.735563	0.172732
392508.579259	0.141883
392633.422954	0.110817
392758.266650	0.084497
392883.110346	0.070628
393007.954042	0.074165
393132.797737	0.088604
393257.641433	0.104553
393382.485129	0.116719
393507.328824	0.122693
393632.172520	0.121550
393757.016216	0.113265
393881.859911	0.098446
394006.703607	0.078168
394131.547303	0.053857
394256.390998	0.027355
394381.234694	0.008453
394506.078390	0.031123
394630.922086	0.057064
394755.765781	0.081055
394880.609477	0.102426
395005.453173	0.121071
395130.296868	0.137223
395255.140564	0.151306
395379.984260	0.163770
395504.827955	0.174941
395629.671651	0.184938
395754.515347	0.193673
395879.359042	0.200940
396004.202738	0.206563
396129.046434	0.210540
396253.890130	0.213147
396378.733825	0.214975
396503.577521	0.216844
396628.421217	0.219615
396753.264912	0.223915
396878.108608	0.229892
397002.952304	0.237103
397127.795999	0.244605
397252.639695	0.251173
397377.483391	0.255581
397502.327086	0.256820
397627.170782	0.254277
397752.014478	0.247830
397876.858174	0.237898
398001.701869	0.225436
398126.545565	0.211855
398251.389261	0.198835
398376.232956	0.187983
398501.076652	0.180341
398625.920348	0.175947
398750.764043	0.173734
398875.607739	0.171894
399000.451435	0.168445
399125.295130	0.161698
399250.138826	0.150506
399374.982522	0.134352
399499.826218	0.113368
399624.669913	0.088384
399749.513609	0.061290
399874.357305	0.037362
399999.201000	0.033943
400124.044696	0.055249
400248.888392	0.081909
400373.732087	0.106719
400498.575783	0.127125
400623.419479	0.141715
400748.263175	0.149649
400873.106870	0.150546
400997.950566	0.144453
401122.794262	0.131825
401247.637957	0.113495
401372.481653	0.090651
401497.325349	0.064889
401622.169044	0.038766
401747.012740	0.020991
401871.856436	0.032077
401996.700131	0.054410
402121.543827	0.075553
402246.387523	0.093046
402371.231219	0.106034
402496.074914	0.114287
402620.918610	0.118042
402745.762306	0.117946
402870.606001	0.114997
402995.449697	0.110449
403120.293393	0.105638
403245.137088	0.101725
403369.980784	0.099397
403494.824480	0.098690
403619.668175	0.099094
403744.511871	0.099885
403869.355567	0.100490
403994.199263	0.100707
404119.042958	0.100753
404243.886654	0.101154
404368.730350	0.102494
404493.574045	0.105115
404618.417741	0.108880
404743.261437	0.113163
404868.105132	0.117021
404992.948828	0.119436
405117.792524	0.119520
405242.636219	0.116632
405367.479915	0.110436
405492.323611	0.100918
405617.167307	0.088378
405742.011002	0.073452
405866.854698	0.057248
405991.698394	0.041961
406116.542089	0.032797
406241.385785	0.036878
406366.229481	0.051561
406491.073176	0.070212
406615.916872	0.089724
406740.760568	0.108687
406865.604263	0.126168
406990.447959	0.141329
407115.291655	0.153330
407240.135351	0.161338
407364.979046	0.164596
407489.822742	0.162517
407614.666438	0.154812
407739.510133	0.141632
407864.353829	0.123772
407989.197525	0.103044
408114.041220	0.083116
408238.884916	0.070812
408363.728612	0.073636
408488.572307	0.090167
408613.416003	0.112267
408738.259699	0.133667
408863.103395	0.150689
408987.947090	0.161127
409112.790786	0.163724
409237.634482	0.157992
409362.478177	0.144163
409487.321873	0.123159
409612.165569	0.096596
409737.009264	0.066991
409861.852960	0.039284
409986.696656	0.029401
410111.540351	0.047000
410236.384047	0.069478
410361.227743	0.087800
410486.071439	0.099513
410610.915134	0.103988
410735.758830	0.101908
410860.602526	0.095480
410985.446221	0.088876
411110.289917	0.087920
411235.133613	0.096854
411359.977308	0.114571
411484.821004	0.136455
411609.664700	0.157950
411734.508395	0.175677
411859.352091	0.187382
411984.195787	0.191789
412109.039483	0.188534
412233.883178	0.178123
412358.726874	0.161902
412483.570570	0.142018
412608.414265	0.121361
412733.257961	0.103342
412858.101657	0.091069
412982.945352	0.085552
413107.789048	0.084498
413232.632744	0.083915
413357.476439	0.080561
413482.320135	0.072973
413607.163831	0.061716
413732.007527	0.050057
413856.851222	0.045191
413981.694918	0.053209
414106.538614	0.069729
414231.382309	0.087412
414356.226005	0.101553
414481.069701	0.109278
414605.913396	0.108876
414730.757092	0.099694
414855.600788	0.082378
414980.444484	0.059995
415105.288179	0.043434
415230.131875	0.054802
415354.975571	0.087659
415479.819266	0.125330
415604.662962	0.160676
415729.506658	0.189595
415854.350353	0.209092
415979.194049	0.216993
416104.037745	0.211985
416228.881440	0.193668
416353.725136	0.162591
416478.568832	0.120232
416603.412528	0.068991
416728.256223	0.014630
416853.099919	0.051125
416977.943615	0.110400
417102.787310	0.165795
417227.631006	0.213758
417352.474702	0.251512
417477.318397	0.277027
417602.162093	0.289125
417727.005789	0.287547
417851.849484	0.272951
417976.693180	0.246840
418101.536876	0.211432
418226.380572	0.169472
418351.224267	0.124019
418476.067963	0.078288
418600.911659	0.036189
418725.755354	0.018165
418850.599050	0.045310
418975.442746	0.072635
419100.286441	0.095577
419225.130137	0.115395
419349.973833	0.134232
419474.817528	0.153968
419599.661224	0.175357
419724.504920	0.197711
419849.348616	0.219204
419974.192311	0.237448
420099.036007	0.250039
420223.879703	0.254953
420348.723398	0.250795
420473.567094	0.236949
420598.410790	0.213645
420723.254485	0.181985
420848.098181	0.143999
420972.941877	0.103020
421097.785572	0.065807
421222.629268	0.050885
421347.472964	0.071401
421472.316660	0.103500
421597.160355	0.133315
421722.004051	0.156668
421846.847747	0.172128
421971.691442	0.179541
422096.535138	0.179645
422221.378834	0.173857
422346.222529	0.164040
422471.066225	0.152187
422595.909921	0.139998
422720.753616	0.128440
422845.597312	0.117474
422970.441008	0.106185
423095.284704	0.093292
423220.128399	0.077813
423344.972095	0.059719
423469.815791	0.041196
423594.659486	0.031215
423719.503182	0.042271
423844.346878	0.064822
423969.190573	0.088757
424094.034269	0.110053
424218.877965	0.126565
424343.721660	0.137079
424468.565356	0.141265
424593.409052	0.139820
424718.252748	0.134680
424843.096443	0.129140
424967.940139	0.127394
425092.783835	0.132813
425217.627530	0.145759
425342.471226	0.163491
425467.314922	0.182074
425592.158617	0.197913
425717.002313	0.208310
425841.846009	0.211543
425966.689704	0.206861
426091.533400	0.194450
426216.377096	0.175415
426341.220792	0.151778
426466.064487	0.126516
426590.908183	0.103636
426715.751879	0.087783
426840.595574	0.081896
426965.439270	0.083805
427090.282966	0.087803
427215.126661	0.089215
427339.970357	0.086144
427464.814053	0.079696
427589.657748	0.074590
427714.501444	0.078516
427839.345140	0.095743
427964.188836	0.122813
428089.032531	0.153761
428213.876227	0.183625
428338.719923	0.208598
428463.563618	0.225755
428588.407314	0.232972
428713.251010	0.228947
428838.094705	0.213244
428962.938401	0.186356
429087.782097	0.149815
429212.625793	0.106746
429337.469488	0.065226
429462.313184	0.054799
429587.156880	0.092088
429712.000575	0.142146
429836.844271	0.191035
429961.687967	0.234166
430086.531662	0.269101
430211.375358	0.294444
430336.219054	0.309610
430461.062749	0.314735
430585.906445	0.310579
430710.750141	0.298404
430835.593837	0.279816
430960.437532	0.256588
431085.281228	0.230466
431210.124924	0.202998
431334.968619	0.175403
431459.812315	0.148524
431584.656011	0.122900
431709.499706	0.099005
431834.343402	0.077720
431959.187098	0.061161
432084.030793	0.053325
432208.874489	0.057100
432333.718185	0.069424
432458.561881	0.085073
432583.405576	0.100642
432708.249272	0.114268
432833.092968	0.124930
432957.936663	0.132129
433082.780359	0.135754
433207.624055	0.135998
433332.467750	0.133266
433457.311446	0.128083
433582.155142	0.120979
433706.998837	0.112390
433831.842533	0.102586
433956.686229	0.091648
434081.529925	0.079508
434206.373620	0.066025
434331.217316	0.051085
434456.061012	0.034696
434580.904707	0.017101
434705.748403	0.004023
434830.592099	0.021621
434955.435794	0.040708
435080.279490	0.059117
435205.123186	0.076092
435329.966881	0.090962
435454.810577	0.103159
435579.654273	0.112256
435704.497969	0.118013
435829.341664	0.120405
435954.185360	0.119656
436079.029056	0.116248
436203.872751	0.110908
436328.716447	0.104553
436453.560143	0.098158
436578.403838	0.092535
436703.247534	0.088063
436828.091230	0.084517
436952.934925	0.081157
437077.778621	0.077060
437202.622317	0.071550
437327.466013	0.064630
437452.309708	0.057475
437577.153404	0.052926
437701.997100	0.054767
437826.840795	0.064344
437951.684491	0.079183
438076.528187	0.095783
438201.371882	0.111296
438326.215578	0.123603
438451.059274	0.131187
438575.902969	0.133107
438700.746665	0.129042
438825.590361	0.119369
438950.434057	0.105278
439075.277752	0.088979
439200.121448	0.074022
439324.965144	0.065163
439449.808839	0.065507
439574.652535	0.072516
439699.496231	0.080510
439824.339926	0.084931
439949.183622	0.083066
440074.027318	0.073581
440198.871013	0.056191
440323.714709	0.031486
440448.558405	0.002054
440573.402101	0.034251
440698.245796	0.070890
440823.089492	0.106799
440947.933188	0.139403
441072.776883	0.166345
441197.620579	0.185676
441322.464275	0.196032
441447.307970	0.196772
441572.151666	0.188071
441696.995362	0.170993
441821.839058	0.147557
441946.682753	0.120932
442071.526449	0.095910
442196.370145	0.079378
442321.213840	0.077237
442446.057536	0.086708
442570.901232	0.099191
442695.744927	0.108343
442820.588623	0.111028
442945.432319	0.106130
443070.276014	0.093869
443195.119710	0.075526
443319.963406	0.053575
443444.807102	0.033453
443569.650797	0.029851
443694.494493	0.046335
443819.338189	0.066490
443944.181884	0.083695
444069.025580	0.095866
444193.869276	0.102382
444318.712971	0.103516
444443.556667	0.100260
444568.400363	0.094196
444693.244058	0.087322
444818.087754	0.081796
444942.931450	0.079495
445067.775146	0.081531
445192.618841	0.088112
445317.462537	0.098899
445442.306233	0.113346
445567.149928	0.130680
445691.993624	0.149713
445816.837320	0.168767
445941.681015	0.185771
446066.524711	0.198477
446191.368407	0.204739
446316.212102	0.202795
446441.055798	0.191562
446565.899494	0.170980
446690.743190	0.142573
446815.586885	0.110924
446940.430581	0.087866
447065.274277	0.093179
447190.117972	0.127262
447314.961668	0.172460
447439.805364	0.217337
447564.649059	0.255749
447689.492755	0.283822
447814.336451	0.299081
447939.180146	0.300278
448064.023842	0.287385
448188.867538	0.261594
448313.711234	0.225299
448438.554929	0.182099
448563.398625	0.137009
448688.242321	0.097397
448813.086016	0.074468
448937.929712	0.075193
449062.773408	0.086989
449187.617103	0.094687
449312.460799	0.091280
449437.304495	0.074493
449562.148190	0.044903
449686.991886	0.015346
449811.835582	0.054639
449936.679278	0.111046
450061.522973	0.169658
450186.366669	0.225560
450311.210365	0.274447
450436.054060	0.312575
450560.897756	0.336994
450685.741452	0.345764
450810.585147	0.338099
450935.428843	0.314453
451060.272539	0.276537
451185.116234	0.227353
451309.959930	0.171477
451434.803626	0.116621
451559.647322	0.080500
451684.491017	0.089783
451809.334713	0.127836
451934.178409	0.167222
452059.022104	0.197863
452183.865800	0.216063
452308.709496	0.220533
452433.553191	0.211429
452558.396887	0.189993
452683.240583	0.158305
452808.084278	0.119042
452932.927974	0.075233
453057.771670	0.030007
453182.615366	0.013680
453307.459061	0.053122
453432.302757	0.086241
453557.146453	0.111529
453681.990148	0.128164
453806.833844	0.136008
453931.677540	0.135556
454056.521235	0.127873
454181.364931	0.114550
454306.208627	0.097774
454431.052322	0.080705
454555.896018	0.068264
454680.739714	0.066632
454805.583410	0.077768
454930.427105	0.097268
455055.270801	0.120294
455180.114497	0.143893
455304.958192	0.166274
455429.801888	0.186155
455554.645584	0.202491
455679.489279	0.214396
455804.332975	0.221165
455929.176671	0.222319
456054.020367	0.217657
456178.864062	0.207288
456303.707758	0.191647
456428.551454	0.171470
456553.395149	0.147769
456678.238845	0.121817
456803.082541	0.095219
456927.926236	0.070335
457052.769932	0.051655
457177.613628	0.046980
457302.457323	0.058187
457427.301019	0.077004
457552.144715	0.097512
457676.988411	0.117282
457801.832106	0.135142
457926.675802	0.150303
458051.519498	0.162104
458176.363193	0.169986
458301.206889	0.173578
458426.050585	0.172839
458550.894280	0.168253
458675.737976	0.161069
458800.581672	0.153531
458925.425367	0.148891
459050.269063	0.150685
459175.112759	0.161079
459299.956455	0.179564
459424.800150	0.203486
459549.643846	0.229489
459674.487542	0.254458
459799.331237	0.275816
459924.174933	0.291570
460049.018629	0.300296
460173.862324	0.301128
460298.706020	0.293756
460423.549716	0.278416
460548.393411	0.255882
460673.237107	0.227464
460798.080803	0.195037
460922.924499	0.161155
461047.768194	0.129348
461172.611890	0.104564
461297.455586	0.092417
461422.299281	0.094435
461547.142977	0.104878
461671.986673	0.116328
461796.830368	0.123881
461921.674064	0.124913
462046.517760	0.118203
462171.361455	0.103455
462296.205151	0.081133
462421.048847	0.052709
462545.892543	0.024557
462670.736238	0.035247
462795.579934	0.074127
462920.423630	0.116524
463045.267325	0.158222
463170.111021	0.196878
463294.954717	0.230568
463419.798412	0.257663
463544.642108	0.276864
463669.485804	0.287247
463794.329499	0.288301
463919.173195	0.279954
464044.016891	0.262575
464168.860587	0.236954
464293.704282	0.204264
464418.547978	0.166012
464543.391674	0.123975
464668.235369	0.080194
464793.079065	0.037470
464917.922761	0.016327
465042.766456	0.048708
465167.610152	0.081334
465292.453848	0.107991
465417.297543	0.127322
465542.141239	0.138648
465666.984935	0.141736
465791.828631	0.136765
465916.672326	0.124291
466041.516022	0.105234
466166.359718	0.080884
466291.203413	0.053126
466416.047109	0.026631
466540.890805	0.025978
466665.734500	0.052800
466790.578196	0.081890
466915.421892	0.108366
467040.265587	0.130382
467165.109283	0.146735
467289.952979	0.156618
467414.796675	0.159633
467539.640370	0.155841
467664.484066	0.145874
467789.327762	0.131131
467914.171457	0.114181
468039.015153	0.099430
468163.858849	0.093217
468288.702544	0.100302
468413.546240	0.118922
468538.389936	0.143378
468663.233631	0.168709
468788.077327	0.191580
468912.921023	0.209823
469037.764719	0.222075
469162.608414	0.227610
469287.452110	0.226260
469412.295806	0.218357
469537.139501	0.204671
469661.983197	0.186348
469786.826893	0.164821
469911.670588	0.141740
470036.514284	0.118912
470161.357980	0.098274
470286.201676	0.081849
470411.045371	0.071464
470535.889067	0.067891
470660.732763	0.070081
470785.576458	0.075877
470910.420154	0.083339
471035.263850	0.091148
471160.107545	0.098352
471284.951241	0.104096
471409.794937	0.107504
471534.638632	0.107704
471659.482328	0.103921
471784.326024	0.095587
471909.169720	0.082443
472034.013415	0.064659
472158.857111	0.043093
472283.700807	0.021400
472408.544502	0.023252
472533.388198	0.049465
472658.231894	0.078739
472783.075589	0.107091
472907.919285	0.132715
473032.762981	0.154293
473157.606676	0.170885
473282.450372	0.181978
473407.294068	0.187552
473532.137764	0.188141
473656.981459	0.184873
473781.825155	0.179455
473906.668851	0.174049
474031.512546	0.170902
474156.356242	0.171712
474281.199938	0.176971
474406.043633	0.185787
474530.887329	0.196330
474655.731025	0.206507
474780.574720	0.214460
474905.418416	0.218802
475030.262112	0.218688
475155.105808	0.213821
475279.949503	0.204423
475404.793199	0.191209
475529.636895	0.175378
475654.480590	0.158601
475779.324286	0.143011
475904.167982	0.131045
476029.011677	0.124908
476153.855373	0.125620
476278.699069	0.132423
476403.542764	0.143308
476528.386460	0.156058
476653.230156	0.168846
476778.073852	0.180314
476902.917547	0.189459
477027.761243	0.195517
477152.604939	0.197896
477277.448634	0.196189
477402.292330	0.190235
477527.136026	0.180238
477651.979721	0.166940
477776.823417	0.151863
477901.667113	0.137575
478026.510808	0.127711
478151.354504	0.125956
478276.198200	0.133730
478401.041896	0.148962
478525.885591	0.167713
478650.729287	0.186187
478775.572983	0.201483
478900.416678	0.211628
479025.260374	0.215484
479150.104070	0.212664
479274.947765	0.203483
479399.791461	0.188882
479524.635157	0.170336
479649.478852	0.149692
479774.322548	0.128927
479899.166244	0.109767
480024.009940	0.093170
480148.853635	0.078888
480273.697331	0.065550
480398.541027	0.051591
480523.384722	0.037264
480648.228418	0.030132
480773.072114	0.043731
480897.915809	0.071656
481022.759505	0.105184
481147.603201	0.140314
481272.446896	0.174228
481397.290592	0.204454
481522.134288	0.228828
481646.977984	0.245604
481771.821679	0.253590
481896.665375	0.252263
482021.509071	0.241863
482146.352766	0.223472
482271.196462	0.199120
482396.040158	0.171963
482520.883853	0.146566
482645.727549	0.128856
482770.571245	0.123983
482895.414940	0.131866
483020.258636	0.146912
483145.102332	0.162817
483269.946028	0.175244
483394.789723	0.181798
483519.633419	0.181491
483644.477115	0.174363
483769.320810	0.161251
483894.164506	0.143649
484019.008202	0.123630
484143.851897	0.103814
484268.695593	0.087286
484393.539289	0.076949
484518.382985	0.073766
484643.226680	0.075492
484768.070376	0.078323
484892.914072	0.079175
485017.757767	0.076297
485142.601463	0.069035
485267.445159	0.057566
485392.288854	0.042853
485517.132550	0.027333
485641.976246	0.019353
485766.819941	0.029281
485891.663637	0.045709
486016.507333	0.061086
486141.351029	0.072767
486266.194724	0.079248
486391.038420	0.079621
486515.882116	0.073657
486640.725811	0.062261
486765.569507	0.049064
486890.413203	0.044584
487015.256898	0.060210
487140.100594	0.089965
487264.944290	0.125202
487389.787985	0.161204
487514.631681	0.194801
487639.475377	0.223440
487764.319073	0.245023
487889.162768	0.257954
488014.006464	0.261243
488138.850160	0.254606
488263.693855	0.238567
488388.537551	0.214578
488513.381247	0.185225
488638.224942	0.154663
488763.068638	0.129327
488887.912334	0.117472
489012.756029	0.123455
489137.599725	0.142096
489262.443421	0.164578
489387.287117	0.184563
489512.130812	0.198546
489636.974508	0.204940
489761.818204	0.203516
489886.661899	0.195138
490011.505595	0.181637
490136.349291	0.165707
490261.192986	0.150706
490386.036682	0.140068
490510.880378	0.136037
490635.724073	0.138390
490760.567769	0.144632
490885.411465	0.151581
491010.255161	0.156671
491135.098856	0.158381
491259.942552	0.156162
491384.786248	0.150241
491509.629943	0.141402
491634.473639	0.130774
491759.317335	0.119617
491884.161030	0.109099
492009.004726	0.100084
492133.848422	0.092992
492258.692117	0.087809
492383.535813	0.084272
492508.379509	0.082147
492633.223205	0.081437
492758.066900	0.082444
492882.910596	0.085698
493007.754292	0.091795
493132.597987	0.101218
493257.441683	0.114213
493382.285379	0.130730
493507.129074	0.150398
493631.972770	0.172521
493756.816466	0.196087
493881.660161	0.219812
494006.503857	0.242217
494131.347553	0.261736
494256.191249	0.276850
494381.034944	0.286236
494505.878640	0.288909
494630.722336	0.284368
494755.566031	0.272730
494880.409727	0.254856
495005.253423	0.232498
495130.097118	0.208469
495254.940814	0.186751
495379.784510	0.172120
495504.628205	0.168468
495629.471901	0.176268
495754.315597	0.192197
495879.159293	0.211630
496004.002988	0.230837
496128.846684	0.247623
496253.690380	0.261209
496378.534075	0.271953
496503.377771	0.281014
496628.221467	0.289941
496753.065162	0.300164
496877.908858	0.312520
497002.752554	0.326953
497127.596249	0.342538
497252.439945	0.357751
497377.283641	0.370844
497502.127337	0.380179
497626.971032	0.384448
497751.814728	0.382788
497876.658424	0.374816
498001.502119	0.360601
498126.345815	0.340591
498251.189511	0.315522
498376.033206	0.286312
498500.876902	0.253950
498625.720598	0.219399
498750.564294	0.183514
498875.407989	0.146987
499000.251685	0.110324
499125.095381	0.073882
499249.939076	0.038156
