L = 69.1 pm 1
d = 54.1 pm 1


f_exp_peak1: 4.063083083   amp: 0.001114059526515141
f_exp_peak2: 4.369448849   amp: 0.0021397914859165364
f_exp_peak3: 5.821585586   amp: 0.0024083882125083738
f_exp_peak4: 6.860256256   amp: 0.001506262548528536

