# Time(us)	Voltage(mV)
-390.400000	48.982208
-389.424000	73.702200
-388.448000	95.370342
-387.472000	125.736259
-386.496000	140.232551
-385.520000	188.909574
-384.544000	193.334758
-383.568000	238.044374
-382.592000	238.044374
-381.616000	267.494736
-380.640000	266.121403
-379.664000	275.582141
-378.688000	279.854732
-377.712000	289.468062
-376.736000	284.585101
-375.760000	303.048799
-374.784000	278.481399
-373.808000	289.315470
-372.832000	265.205847
-371.856000	260.322886
-370.880000	257.423627
-369.904000	222.479934
-368.928000	226.142155
-367.952000	192.571795
-366.976000	180.516984
-366.000000	159.459212
-365.024000	128.635517
-364.048000	107.425153
-363.072000	85.604419
-362.096000	56.001465
-361.120000	22.583697
-360.144000	6.561480
-359.168000	-5.645924
-358.192000	-43.488876
-357.216000	-64.699240
-356.240000	-97.048860
-355.264000	-105.441450
-354.288000	-121.005890
-353.312000	-138.554033
-352.336000	-151.676992
-351.360000	-174.565874
-350.384000	-198.065126
-349.408000	-213.171789
-348.432000	-214.850307
-347.456000	-204.016236
-346.480000	-220.343638
-345.504000	-217.139195
-344.528000	-223.548082
-343.552000	-224.616230
-342.576000	-224.005860
-341.600000	-216.528825
-340.624000	-211.340678
-339.648000	-214.392529
-338.672000	-195.318461
-337.696000	-188.146611
-336.720000	-164.036988
-335.744000	-147.556993
-334.768000	-124.973296
-333.792000	-133.823664
-332.816000	-110.019227
-331.840000	-102.084414
-330.864000	-69.429609
-329.888000	-55.696280
-328.912000	-30.823695
-327.936000	-12.359996
-326.960000	3.662221
-325.984000	28.534806
-325.008000	44.099246
-324.032000	57.069613
-323.056000	62.868130
-322.080000	77.974792
-321.104000	88.351085
-320.128000	88.351085
-319.152000	119.327372
-318.176000	132.755516
-317.200000	132.755516
-316.224000	128.177740
-315.248000	136.570330
-314.272000	151.829585
-313.296000	153.050325
-312.320000	139.469588
-311.344000	145.725883
-310.368000	136.722922
-309.392000	131.687368
-308.416000	132.450331
-307.440000	115.359966
-306.464000	118.564409
-305.488000	119.327372
-304.512000	115.512558
-303.536000	92.318491
-302.560000	100.253304
-301.584000	55.238502
-300.608000	56.917020
-299.632000	39.979247
-298.656000	45.014801
-297.680000	26.245918
-296.704000	17.548143
-295.728000	0.762963
-294.752000	-7.934812
-293.776000	-27.619251
-292.800000	-25.177770
-291.824000	-28.687399
-290.848000	-38.605914
-289.872000	-61.647389
-288.896000	-50.813318
-287.920000	-67.445906
-286.944000	-81.331828
-285.968000	-75.228126
-284.992000	-69.124424
-284.016000	-79.348125
-283.040000	-83.773309
-282.064000	-93.081454
-281.088000	-109.866634
-280.112000	-104.373302
-279.136000	-94.912564
-278.160000	-90.029603
-277.184000	-105.136265
-276.208000	-95.980712
-275.232000	-82.247383
-274.256000	-74.770348
-273.280000	-102.999969
-272.304000	-72.939238
-271.328000	-68.056276
-270.352000	-59.205908
-269.376000	-64.699240
-268.400000	-51.576281
-267.424000	-44.404431
-266.448000	-25.940733
-265.472000	-22.431104
-264.496000	-14.191107
-263.520000	-17.395550
-262.544000	-2.441481
-261.568000	-16.022217
-260.592000	-8.697775
-259.616000	16.632588
-258.640000	29.755547
-257.664000	23.194067
-256.688000	30.213324
-255.712000	26.551103
-254.736000	33.417768
-253.760000	45.930357
-252.784000	34.180731
-251.808000	46.540727
-250.832000	52.644429
-249.856000	46.693319
-248.880000	55.848872
-247.904000	50.355541
-246.928000	60.884426
-245.952000	34.943693
-244.976000	57.679983
-244.000000	49.134800
-243.024000	46.388134
-242.048000	31.739250
-241.072000	49.134800
-240.096000	50.050356
-239.120000	41.505173
-238.144000	25.177770
-237.168000	45.930357
-236.192000	20.905179
-235.216000	15.869625
-234.240000	5.340739
-233.264000	7.782220
-232.288000	9.155553
-231.312000	1.068148
-230.336000	-12.207404
-229.360000	-9.308145
-228.384000	-10.376293
-227.408000	-1.678518
-226.432000	-6.256294
-225.456000	-26.856288
-224.480000	-22.736290
-223.504000	-5.035554
-222.528000	-30.823695
-221.552000	-31.586657
-220.576000	-24.262215
-219.600000	-18.768883
-218.624000	-42.420728
-217.648000	-37.690359
-216.672000	-17.090365
-215.696000	-24.872585
-214.720000	-32.807398
-213.744000	-34.333323
-212.768000	-25.025178
-211.792000	-35.554064
-210.816000	-36.622211
-209.840000	-17.853328
-208.864000	-30.976287
-207.888000	-24.567400
-206.912000	-25.177770
-205.936000	-22.278512
-204.960000	-19.531846
-203.984000	-22.125919
-203.008000	-8.392590
-202.032000	-8.392590
-201.056000	-7.934812
-200.080000	-9.002960
-199.104000	-15.411847
-198.128000	-9.918516
-197.152000	4.730369
-196.176000	-14.191107
-195.200000	12.817774
-194.224000	-7.629627
-193.248000	5.493332
-192.272000	4.577776
-191.296000	7.019257
-190.320000	7.629627
-189.344000	9.765923
-188.368000	-2.441481
-187.392000	-11.291849
-186.416000	12.817774
-185.440000	2.594073
-184.464000	11.444441
-183.488000	14.801477
-182.512000	5.798517
-181.536000	3.357036
-180.560000	19.226661
-179.584000	9.613330
-178.608000	10.834071
-177.632000	-0.457778
-176.656000	-2.441481
-175.680000	6.714072
-174.704000	13.580737
-173.728000	-7.629627
-172.752000	-2.746666
-171.776000	14.954070
-170.800000	7.019257
-169.824000	-2.594073
-168.848000	-6.561480
-167.872000	-8.239998
-166.896000	9.613330
-165.920000	0.762963
-164.944000	24.109622
-163.968000	-0.457778
-162.992000	5.188147
-162.016000	12.817774
-161.040000	12.817774
-160.064000	10.528886
-159.088000	3.967406
-158.112000	1.831111
-157.136000	2.746666
-156.160000	-7.629627
-155.184000	5.035554
-154.208000	14.954070
-153.232000	7.324442
-152.256000	10.681478
-151.280000	12.054811
-150.304000	2.136296
-149.328000	-5.493332
-148.352000	8.697775
-147.376000	11.902219
-146.400000	12.359996
-145.424000	1.373333
-144.448000	-7.477035
-143.472000	-6.714072
-142.496000	-1.831111
-141.520000	0.610370
-140.544000	-16.785180
-139.568000	-8.545183
-138.592000	-23.499252
-137.616000	-12.512589
-136.640000	-16.479995
-135.664000	-14.191107
-134.688000	-24.567400
-133.712000	-20.294809
-132.736000	-12.054811
-131.760000	-31.586657
-130.784000	-27.161473
-129.808000	-35.401471
-128.832000	-38.300729
-127.856000	-10.071108
-126.880000	-30.518509
-125.904000	-20.752586
-124.928000	-23.957030
-123.952000	-37.690359
-122.976000	-30.823695
-122.000000	-30.976287
-121.024000	-32.349620
-120.048000	-28.687399
-119.072000	-35.554064
-118.096000	-26.245918
-117.120000	-22.736290
-116.144000	-19.684439
-115.168000	-25.177770
-114.192000	-31.128880
-113.216000	-18.463698
-112.240000	-15.564440
-111.264000	-3.967406
-110.288000	-13.733329
-109.312000	-1.220740
-108.336000	14.343699
-107.360000	16.022217
-106.384000	13.275552
-105.408000	0.000000
-104.432000	25.330363
-103.456000	18.005921
-102.480000	27.314066
-101.504000	35.859249
-100.528000	35.859249
-99.552000	30.518509
-98.576000	37.690359
-97.600000	31.434065
-96.624000	39.674062
-95.648000	59.511093
-94.672000	58.595538
-93.696000	50.508133
-92.720000	62.257759
-91.744000	40.894803
-90.768000	46.388134
-89.792000	42.115543
-88.816000	31.586657
-87.840000	39.826655
-86.864000	36.622211
-85.888000	33.722953
-84.912000	34.180731
-83.936000	32.959990
-82.960000	26.245918
-81.984000	27.314066
-81.008000	13.580737
-80.032000	5.340739
-79.056000	-11.291849
-78.080000	2.441481
-77.104000	-19.226661
-76.128000	-18.768883
-75.152000	-29.908139
-74.176000	-41.505173
-73.200000	-39.826655
-72.224000	-45.472579
-71.248000	-48.371838
-70.272000	-73.702200
-69.296000	-47.151097
-68.320000	-71.871090
-67.344000	-76.906644
-66.368000	-83.162938
-65.392000	-90.639973
-64.416000	-88.045900
-63.440000	-95.980712
-62.464000	-107.882931
-61.488000	-93.234046
-60.512000	-95.065157
-59.536000	-82.705161
-58.560000	-97.201453
-57.584000	-101.779229
-56.608000	-111.850337
-55.632000	-96.285897
-54.656000	-78.127384
-53.680000	-74.465163
-52.704000	-71.260720
-51.728000	-62.410352
-50.752000	-62.715537
-49.776000	-40.894803
-48.800000	-38.605914
-47.824000	-31.434065
-46.848000	-31.281472
-45.872000	-10.223701
-44.896000	15.564440
-43.920000	18.768883
-42.944000	24.414808
-41.968000	41.047395
-40.992000	48.677023
-40.016000	50.965911
-39.040000	69.277017
-38.064000	72.176275
-37.088000	82.247383
-36.112000	109.561449
-35.136000	105.594043
-34.160000	123.905148
-33.184000	123.905148
-32.208000	142.826624
-31.232000	139.927366
-30.256000	140.385144
-29.280000	135.044404
-28.304000	141.453291
-27.328000	148.777734
-26.352000	138.859218
-25.376000	143.131809
-24.400000	140.842921
-23.424000	141.148106
-22.448000	119.937742
-21.472000	114.291818
-20.496000	101.474044
-19.520000	98.879971
-18.544000	84.078494
-17.568000	68.056276
-16.592000	58.595538
-15.616000	36.927396
-14.640000	20.294809
-13.664000	9.308145
-12.688000	-10.986663
-11.712000	-43.336283
-10.736000	-47.761467
-9.760000	-61.494797
-8.784000	-81.484420
-7.808000	-106.051820
-6.832000	-115.665151
-5.856000	-121.463668
-4.880000	-166.631062
-3.904000	-159.154027
-2.928000	-184.179205
-1.952000	-197.149571
-0.976000	-193.639943
0.000000	-212.103641
0.976000	-218.665120
1.952000	-220.191046
2.928000	-207.983642
3.904000	-228.278451
4.880000	-224.768822
5.856000	-210.425123
6.832000	-209.204382
7.808000	-211.951048
8.784000	-199.438459
9.760000	-190.435499
10.736000	-159.154027
11.712000	-157.475509
12.688000	-151.371807
13.664000	-140.385144
14.640000	-117.038484
15.616000	-72.328867
16.592000	-54.933317
17.568000	-48.982208
18.544000	-21.362957
19.520000	1.068148
20.496000	31.128880
21.472000	55.085910
22.448000	82.399976
23.424000	99.032563
24.400000	121.616260
25.376000	141.758477
26.352000	187.994018
27.328000	175.786615
28.304000	219.275491
29.280000	229.346599
30.256000	240.638447
31.232000	273.751030
32.208000	279.244362
33.184000	278.939177
34.160000	292.214728
35.136000	303.506577
36.112000	292.825098
37.088000	287.942137
38.064000	278.023621
39.040000	294.045839
40.016000	258.644368
40.992000	259.712516
41.968000	246.894742
42.944000	215.155492
43.920000	215.613269
44.896000	189.214759
45.872000	174.260689
46.848000	136.417737
47.824000	103.305155
48.800000	82.094790
49.776000	37.537767
50.752000	30.976287
51.728000	-10.834071
52.704000	-54.322947
53.680000	-75.991089
54.656000	-118.411817
55.632000	-148.777734
56.608000	-173.650319
57.584000	-206.610309
58.560000	-214.087344
59.536000	-262.306589
60.512000	-275.734733
61.488000	-293.435469
62.464000	-324.564348
63.440000	-352.946562
64.416000	-359.813227
65.392000	-372.631001
66.368000	-384.533219
67.344000	-365.916929
68.320000	-370.952483
69.296000	-370.494705
70.272000	-369.121372
71.248000	-373.699149
72.224000	-349.589526
73.200000	-329.752495
74.176000	-317.545091
75.152000	-290.078433
76.128000	-275.582141
77.104000	-236.976226
78.080000	-220.801416
79.056000	-184.789575
80.032000	-134.281442
81.008000	-102.542192
81.984000	-56.459243
82.960000	-16.174810
83.936000	6.561480
84.912000	65.157018
85.888000	82.247383
86.864000	144.047365
87.840000	174.871059
88.816000	207.983642
89.792000	249.488815
90.768000	271.462142
91.744000	314.798425
92.720000	341.502121
93.696000	347.605823
94.672000	372.936186
95.648000	386.822108
96.624000	422.681356
97.600000	426.953948
98.576000	430.921354
99.552000	430.005799
100.528000	432.142094
101.504000	439.008759
102.480000	421.613208
103.456000	404.828028
104.432000	394.451735
105.408000	365.764336
106.384000	336.619160
107.360000	316.934721
108.336000	283.822138
109.312000	247.810297
110.288000	223.853267
111.264000	156.254769
112.240000	137.028108
113.216000	98.422193
114.192000	57.222205
115.168000	8.087405
116.144000	-32.959990
117.120000	-93.386639
118.096000	-125.888852
119.072000	-170.140690
120.048000	-214.087344
121.024000	-252.845851
122.000000	-303.964354
122.976000	-333.567309
123.952000	-361.644337
124.928000	-403.607288
125.904000	-415.509507
126.880000	-447.553941
127.856000	-450.605792
128.832000	-477.004303
129.808000	-498.367260
130.784000	-481.276894
131.760000	-481.887265
132.736000	-501.724296
133.712000	-482.497635
134.688000	-470.595416
135.664000	-467.085788
136.640000	-432.294687
137.616000	-408.032472
138.592000	-376.445814
139.568000	-337.076937
140.544000	-303.659169
141.520000	-265.205847
142.496000	-231.177709
143.472000	-169.988098
144.448000	-137.638478
145.424000	-91.402936
146.400000	-41.199988
147.376000	10.223701
148.352000	43.336283
149.328000	97.506638
150.304000	156.559954
151.280000	187.994018
152.256000	246.894742
153.232000	275.887326
154.208000	311.441389
155.184000	366.527299
156.160000	368.968780
157.136000	400.555437
158.112000	439.619129
159.088000	463.881344
160.064000	482.039857
161.040000	487.075411
162.016000	487.533189
162.992000	486.465041
163.968000	495.620594
164.944000	495.315409
165.920000	466.017640
166.896000	445.722831
167.872000	437.788018
168.848000	417.340617
169.824000	402.996918
170.800000	368.205817
171.776000	314.645833
172.752000	297.402875
173.728000	243.842891
174.704000	200.659200
175.680000	163.274026
176.656000	120.853298
177.632000	74.312571
178.608000	31.891842
179.584000	-38.758507
180.560000	-85.604419
181.536000	-131.382183
182.512000	-164.799951
183.488000	-209.509568
184.464000	-254.982147
185.440000	-294.961394
186.416000	-325.937681
187.392000	-369.731742
188.368000	-385.296182
189.344000	-417.340617
190.320000	-443.281350
191.296000	-455.183569
192.272000	-479.140599
193.248000	-503.555406
194.224000	-493.636891
195.200000	-479.293191
196.176000	-496.383557
197.152000	-474.257637
198.128000	-474.257637
199.104000	-459.456160
200.080000	-416.730247
201.056000	-396.435438
202.032000	-364.696188
203.008000	-330.057680
203.984000	-295.113987
204.960000	-263.527329
205.936000	-242.774743
206.912000	-178.380688
207.888000	-152.592547
208.864000	-94.149602
209.840000	-49.134800
210.816000	-7.477035
211.792000	35.859249
212.768000	90.487381
213.744000	122.684408
214.720000	163.884396
215.696000	208.136235
216.672000	249.488815
217.648000	284.127323
218.624000	316.782128
219.600000	339.976196
220.576000	360.118412
221.552000	386.211737
222.528000	402.386547
223.504000	428.785058
224.480000	420.239875
225.456000	420.392468
226.432000	445.417646
227.408000	440.992462
228.384000	430.310984
229.360000	409.863582
230.336000	400.708029
231.312000	380.108036
232.288000	376.140629
233.264000	330.973235
234.240000	307.779168
235.216000	282.906583
236.192000	246.894742
237.168000	233.008820
238.144000	178.991058
239.120000	142.063662
240.096000	99.490341
241.072000	67.598498
242.048000	18.616291
243.024000	-13.580737
244.000000	-54.017762
244.976000	-93.081454
245.952000	-121.921445
246.928000	-153.202918
247.904000	-196.844386
248.880000	-222.174749
249.856000	-268.868068
250.832000	-302.438429
251.808000	-307.016205
252.784000	-339.213233
253.760000	-343.180639
254.736000	-362.254707
255.712000	-383.159886
256.688000	-378.582110
257.664000	-384.228034
258.640000	-381.633961
259.616000	-369.121372
260.592000	-384.380627
261.568000	-367.900632
262.544000	-332.346568
263.520000	-337.992492
264.496000	-313.272500
265.472000	-296.945097
266.448000	-250.862148
267.424000	-238.502152
268.400000	-225.379192
269.376000	-191.961425
270.352000	-143.894772
271.328000	-129.551073
272.304000	-88.961455
273.280000	-37.995544
274.256000	-20.294809
275.232000	17.700735
276.208000	52.186651
277.184000	65.004425
278.160000	117.496261
279.136000	144.810327
280.112000	150.914029
281.088000	181.127354
282.064000	209.814753
283.040000	212.408826
284.016000	243.995483
284.992000	261.238441
285.968000	289.773247
286.944000	276.650288
287.920000	292.519913
288.896000	290.688803
289.872000	286.416211
290.848000	287.942137
291.824000	298.013245
292.800000	288.552507
293.776000	263.374737
294.752000	265.511032
295.728000	254.066591
296.704000	228.125858
297.680000	215.155492
298.656000	199.896237
299.632000	181.585131
300.608000	141.911069
301.584000	125.278481
302.560000	94.302194
303.536000	87.740715
304.512000	61.799982
305.488000	32.044435
306.464000	8.392590
307.440000	2.441481
308.416000	-49.745170
309.392000	-56.154057
310.368000	-83.925901
311.344000	-104.068117
312.320000	-136.265145
313.296000	-166.325877
314.272000	-168.919950
315.248000	-178.075503
316.224000	-175.023652
317.200000	-210.730308
318.176000	-213.019196
319.152000	-214.697714
320.128000	-210.272530
321.104000	-223.090304
322.080000	-223.395489
323.056000	-219.885861
324.032000	-207.983642
325.008000	-229.499191
325.984000	-214.697714
326.960000	-194.402905
327.936000	-200.048830
328.912000	-172.582171
329.888000	-170.140690
330.864000	-144.505142
331.840000	-149.082919
332.816000	-122.226630
333.792000	-112.002930
334.768000	-88.656270
335.744000	-64.546648
336.720000	-50.508133
337.696000	-33.265175
338.672000	-18.921476
339.648000	-8.239998
340.624000	20.599994
341.600000	34.333323
342.576000	52.339244
343.552000	68.666646
344.528000	66.682943
345.504000	89.877010
346.480000	105.441450
347.456000	101.626637
348.432000	122.074038
349.408000	117.801447
350.384000	130.161443
351.360000	140.385144
352.336000	159.611805
353.312000	154.576250
354.288000	132.755516
355.264000	139.011811
356.240000	138.248848
357.216000	140.079958
358.192000	153.965880
359.168000	125.278481
360.144000	106.814783
361.120000	101.626637
362.096000	91.555528
363.072000	96.438490
364.048000	95.370342
365.024000	66.988128
366.000000	58.900723
366.976000	40.437025
367.952000	42.420728
368.928000	33.722953
369.904000	17.853328
370.880000	22.583697
371.856000	7.629627
372.832000	-20.599994
373.808000	-30.823695
374.784000	-39.826655
375.760000	-44.862209
376.736000	-65.919980
377.712000	-72.481460
378.688000	-80.721458
379.664000	-95.370342
380.640000	-92.013306
381.616000	-75.838496
382.592000	-74.770348
383.568000	-92.318491
384.544000	-112.613300
385.520000	-102.999969
386.496000	-102.389599
387.472000	-98.727378
388.448000	-93.081454
389.424000	-106.051820
