# Freq(Hz)	Amp(mV)
0.000000	8.419446
101.461039	8.641311
202.922078	9.286256
304.383117	10.299825
405.844156	11.608213
507.305195	13.128389
608.766234	14.772355
710.227273	16.449206
811.688312	18.067585
913.149351	19.539008
1014.610390	20.781657
1116.071429	21.724078
1217.532468	22.308321
1318.993506	22.492243
1420.454545	22.250820
1521.915584	21.576424
1623.376623	20.478128
1724.837662	18.980169
1826.298701	17.119756
1927.759740	14.944452
2029.220779	12.509414
2130.681818	9.874873
2232.142857	7.104805
2333.603896	4.271759
2435.064935	1.543784
2536.525974	1.779490
2637.987013	4.442982
2739.448052	7.093571
2840.909091	9.614458
2942.370130	11.966619
3043.831169	14.124257
3145.292208	16.067739
3246.753247	17.781094
3348.214286	19.250321
3449.675325	20.462036
3551.136364	21.402447
3652.597403	22.056787
3754.058442	22.409307
3855.519481	22.443856
3956.980519	22.145033
4058.441558	21.499781
4159.902597	20.499240
4261.363636	19.140640
4362.824675	17.429010
4464.285714	15.378495
4565.746753	13.013131
4667.207792	10.366989
4768.668831	7.483688
4870.129870	4.415484
4971.590909	1.225732
5073.051948	2.048999
5174.512987	5.304814
5275.974026	8.496859
5377.435065	11.560341
5478.896104	14.436653
5580.357143	17.073373
5681.818182	19.425243
5783.279221	21.454771
5884.740260	23.132376
5986.201299	24.436109
6087.662338	25.351045
6189.123377	25.868463
6290.584416	25.984938
6392.045455	25.701480
6493.506494	25.022819
6594.967532	23.956931
6696.428571	22.514826
6797.889610	20.710627
6899.350649	18.561877
7000.811688	16.090033
7102.272727	13.321029
7203.733766	10.285828
7305.194805	7.020849
7406.655844	3.568193
7508.116883	0.029235
7609.577922	3.704198
7711.038961	7.413367
7812.500000	11.091022
7913.961039	14.673840
8015.422078	18.097698
8116.883117	21.299234
8218.344156	24.217437
8319.805195	26.795168
8421.266234	28.980530
8522.727273	30.728025
8624.188312	31.999467
8725.649351	32.764609
8827.110390	33.001529
8928.571429	32.696768
9030.032468	31.845284
9131.493506	30.450274
9232.954545	28.522905
9334.415584	26.082014
9435.876623	23.153803
9537.337662	19.771548
9638.798701	15.975329
9740.259740	11.811788
9841.720779	7.334029
9943.181818	2.603884
10044.642857	2.339667
10146.103896	7.385077
10247.564935	12.486201
10349.025974	17.562989
10450.487013	22.536712
10551.948052	27.327673
10653.409091	31.856064
10754.870130	36.043041
10856.331169	39.811833
10957.792208	43.088812
11059.253247	45.804498
11160.714286	47.894470
11262.175325	49.300179
11363.636364	49.969651
11465.097403	49.858091
11566.558442	48.928397
11668.019481	47.151606
11769.480519	44.507288
11870.941558	40.983903
11972.402597	36.579136
12073.863636	31.300203
12175.324675	25.164141
12276.785714	18.198081
12378.246753	10.439755
12479.707792	1.948319
12581.168831	7.267922
12682.629870	17.081269
12784.090909	27.442387
12885.551948	38.265555
12987.012987	49.459074
13088.474026	60.925406
13189.935065	72.562442
13291.396104	84.264993
13392.857143	95.926360
13494.318182	107.439902
13595.779221	118.700529
13697.240260	129.606083
13798.701299	140.058535
13900.162338	149.965002
14001.623377	159.238543
14103.084416	167.798772
14204.545455	175.572295
14306.006494	182.493020
14407.467532	188.502385
14508.928571	193.549544
14610.389610	197.591577
14711.850649	200.593732
14813.311688	202.529735
14914.772727	203.382177
15016.233766	203.142938
15117.694805	201.813644
15219.155844	199.406088
15320.616883	195.942580
15422.077922	191.456147
15523.538961	185.990556
15625.000000	179.600085
15726.461039	172.349038
15827.922078	164.310987
15929.383117	155.567736
16030.844156	146.208065
16132.305195	136.326268
16233.766234	126.020585
16335.227273	115.391562
16436.688312	104.540438
16538.149351	93.567616
16639.610390	82.571284
16741.071429	71.646210
16842.532468	60.882773
16943.993506	50.366191
17045.454545	40.175971
17146.915584	30.385529
17248.376623	21.061950
17349.837662	12.265840
17451.298701	4.051299
17552.759740	3.535065
17654.220779	10.451576
17755.681818	16.665483
17857.142857	22.150410
17958.603896	26.887548
18060.064935	30.865824
18161.525974	34.082134
18262.987013	36.541516
18364.448052	38.257220
18465.909091	39.250652
18567.370130	39.551149
18668.831169	39.195584
18770.292208	38.227789
18871.753247	36.697807
18973.214286	34.661003
19074.675325	32.177051
19176.136364	29.308862
19277.597403	26.121464
19379.058442	22.680908
19480.519481	19.053221
19581.980519	15.303439
19683.441558	11.494758
19784.902597	7.687799
19886.363636	3.940106
19987.824675	0.314197
20089.285714	3.170681
20190.746753	6.436775
20292.207792	9.456366
20393.668831	12.194315
20495.129870	14.621060
20596.590909	16.712625
20698.051948	18.450755
20799.512987	19.823015
20900.974026	20.822829
21002.435065	21.449451
21103.896104	21.707833
21205.357143	21.608404
21306.818182	21.166744
21408.279221	20.403162
21509.740260	19.342187
21611.201299	18.011985
21712.662338	16.443732
21814.123377	14.670955
21915.584416	12.728881
22017.045455	10.653814
22118.506494	8.482589
22219.967532	6.252205
22321.428571	4.000137
22422.889610	1.770640
22524.350649	0.562167
22625.811688	2.606505
22727.272727	4.617619
22828.733766	6.500558
22930.194805	8.226166
23031.655844	9.770935
23133.116883	11.114883
23234.577922	12.241426
23336.038961	13.137547
23437.500000	13.794031
23538.961039	14.205684
23640.422078	14.371495
23741.883117	14.294725
23843.344156	13.982883
23944.805195	13.447578
24046.266234	12.704252
24147.727273	11.771776
24249.188312	10.671949
24350.649351	9.428901
24452.110390	8.068450
24553.571429	6.617439
24655.032468	5.103102
24756.493506	3.552539
24857.954545	1.992625
24959.415584	0.458935
25060.876623	1.074955
25162.337662	2.520505
25263.798701	3.889975
25365.259740	5.163141
25466.720779	6.323879
25568.181818	7.358286
25669.642857	8.254463
25771.103896	9.002465
25872.564935	9.594316
25974.025974	10.024073
26075.487013	10.287921
26176.948052	10.384302
26278.409091	10.314048
26379.870130	10.080500
26481.331169	9.689591
26582.792208	9.149866
26684.253247	8.472426
26785.714286	7.670774
26887.175325	6.760568
26988.636364	5.759285
27090.097403	4.685800
27191.558442	3.559929
27293.019481	2.401993
27394.480519	1.232782
27495.941558	0.109309
27597.402597	1.075023
27698.863636	2.168035
27800.324675	3.203639
27901.785714	4.166890
28003.246753	5.045284
28104.707792	5.828102
28206.168831	6.506258
28307.629870	7.072194
28409.090909	7.519815
28510.551948	7.844458
28612.012987	8.042909
28713.474026	8.113470
28814.935065	8.056067
28916.396104	7.872368
29017.857143	7.565908
29119.318182	7.142179
29220.779221	6.608682
29322.240260	5.974906
29423.701299	5.252240
29525.162338	4.453816
29626.623377	3.594290
29728.084416	2.689622
29829.545455	1.757117
29931.006494	0.818208
30032.467532	0.211938
30133.928571	1.073811
30235.389610	1.953852
30336.850649	2.786548
30438.311688	3.556596
30539.772727	4.252281
30641.233766	4.864049
30742.694805	5.384286
30844.155844	5.807206
30945.616883	6.128723
31047.077922	6.346294
31148.538961	6.458769
31250.000000	6.466258
31351.461039	6.370047
31452.922078	6.172565
31554.383117	5.877426
31655.844156	5.489506
31757.305195	5.015057
31858.766234	4.461809
31960.227273	3.839046
32061.688312	3.157602
32163.149351	2.429783
32264.610390	1.669218
32366.071429	0.890832
32467.532468	0.121936
32568.993506	0.667553
32670.454545	1.410493
32771.915584	2.113971
32873.376623	2.764634
32974.837662	3.351480
33076.298701	3.865607
33177.759740	4.300322
33279.220779	4.651179
33380.681818	4.915907
33482.142857	5.094240
33583.603896	5.187642
33685.064935	5.198987
33786.525974	5.132192
33887.987013	4.991864
33989.448052	4.782976
34090.909091	4.510612
34192.370130	4.179807
34293.831169	3.795483
34395.292208	3.362491
34496.753247	2.885752
34598.214286	2.370458
34699.675325	1.822321
34801.136364	1.247876
34902.597403	0.655198
35004.058442	0.083357
35105.519481	0.566101
35206.980519	1.163602
35308.441558	1.744071
35409.902597	2.295468
35511.363636	2.806795
35612.824675	3.267725
35714.285714	3.668925
35815.746753	4.002423
35917.207792	4.261926
36018.668831	4.443059
36120.129870	4.543492
36221.590909	4.562964
36323.051948	4.503192
36424.512987	4.367681
36525.974026	4.161463
36627.435065	3.890779
36728.896104	3.562746
36830.357143	3.185031
36931.818182	2.765562
37033.279221	2.312299
37134.740260	1.833082
37236.201299	1.335574
37337.662338	0.827415
37439.123377	0.318132
37540.584416	0.208148
37642.045455	0.702016
37743.506494	1.185295
37844.967532	1.646258
37946.428571	2.077824
38047.889610	2.473391
38149.350649	2.826696
38250.811688	3.131922
38352.272727	3.383883
38453.733766	3.578213
38555.194805	3.711570
38656.655844	3.781793
38758.116883	3.788033
38859.577922	3.730809
38961.038961	3.612009
39062.500000	3.434805
39163.961039	3.203518
39265.422078	2.923419
39366.883117	2.600497
39468.344156	2.241220
39569.805195	1.852304
39671.266234	1.440523
39772.727273	1.012579
39874.188312	0.575084
39975.649351	0.135841
40077.110390	0.306089
40178.571429	0.735053
40280.032468	1.149763
40381.493506	1.543935
40482.954545	1.911677
40584.415584	2.247258
40685.876623	2.545198
40787.337662	2.800407
40888.798701	3.008355
40990.259740	3.165243
41091.720779	3.268166
41193.181818	3.315239
41294.642857	3.305682
41396.103896	3.239865
41497.564935	3.119306
41599.025974	2.946628
41700.487013	2.725479
41801.948052	2.460433
41903.409091	2.156855
42004.870130	1.820756
42106.331169	1.458637
42207.792208	1.077315
42309.253247	0.683781
42410.714286	0.285296
42512.175325	0.116263
42613.636364	0.504473
42715.097403	0.881011
42816.558442	1.238912
42918.019481	1.573264
43019.480519	1.879758
43120.941558	2.154554
43222.402597	2.394199
43323.863636	2.595555
43425.324675	2.755761
43526.785714	2.872250
43628.246753	2.942809
43729.707792	2.965711
43831.168831	2.939868
43932.629870	2.865016
44034.090909	2.741871
44135.551948	2.572264
44237.012987	2.359195
44338.474026	2.106821
44439.935065	1.820357
44541.396104	1.505900
44642.857143	1.170190
44744.318182	0.820337
44845.779221	0.463553
44947.240260	0.107526
45048.701299	0.244830
45150.162338	0.582905
45251.623377	0.904013
45353.084416	1.203795
45454.545455	1.478868
45556.006494	1.726597
45657.467532	1.944954
45758.928571	2.132354
45860.389610	2.287507
45961.850649	2.409284
46063.311688	2.496616
46164.772727	2.548453
46266.233766	2.563774
46367.694805	2.541656
46469.155844	2.481387
46570.616883	2.382625
46672.077922	2.245577
46773.538961	2.071171
46875.000000	1.861223
46976.461039	1.618553
47077.922078	1.347046
47179.383117	1.051653
47280.844156	0.738345
47382.305195	0.414225
47483.766234	0.093900
47585.227273	0.248664
47686.688312	0.562700
47788.149351	0.861500
47889.610390	1.137736
47991.071429	1.386267
48092.532468	1.603314
48193.993506	1.786411
48295.454545	1.934332
48396.915584	2.046922
48498.376623	2.124852
48599.837662	2.169321
48701.298701	2.181752
48802.759740	2.163535
48904.220779	2.115850
49005.681818	2.039605
49107.142857	1.935491
49208.603896	1.804127
49310.064935	1.646267
49411.525974	1.463021
49512.987013	1.256049
49614.448052	1.027697
49715.909091	0.781076
49817.370130	0.520090
49918.831169	0.249713
50020.292208	0.041703
50121.753247	0.306261
50223.214286	0.576007
50324.675325	0.835048
50426.136364	1.077852
50527.597403	1.299590
50629.058442	1.496096
50730.519481	1.663988
50831.980519	1.800789
50933.441558	1.905000
51034.902597	1.976130
51136.363636	2.014652
51237.824675	2.021884
51339.285714	1.999805
51440.746753	1.950798
51542.207792	1.877367
51643.668831	1.781863
51745.129870	1.666268
51846.590909	1.532102
51948.051948	1.380492
52049.512987	1.212455
52150.974026	1.029457
52252.435065	0.834491
52353.896104	0.634673
52455.357143	0.449701
52556.818182	0.339820
52658.279221	0.397405
52759.740260	0.579916
52861.201299	0.803808
52962.662338	1.034635
53064.123377	1.257252
53165.584416	1.462379
53267.045455	1.643244
53368.506494	1.794733
53469.967532	1.913177
53571.428571	1.996297
53672.889610	2.043149
53774.350649	2.054018
53875.811688	2.030257
53977.272727	1.974074
54078.733766	1.888290
54180.194805	1.776084
54281.655844	1.640751
54383.116883	1.485501
54484.577922	1.313307
54586.038961	1.126828
54687.500000	0.928413
54788.961039	0.720182
54890.422078	0.504238
54991.883117	0.283307
55093.344156	0.071236
55194.805195	0.182398
55296.266234	0.405741
55397.727273	0.626940
55499.188312	0.840078
55600.649351	1.040574
55702.110390	1.223872
55803.571429	1.385484
55905.032468	1.521198
56006.493506	1.627327
56107.954545	1.700944
56209.415584	1.740090
56310.876623	1.743922
56412.337662	1.712794
56513.798701	1.648246
56615.259740	1.552921
56716.720779	1.430400
56818.181818	1.284978
56919.642857	1.121397
57021.103896	0.944590
57122.564935	0.759488
57224.025974	0.571071
57325.487013	0.385322
57426.948052	0.215739
57528.409091	0.136624
57629.870130	0.245326
57731.331169	0.405576
57832.792208	0.568845
57934.253247	0.726736
58035.714286	0.875948
58137.175325	1.014010
58238.636364	1.138465
58340.097403	1.246722
58441.558442	1.336121
58543.019481	1.404077
58644.480519	1.448264
58745.941558	1.466787
58847.402597	1.458351
58948.863636	1.422382
59050.324675	1.359117
59151.785714	1.269651
59253.246753	1.155933
59354.707792	1.020735
59456.168831	0.867580
59557.629870	0.700682
59659.090909	0.525000
59760.551948	0.346949
59862.012987	0.180288
59963.474026	0.112801
60064.935065	0.236156
60166.396104	0.389512
60267.857143	0.536416
60369.318182	0.670769
60470.779221	0.790526
60572.240260	0.895029
60673.701299	0.984361
60775.162338	1.058979
60876.623377	1.119435
60978.084416	1.166136
61079.545455	1.199179
61181.006494	1.218285
61282.467532	1.222822
61383.928571	1.211927
61485.389610	1.184678
61586.850649	1.140295
61688.311688	1.078323
61789.772727	0.998793
61891.233766	0.902325
61992.694805	0.790189
62094.155844	0.664342
62195.616883	0.527482
62297.077922	0.383354
62398.538961	0.238515
62500.000000	0.117957
62601.461039	0.141108
62702.922078	0.269622
62804.383117	0.407952
62905.844156	0.540726
63007.305195	0.663342
63108.766234	0.773339
63210.227273	0.869189
63311.688312	0.949978
63413.149351	1.015247
63514.610390	1.064869
63616.071429	1.098916
63717.532468	1.117550
63818.993506	1.120936
63920.454545	1.109189
64021.915584	1.082372
64123.376623	1.040542
64224.837662	0.983832
64326.298701	0.912559
64427.759740	0.827342
64529.220779	0.729230
64630.681818	0.619840
64732.142857	0.501616
64833.603896	0.378537
64935.064935	0.258897
65036.525974	0.168582
65137.987013	0.174009
65239.448052	0.269023
65340.909091	0.389188
65442.370130	0.511520
65543.831169	0.628406
65645.292208	0.736019
65746.753247	0.831858
65848.214286	0.914103
65949.675325	0.981391
66051.136364	1.032724
66152.597403	1.067418
66254.058442	1.085071
66355.519481	1.085536
66456.980519	1.068902
66558.441558	1.035474
66659.902597	0.985765
66761.363636	0.920498
66862.824675	0.840620
66964.285714	0.747359
67065.746753	0.642323
67167.207792	0.527734
67268.668831	0.407043
67370.129870	0.287058
67471.590909	0.187381
67573.051948	0.166502
67674.512987	0.247020
67775.974026	0.363753
67877.435065	0.485264
67978.896104	0.601121
68080.357143	0.706073
68181.818182	0.796623
68283.279221	0.870242
68384.740260	0.925172
68486.201299	0.960358
68587.662338	0.975410
68689.123377	0.970548
68790.584416	0.946515
68892.045455	0.904483
68993.506494	0.845943
69094.967532	0.772598
69196.428571	0.686282
69297.889610	0.588887
69399.350649	0.482335
69500.811688	0.368552
69602.272727	0.249477
69703.733766	0.127074
69805.194805	0.005598
69906.655844	0.120265
70008.116883	0.241101
70109.577922	0.357714
70211.038961	0.468392
70312.500000	0.571613
70413.961039	0.666058
70515.422078	0.750622
70616.883117	0.824402
70718.344156	0.886676
70819.805195	0.936865
70921.266234	0.974500
71022.727273	0.999201
71124.188312	1.010667
71225.649351	1.008687
71327.110390	0.993168
71428.571429	0.964168
71530.032468	0.921925
71631.493506	0.866888
71732.954545	0.799721
71834.415584	0.721303
71935.876623	0.632719
72037.337662	0.535244
72138.798701	0.430356
72240.259740	0.319827
72341.720779	0.206188
72443.181818	0.096600
72544.642857	0.067866
72646.103896	0.168497
72747.564935	0.280718
72849.025974	0.389878
72950.487013	0.492313
73051.948052	0.585529
73153.409091	0.667442
73254.870130	0.736316
73356.331169	0.790804
73457.792208	0.830017
73559.253247	0.853560
73660.714286	0.861552
73762.175325	0.854600
73863.636364	0.833742
73965.097403	0.800357
74066.558442	0.756047
74168.019481	0.702508
74269.480519	0.641389
74370.941558	0.574164
74472.402597	0.502032
74573.863636	0.425845
74675.324675	0.346094
74776.785714	0.262976
74878.246753	0.176567
74979.707792	0.087626
75081.168831	0.026830
75182.629870	0.111665
75284.090909	0.211849
75385.551948	0.314920
75487.012987	0.418585
75588.474026	0.520467
75689.935065	0.617805
75791.396104	0.707529
75892.857143	0.786433
75994.318182	0.851383
76095.779221	0.899538
76197.240260	0.928564
76298.701299	0.936825
76400.162338	0.923523
76501.623377	0.888788
76603.084416	0.833698
76704.545455	0.760240
76806.006494	0.671202
76907.467532	0.570028
77008.928571	0.460662
77110.389610	0.347490
77211.850649	0.235777
77313.311688	0.135106
77414.772727	0.084689
77516.233766	0.136184
77617.694805	0.217672
77719.155844	0.297477
77820.616883	0.370509
77922.077922	0.436079
78023.538961	0.494703
78125.000000	0.547291
78226.461039	0.594756
78327.922078	0.637770
78429.383117	0.676604
78530.844156	0.711051
78632.305195	0.740430
78733.766234	0.763640
78835.227273	0.779265
78936.688312	0.785705
79038.149351	0.781341
79139.610390	0.764707
79241.071429	0.734665
79342.532468	0.690578
79443.993506	0.632466
79545.454545	0.561142
79646.915584	0.478360
79748.376623	0.387089
79849.837662	0.292330
79951.298701	0.204262
80052.759740	0.149373
80154.220779	0.167631
80255.681818	0.239211
80357.142857	0.324965
80458.603896	0.409638
80560.064935	0.487829
80661.525974	0.557395
80762.987013	0.617598
80864.448052	0.668388
80965.909091	0.709964
81067.370130	0.742456
81168.831169	0.765718
81270.292208	0.779245
81371.753247	0.782225
81473.214286	0.773697
81574.675325	0.752773
81676.136364	0.718858
81777.597403	0.671834
81879.058442	0.612170
81980.519481	0.540950
82081.980519	0.459822
82183.441558	0.370885
82284.902597	0.276541
82386.363636	0.179376
82487.824675	0.082480
82589.285714	0.025537
82690.746753	0.111449
82792.207792	0.199049
82893.668831	0.281121
82995.129870	0.356505
83096.590909	0.424548
83198.051948	0.484818
83299.512987	0.537005
83400.974026	0.580878
83502.435065	0.616259
83603.896104	0.643019
83705.357143	0.661079
83806.818182	0.670393
83908.279221	0.670924
84009.740260	0.662617
84111.201299	0.645364
84212.662338	0.619001
84314.123377	0.583330
84415.584416	0.538179
84517.045455	0.483493
84618.506494	0.419442
84719.967532	0.346516
84821.428571	0.265600
84922.889610	0.178003
85024.350649	0.085438
85125.811688	0.010238
85227.272727	0.106308
85328.733766	0.200870
85430.194805	0.291557
85531.655844	0.376335
85633.116883	0.453500
85734.577922	0.521752
85836.038961	0.580212
85937.500000	0.628405
86038.961039	0.666187
86140.422078	0.693651
86241.883117	0.711018
86343.344156	0.718531
86444.805195	0.716370
86546.266234	0.704592
86647.727273	0.683116
86749.188312	0.651728
86850.649351	0.610130
86952.110390	0.558000
87053.571429	0.495092
87155.032468	0.421349
87256.493506	0.337065
87357.954545	0.243168
87459.415584	0.142249
87560.876623	0.052595
87662.337662	0.106656
87763.798701	0.220334
87865.259740	0.337230
87966.720779	0.450290
88068.181818	0.554901
88169.642857	0.646923
88271.103896	0.722677
88372.564935	0.779158
88474.025974	0.814288
88575.487013	0.827130
88676.948052	0.818038
88778.409091	0.788722
88879.870130	0.742200
88981.331169	0.682635
89082.792208	0.615021
89184.253247	0.544696
89285.714286	0.476633
89387.175325	0.414518
89488.636364	0.359815
89590.097403	0.311324
89691.558442	0.265849
89793.019481	0.220097
89894.480519	0.173719
89995.941558	0.134998
90097.402597	0.128770
90198.863636	0.171887
90300.324675	0.245212
90401.785714	0.329783
90503.246753	0.415468
90604.707792	0.495820
90706.168831	0.566131
90807.629870	0.622992
90909.090909	0.664233
91010.551948	0.688907
91112.012987	0.697218
91213.474026	0.690356
91314.935065	0.670247
91416.396104	0.639253
91517.857143	0.599849
91619.318182	0.554325
91720.779221	0.504572
91822.240260	0.451978
91923.701299	0.397437
92025.162338	0.341465
92126.623377	0.284358
92228.084416	0.226372
92329.545455	0.168009
92431.006494	0.111033
92532.467532	0.064855
92633.928571	0.069138
92735.389610	0.123841
92836.850649	0.193694
92938.311688	0.270344
93039.772727	0.351310
93141.233766	0.434472
93242.694805	0.517157
93344.155844	0.596039
93445.616883	0.667301
93547.077922	0.726924
93648.538961	0.771039
93750.000000	0.796269
93851.461039	0.800055
93952.922078	0.780905
94054.383117	0.738563
94155.844156	0.674074
94257.305195	0.589744
94358.766234	0.489006
94460.227273	0.376202
94561.688312	0.256333
94663.149351	0.134994
94764.610390	0.026525
94866.071429	0.100212
94967.532468	0.198716
95068.993506	0.283341
95170.454545	0.351376
95271.915584	0.401807
95373.376623	0.434849
95474.837662	0.451846
95576.298701	0.455190
95677.759740	0.448244
95779.220779	0.435230
95880.681818	0.421009
95982.142857	0.410549
96083.603896	0.407927
96185.064935	0.415092
96286.525974	0.431129
96387.987013	0.452632
96489.448052	0.474852
96590.909091	0.492828
96692.370130	0.502113
96793.831169	0.499145
96895.292208	0.481439
96996.753247	0.447697
97098.214286	0.397874
97199.675325	0.333220
97301.136364	0.256363
97402.597403	0.171829
97504.058442	0.090397
97605.519481	0.068652
97706.980519	0.137343
97808.441558	0.217042
97909.902597	0.289103
98011.363636	0.348570
98112.824675	0.393442
98214.285714	0.423691
98315.746753	0.441184
98417.207792	0.449611
98518.668831	0.454137
98620.129870	0.460488
98721.590909	0.473410
98823.051948	0.495028
98924.512987	0.524129
99025.974026	0.556848
99127.435065	0.588104
99228.896104	0.612877
99330.357143	0.626978
99431.818182	0.627370
99533.279221	0.612245
99634.740260	0.580967
99736.201299	0.533954
99837.662338	0.472549
99939.123377	0.398909
100040.584416	0.316002
100142.045455	0.228015
100243.506494	0.142816
100344.967532	0.087791
100446.428571	0.118480
100547.889610	0.192430
100649.350649	0.268743
100750.811688	0.337205
100852.272727	0.393668
100953.733766	0.435736
101055.194805	0.462022
101156.655844	0.472002
101258.116883	0.465989
101359.577922	0.445099
101461.038961	0.411190
101562.500000	0.366758
101663.961039	0.314789
101765.422078	0.258596
101866.883117	0.201701
101968.344156	0.147929
102069.805195	0.102279
102171.266234	0.073773
102272.727273	0.073739
102374.188312	0.095763
102475.649351	0.125869
102577.110390	0.158879
102678.571429	0.193911
102780.032468	0.230821
102881.493506	0.269035
102982.954545	0.307348
103084.415584	0.344095
103185.876623	0.377438
103287.337662	0.405643
103388.798701	0.427281
103490.259740	0.441354
103591.720779	0.447343
103693.181818	0.445200
103794.642857	0.435295
103896.103896	0.418338
103997.564935	0.395303
104099.025974	0.367360
104200.487013	0.335844
104301.948052	0.302248
104403.409091	0.268258
104504.870130	0.235783
104606.331169	0.206938
104707.792208	0.183854
104809.253247	0.168150
104910.714286	0.160183
105012.175325	0.158712
105113.636364	0.161560
105215.097403	0.166814
105316.558442	0.173628
105418.019481	0.182378
105519.480519	0.194281
105620.941558	0.210670
105722.402597	0.232230
105823.863636	0.258586
105925.324675	0.288392
106026.785714	0.319718
106128.246753	0.350462
106229.707792	0.378642
106331.168831	0.402572
106432.629870	0.420953
106534.090909	0.432897
106635.551948	0.437907
106737.012987	0.435824
106838.474026	0.426764
106939.935065	0.411038
107041.396104	0.389095
107142.857143	0.361472
107244.318182	0.328780
107345.779221	0.291703
107447.240260	0.251038
107548.701299	0.207787
107650.162338	0.163411
107751.623377	0.120648
107853.084416	0.086406
107954.545455	0.077120
108056.006494	0.101585
108157.467532	0.143994
108258.928571	0.192827
108360.389610	0.243828
108461.850649	0.295018
108563.311688	0.344957
108664.772727	0.392221
108766.233766	0.435257
108867.694805	0.472393
108969.155844	0.501934
109070.616883	0.522298
109172.077922	0.532170
109273.538961	0.530641
109375.000000	0.517324
109476.461039	0.492415
109577.922078	0.456711
109679.383117	0.411567
109780.844156	0.358801
109882.305195	0.300578
109983.766234	0.239296
110085.227273	0.177613
110186.688312	0.119091
110288.149351	0.072198
110389.610390	0.063392
110491.071429	0.098235
110592.532468	0.145205
110693.993506	0.193262
110795.454545	0.239781
110896.915584	0.283624
110998.376623	0.323764
111099.837662	0.358986
111201.298701	0.387900
111302.759740	0.409082
111404.220779	0.421252
111505.681818	0.423459
111607.142857	0.415222
111708.603896	0.396625
111810.064935	0.368362
111911.525974	0.331727
112012.987013	0.288567
112114.448052	0.241244
112215.909091	0.192664
112317.370130	0.146563
112418.831169	0.108413
112520.292208	0.086629
112621.753247	0.087318
112723.214286	0.103185
112824.675325	0.122827
112926.136364	0.140437
113027.597403	0.154246
113129.058442	0.164512
113230.519481	0.172664
113331.980519	0.180812
113433.441558	0.191193
113534.902597	0.205480
113636.363636	0.224195
113737.824675	0.246554
113839.285714	0.270760
113940.746753	0.294460
114042.207792	0.315128
114143.668831	0.330336
114245.129870	0.337930
114346.590909	0.336177
114448.051948	0.323879
114549.512987	0.300485
114650.974026	0.266181
114752.435065	0.222029
114853.896104	0.170297
114955.357143	0.115884
115056.818182	0.074111
115158.279221	0.083555
115259.740260	0.134888
115361.201299	0.194563
115462.662338	0.251657
115564.123377	0.301865
115665.584416	0.342767
115767.045455	0.372962
115868.506494	0.391864
115969.967532	0.399618
116071.428571	0.397009
116172.889610	0.385360
116274.350649	0.366390
116375.811688	0.342063
116477.272727	0.314433
116578.733766	0.285506
116680.194805	0.257137
116781.655844	0.230957
116883.116883	0.208344
116984.577922	0.190376
117086.038961	0.177739
117187.500000	0.170579
117288.961039	0.168406
117390.422078	0.170175
117491.883117	0.174581
117593.344156	0.180401
117694.805195	0.186748
117796.266234	0.193191
117897.727273	0.199741
117999.188312	0.206712
118100.649351	0.214494
118202.110390	0.223274
118303.571429	0.232815
118405.032468	0.242379
118506.493506	0.250817
118607.954545	0.256774
118709.415584	0.258939
118810.876623	0.256260
118912.337662	0.248121
119013.798701	0.234459
119115.259740	0.215832
119216.720779	0.193465
119318.181818	0.169274
119419.642857	0.145883
119521.103896	0.126530
119622.564935	0.114468
119724.025974	0.111434
119825.487013	0.116371
119926.948052	0.126541
120028.409091	0.139718
120129.870130	0.155099
120231.331169	0.172940
120332.792208	0.193769
120434.253247	0.217657
120535.714286	0.243848
120637.175325	0.270776
120738.636364	0.296336
120840.097403	0.318220
120941.558442	0.334219
121043.019481	0.342462
121144.480519	0.341597
121245.941558	0.330911
121347.402597	0.310411
121448.863636	0.280865
121550.324675	0.243843
121651.785714	0.201834
121753.246753	0.158650
121854.707792	0.120672
121956.168831	0.098918
122057.629870	0.103498
122159.090909	0.127958
122260.551948	0.159013
122362.012987	0.189359
122463.474026	0.216270
122564.935065	0.239282
122666.396104	0.259138
122767.857143	0.277190
122869.318182	0.294877
122970.779221	0.313248
123072.240260	0.332626
123173.701299	0.352511
123275.162338	0.371728
123376.623377	0.388724
123478.084416	0.401869
123579.545455	0.409712
123681.006494	0.411140
123782.467532	0.405462
123883.928571	0.392424
123985.389610	0.372193
124086.850649	0.345298
124188.311688	0.312575
124289.772727	0.275113
124391.233766	0.234246
124492.694805	0.191652
124594.155844	0.149714
124695.616883	0.112638
124797.077922	0.088961
124898.538961	0.089837
125000.000000	0.113072
125101.461039	0.146273
125202.922078	0.181744
125304.383117	0.216122
125405.844156	0.247882
125507.305195	0.276347
125608.766234	0.301327
125710.227273	0.322958
125811.688312	0.341581
125913.149351	0.357611
126014.610390	0.371393
126116.071429	0.383060
126217.532468	0.392439
126318.993506	0.399012
126420.454545	0.401971
126521.915584	0.400332
126623.376623	0.393100
126724.837662	0.379449
126826.298701	0.358900
126927.759740	0.331482
127029.220779	0.297901
127130.681818	0.259748
127232.142857	0.219869
127333.603896	0.183021
127435.064935	0.156622
127536.525974	0.149016
127637.987013	0.162186
127739.448052	0.188873
127840.909091	0.220128
127942.370130	0.249944
128043.831169	0.275027
128145.292208	0.293887
128246.753247	0.306300
128348.214286	0.312985
128449.675325	0.315337
128551.136364	0.315085
128652.597403	0.313851
128754.058442	0.312677
128855.519481	0.311660
128956.980519	0.309857
129058.441558	0.305528
129159.902597	0.296568
129261.363636	0.280969
129362.824675	0.257199
129464.285714	0.224460
129565.746753	0.182907
129667.207792	0.134055
129768.668831	0.082790
129870.129870	0.052486
129971.590909	0.086270
130073.051948	0.146079
130174.512987	0.208092
130275.974026	0.265941
130377.435065	0.316138
130478.896104	0.356195
130580.357143	0.384381
130681.818182	0.399733
130783.279221	0.402085
130884.740260	0.392083
130986.201299	0.371175
131087.662338	0.341560
131189.123377	0.306129
131290.584416	0.268379
131392.045455	0.232268
131493.506494	0.201848
131594.967532	0.180342
131696.428571	0.168652
131797.889610	0.164511
131899.350649	0.163700
132000.811688	0.162220
132102.272727	0.157521
132203.733766	0.148658
132305.194805	0.136045
132406.655844	0.121176
132508.116883	0.106399
132609.577922	0.094617
132711.038961	0.088528
132812.500000	0.089330
132913.961039	0.096226
133015.422078	0.107756
133116.883117	0.123240
133218.344156	0.142933
133319.805195	0.167356
133421.266234	0.196564
133522.727273	0.229798
133624.188312	0.265520
133725.649351	0.301651
133827.110390	0.335853
133928.571429	0.365767
134030.032468	0.389225
134131.493506	0.404405
134232.954545	0.409955
134334.415584	0.405073
134435.876623	0.389540
134537.337662	0.363723
134638.798701	0.328526
134740.259740	0.285317
134841.720779	0.235830
134943.181818	0.182069
135044.642857	0.126281
135146.103896	0.071416
135247.564935	0.028549
135349.025974	0.050257
135450.487013	0.095468
135551.948052	0.138467
135653.409091	0.176804
135754.870130	0.209983
135856.331169	0.238057
135957.792208	0.261362
136059.253247	0.280382
136160.714286	0.295636
136262.175325	0.307588
136363.636364	0.316566
136465.097403	0.322714
136566.558442	0.325966
136668.019481	0.326047
136769.480519	0.322514
136870.941558	0.314817
136972.402597	0.302377
137073.863636	0.284694
137175.324675	0.261447
137276.785714	0.232607
137378.246753	0.198574
137479.707792	0.160379
137581.168831	0.120207
137682.629870	0.083308
137784.090909	0.064170
137885.551948	0.079419
137987.012987	0.114591
138088.474026	0.153432
138189.935065	0.189713
138291.396104	0.220712
138392.857143	0.245045
138494.318182	0.262157
138595.779221	0.272165
138697.240260	0.275745
138798.701299	0.273983
138900.162338	0.268141
139001.623377	0.259362
139103.084416	0.248367
139204.545455	0.235230
139306.006494	0.219343
139407.467532	0.199598
139508.928571	0.174729
139610.389610	0.143718
139711.850649	0.106243
139813.311688	0.063765
139914.772727	0.030596
140016.233766	0.061055
140117.694805	0.116874
140219.155844	0.175791
140320.616883	0.233088
140422.077922	0.285555
140523.538961	0.330432
140625.000000	0.365402
140726.461039	0.388703
140827.922078	0.399241
140929.383117	0.396660
141030.844156	0.381356
141132.305195	0.354458
141233.766234	0.317748
141335.227273	0.273576
141436.688312	0.224785
141538.149351	0.174775
141639.610390	0.128018
141741.071429	0.091848
141842.532468	0.078207
141943.993506	0.090623
142045.454545	0.115023
142146.915584	0.140447
142248.376623	0.162883
142349.837662	0.181272
142451.298701	0.195700
142552.759740	0.206735
142654.220779	0.215155
142755.681818	0.221843
142857.142857	0.227763
142958.603896	0.233944
143060.064935	0.241403
143161.525974	0.250972
143262.987013	0.263052
143364.448052	0.277401
143465.909091	0.293071
143567.370130	0.308523
143668.831169	0.321857
143770.292208	0.331085
143871.753247	0.334377
143973.214286	0.330251
144074.675325	0.317712
144176.136364	0.296340
144277.597403	0.266312
144379.058442	0.228394
144480.519481	0.183875
144581.980519	0.134506
144683.441558	0.082546
144784.902597	0.032614
144886.363636	0.032841
144987.824675	0.079283
145089.285714	0.124480
145190.746753	0.164867
145292.207792	0.199450
145393.668831	0.227898
145495.129870	0.250313
145596.590909	0.267086
145698.051948	0.278773
145799.512987	0.285953
145900.974026	0.289117
146002.435065	0.288594
146103.896104	0.284528
146205.357143	0.276901
146306.818182	0.265596
146408.279221	0.250479
146509.740260	0.231485
146611.201299	0.208720
146712.662338	0.182593
146814.123377	0.154043
146915.584416	0.125060
147017.045455	0.099879
147118.506494	0.086626
147219.967532	0.093294
147321.428571	0.116674
147422.889610	0.147366
147524.350649	0.178650
147625.811688	0.206428
147727.272727	0.227892
147828.733766	0.240992
147930.194805	0.244349
148031.655844	0.237357
148133.116883	0.220418
148234.577922	0.195393
148336.038961	0.166544
148437.500000	0.142351
148538.961039	0.136009
148640.422078	0.155703
148741.883117	0.194527
148843.344156	0.240718
148944.805195	0.285784
149046.266234	0.324224
149147.727273	0.352356
149249.188312	0.367798
149350.649351	0.369286
149452.110390	0.356610
149553.571429	0.330548
149655.032468	0.292771
149756.493506	0.245709
149857.954545	0.192374
149959.415584	0.136193
150060.876623	0.081016
150162.337662	0.033282
150263.798701	0.030673
150365.259740	0.063471
150466.720779	0.090377
150568.181818	0.107524
150669.642857	0.114861
150771.103896	0.113716
150872.564935	0.106612
150974.025974	0.097282
151075.487013	0.090380
151176.948052	0.089876
151278.409091	0.096329
151379.870130	0.106699
151481.331169	0.117122
151582.792208	0.124804
151684.253247	0.128350
151785.714286	0.127576
151887.175325	0.123266
151988.636364	0.116892
152090.097403	0.110195
152191.558442	0.104595
152293.019481	0.100565
152394.480519	0.097446
152495.941558	0.093970
152597.402597	0.089263
152698.863636	0.083966
152800.324675	0.081297
152901.785714	0.086780
153003.246753	0.104308
153104.707792	0.132758
153206.168831	0.168313
153307.629870	0.207135
153409.090909	0.245945
153510.551948	0.281948
153612.012987	0.312776
153713.474026	0.336507
153814.935065	0.351713
153916.396104	0.357504
154017.857143	0.353562
154119.318182	0.340151
154220.779221	0.318114
154322.240260	0.288872
154423.701299	0.254441
154525.162338	0.217522
154626.623377	0.181718
154728.084416	0.151843
154829.545455	0.133575
154931.006494	0.130515
155032.467532	0.140214
155133.928571	0.156057
155235.389610	0.172143
155336.850649	0.184838
155438.311688	0.192281
155539.772727	0.193773
155641.233766	0.189387
155742.694805	0.179731
155844.155844	0.165773
155945.616883	0.148695
156047.077922	0.129758
156148.538961	0.110173
156250.000000	0.090999
156351.461039	0.073065
156452.922078	0.056949
156554.383117	0.043025
156655.844156	0.031641
156757.305195	0.023537
156858.766234	0.020347
156960.227273	0.023283
157061.688312	0.031163
157163.149351	0.042747
157264.610390	0.057892
157366.071429	0.076827
157467.532468	0.099607
157568.993506	0.125887
157670.454545	0.154854
157771.915584	0.185271
157873.376623	0.215557
157974.837662	0.243925
158076.298701	0.268536
158177.759740	0.287678
158279.220779	0.299945
158380.681818	0.304413
158482.142857	0.300789
158583.603896	0.289538
158685.064935	0.271969
158786.525974	0.250268
158887.987013	0.227424
158989.448052	0.206910
159090.909091	0.191869
159192.370130	0.183808
159293.831169	0.181634
159395.292208	0.182171
159496.753247	0.181777
159598.214286	0.177732
159699.675325	0.168889
159801.136364	0.155932
159902.597403	0.141560
160004.058442	0.130481
160105.519481	0.128088
160206.980519	0.136886
160308.441558	0.154259
160409.902597	0.175033
160511.363636	0.194645
160612.824675	0.210188
160714.285714	0.220409
160815.746753	0.225535
160917.207792	0.227049
161018.668831	0.227263
161120.129870	0.228575
161221.590909	0.232473
161323.051948	0.238759
161424.512987	0.245516
161525.974026	0.249797
161627.435065	0.248525
161728.896104	0.239171
161830.357143	0.220138
161931.818182	0.190921
162033.279221	0.152112
162134.740260	0.105317
162236.201299	0.053038
162337.662338	0.006837
162439.123377	0.057282
162540.584416	0.107733
162642.045455	0.151605
162743.506494	0.186712
162844.967532	0.212005
162946.428571	0.227840
163047.889610	0.236232
163149.350649	0.240899
163250.811688	0.246762
163352.272727	0.258471
163453.733766	0.278340
163555.194805	0.305225
163656.655844	0.335299
163758.116883	0.363710
163859.577922	0.385849
163961.038961	0.398005
164062.500000	0.397627
164163.961039	0.383421
164265.422078	0.355362
164366.883117	0.314662
164468.344156	0.263779
164569.805195	0.206610
164671.266234	0.149560
164772.727273	0.105656
164874.188312	0.098457
164975.649351	0.129149
165077.110390	0.171391
165178.571429	0.210441
165280.032468	0.240755
165381.493506	0.260184
165482.954545	0.268220
165584.415584	0.265418
165685.876623	0.253110
165787.337662	0.233185
165888.798701	0.207897
165990.259740	0.179687
166091.720779	0.151041
166193.181818	0.124379
166294.642857	0.101967
166396.103896	0.085689
166497.564935	0.076455
166599.025974	0.073499
166700.487013	0.074692
166801.948052	0.077844
166903.409091	0.081503
167004.870130	0.084900
167106.331169	0.087653
167207.792208	0.089568
167309.253247	0.090583
167410.714286	0.090814
167512.175325	0.090631
167613.636364	0.090701
167715.097403	0.091943
167816.558442	0.095328
167918.019481	0.101584
168019.480519	0.110951
168120.941558	0.123169
168222.402597	0.137657
168323.863636	0.153702
168425.324675	0.170582
168526.785714	0.187585
168628.246753	0.203998
168729.707792	0.219081
168831.168831	0.232054
168932.629870	0.242109
169034.090909	0.248438
169135.551948	0.250288
169237.012987	0.247022
169338.474026	0.238183
169439.935065	0.223560
169541.396104	0.203242
169642.857143	0.177673
169744.318182	0.147710
169845.779221	0.114779
169947.240260	0.081399
170048.701299	0.053510
170150.162338	0.046321
170251.623377	0.065142
170353.084416	0.092066
170454.545455	0.117654
170556.006494	0.138639
170657.467532	0.153633
170758.928571	0.162189
170860.389610	0.164651
170961.850649	0.162174
171063.311688	0.156762
171164.772727	0.151176
171266.233766	0.148447
171367.694805	0.150808
171469.155844	0.158549
171570.616883	0.169884
171672.077922	0.181936
171773.538961	0.191812
171875.000000	0.197190
171976.461039	0.196520
172077.922078	0.189047
172179.383117	0.174793
172280.844156	0.154511
172382.305195	0.129654
172483.766234	0.102414
172585.227273	0.076019
172686.688312	0.055697
172788.149351	0.048698
172889.610390	0.055497
172991.071429	0.067097
173092.532468	0.077109
173193.993506	0.083493
173295.454545	0.086657
173396.915584	0.088569
173498.376623	0.092006
173599.837662	0.099214
173701.298701	0.110498
173802.759740	0.124144
173904.220779	0.137482
174005.681818	0.147880
174107.142857	0.153225
174208.603896	0.152102
174310.064935	0.143857
174411.525974	0.128601
174512.987013	0.107173
174614.448052	0.081058
174715.909091	0.052280
174817.370130	0.023359
174918.831169	0.006810
175020.292208	0.027437
175121.753247	0.043061
175223.214286	0.050303
175324.675325	0.047926
175426.136364	0.035551
175527.597403	0.014641
175629.058442	0.021448
175730.519481	0.059151
175831.980519	0.102775
175933.441558	0.148932
176034.902597	0.194653
176136.363636	0.237030
176237.824675	0.273373
176339.285714	0.301391
176440.746753	0.319348
176542.207792	0.326193
176643.668831	0.321626
176745.129870	0.306126
176846.590909	0.280932
176948.051948	0.247992
177049.512987	0.209931
177150.974026	0.170103
177252.435065	0.132922
177353.896104	0.104527
177455.357143	0.092084
177556.818182	0.097182
177658.279221	0.112342
177759.740260	0.129791
177861.201299	0.145823
177962.662338	0.159574
178064.123377	0.171627
178165.584416	0.183129
178267.045455	0.195139
178368.506494	0.208162
178469.967532	0.221954
178571.428571	0.235612
178672.889610	0.247829
178774.350649	0.257178
178875.811688	0.262329
178977.272727	0.262181
179078.733766	0.255937
179180.194805	0.243142
179281.655844	0.223706
179383.116883	0.197952
179484.577922	0.166687
179586.038961	0.131441
179687.500000	0.095224
179788.961039	0.065558
179890.422078	0.060119
179991.883117	0.083697
180093.344156	0.117252
180194.805195	0.150009
180296.266234	0.177647
180397.727273	0.197978
180499.188312	0.209976
180600.649351	0.213705
180702.110390	0.210505
180803.571429	0.203260
180905.032468	0.196519
181006.493506	0.195797
181107.954545	0.205338
181209.415584	0.225522
181310.876623	0.252812
181412.337662	0.281983
181513.798701	0.307996
181615.259740	0.326756
181716.720779	0.335283
181818.181818	0.331748
181919.642857	0.315500
182021.103896	0.287120
182122.564935	0.248557
182224.025974	0.203561
182325.487013	0.158987
182426.948052	0.127790
182528.409091	0.127044
182629.870130	0.156424
182731.331169	0.198529
182832.792208	0.240623
182934.253247	0.276399
183035.714286	0.302804
183137.175325	0.318604
183238.636364	0.323834
183340.097403	0.319515
183441.558442	0.307442
183543.019481	0.289961
183644.480519	0.269737
183745.941558	0.249515
183847.402597	0.231886
183948.863636	0.219061
184050.324675	0.212684
184151.785714	0.213657
184253.246753	0.222040
184354.707792	0.237028
184456.168831	0.257032
184557.629870	0.279833
184659.090909	0.302775
184760.551948	0.322988
184862.012987	0.337620
184963.474026	0.344085
185064.935065	0.340287
185166.396104	0.324828
185267.857143	0.297178
185369.318182	0.257820
185470.779221	0.208442
185572.240260	0.152523
185673.701299	0.098152
185775.162338	0.071613
185876.623377	0.102648
185978.084416	0.156932
186079.545455	0.210655
186181.006494	0.256143
186282.467532	0.289711
186383.928571	0.309326
186485.389610	0.314167
186586.850649	0.304504
186688.311688	0.281603
186789.772727	0.247609
186891.233766	0.205380
186992.694805	0.158289
187094.155844	0.110055
187195.616883	0.064822
187297.077922	0.029509
187398.538961	0.026903
187500.000000	0.044703
187601.461039	0.056244
187702.922078	0.058048
187804.383117	0.051323
187905.844156	0.041563
188007.305195	0.042695
188108.766234	0.063514
188210.227273	0.094832
188311.688312	0.128823
188413.149351	0.161192
188514.610390	0.189095
188616.071429	0.210583
188717.532468	0.224506
188818.993506	0.230503
188920.454545	0.228964
189021.915584	0.220935
189123.376623	0.207959
189224.837662	0.191833
189326.298701	0.174292
189427.759740	0.156659
189529.220779	0.139545
189630.681818	0.122779
189732.142857	0.105662
189833.603896	0.087582
189935.064935	0.068997
190036.525974	0.053428
190137.987013	0.050146
190239.448052	0.065197
190340.909091	0.091142
190442.370130	0.120430
190543.831169	0.148955
190645.292208	0.174116
190746.753247	0.194043
190848.214286	0.207419
190949.675325	0.213449
191051.136364	0.211866
191152.597403	0.202904
191254.058442	0.187245
191355.519481	0.165937
191456.980519	0.140289
191558.441558	0.111765
191659.902597	0.081907
191761.363636	0.052436
191862.824675	0.026689
191964.285714	0.021223
192065.746753	0.040941
192167.207792	0.063738
192268.668831	0.085534
192370.129870	0.105856
192471.590909	0.124702
192573.051948	0.142067
192674.512987	0.157802
192775.974026	0.171582
192877.435065	0.182941
192978.896104	0.191345
193080.357143	0.196287
193181.818182	0.197382
193283.279221	0.194460
193384.740260	0.187634
193486.201299	0.177362
193587.662338	0.164485
193689.123377	0.150233
193790.584416	0.136165
193892.045455	0.123969
193993.506494	0.115035
194094.967532	0.109867
194196.428571	0.107761
194297.889610	0.107166
194399.350649	0.106495
194500.811688	0.104836
194602.272727	0.102326
194703.733766	0.100213
194805.194805	0.100490
194906.655844	0.104874
195008.116883	0.113558
195109.577922	0.124899
195211.038961	0.136206
195312.500000	0.144651
195413.961039	0.147787
195515.422078	0.143775
195616.883117	0.131489
195718.344156	0.110575
195819.805195	0.081478
195921.266234	0.045493
196022.727273	0.007998
196124.188312	0.041485
196225.649351	0.085602
196327.110390	0.127233
196428.571429	0.163467
196530.032468	0.191888
196631.493506	0.210687
196732.954545	0.218857
196834.415584	0.216369
196935.876623	0.204338
197037.337662	0.185217
197138.798701	0.163055
197240.259740	0.143669
197341.720779	0.133656
197443.181818	0.136547
197544.642857	0.149397
197646.103896	0.165686
197747.564935	0.179879
197849.025974	0.188880
197950.487013	0.191910
198051.948052	0.190209
198153.409091	0.186689
198254.870130	0.185151
198356.331169	0.188725
198457.792208	0.198067
198559.253247	0.210873
198660.714286	0.223108
198762.175325	0.230597
198863.636364	0.230020
198965.097403	0.219321
199066.558442	0.197862
199168.019481	0.166528
199269.480519	0.128034
199370.941558	0.088433
199472.402597	0.063487
199573.863636	0.075678
199675.324675	0.109737
199776.785714	0.144086
199878.246753	0.170201
199979.707792	0.184216
200081.168831	0.184286
200182.629870	0.170037
200284.090909	0.142431
200385.551948	0.103772
200487.012987	0.058481
200588.474026	0.027313
200689.935065	0.062702
200791.396104	0.111717
200892.857143	0.156102
200994.318182	0.191434
201095.779221	0.215246
201197.240260	0.226403
201298.701299	0.225151
201400.162338	0.213248
201501.623377	0.194148
201603.084416	0.173213
201704.545455	0.157471
201806.006494	0.153327
201907.467532	0.161972
202008.928571	0.178287
202110.389610	0.195259
202211.850649	0.207453
202313.311688	0.211668
202414.772727	0.206648
202516.233766	0.192820
202617.694805	0.172231
202719.155844	0.148794
202820.616883	0.128836
202922.077922	0.120612
203023.538961	0.129242
203125.000000	0.151413
203226.461039	0.179869
203327.922078	0.208959
203429.383117	0.235296
203530.844156	0.256927
203632.305195	0.272679
203733.766234	0.281787
203835.227273	0.283697
203936.688312	0.278030
204038.149351	0.264668
204139.610390	0.243962
204241.071429	0.217071
204342.532468	0.186502
204443.993506	0.157011
204545.454545	0.136517
204646.915584	0.133778
204748.376623	0.149748
204849.837662	0.175718
204951.298701	0.201894
205052.759740	0.221335
205154.220779	0.229541
205255.681818	0.223759
205357.142857	0.202682
205458.603896	0.166355
205560.064935	0.116229
205661.525974	0.056212
205762.987013	0.031545
205864.448052	0.100057
205965.909091	0.175885
206067.370130	0.248698
206168.831169	0.313788
206270.292208	0.367369
206371.753247	0.406505
206473.214286	0.429244
206574.675325	0.434715
206676.136364	0.423150
206777.597403	0.395824
206879.058442	0.354921
206980.519481	0.303334
207081.980519	0.244422
207183.441558	0.181768
207284.902597	0.119042
207386.363636	0.060660
207487.824675	0.025890
207589.285714	0.057831
207690.746753	0.097994
207792.207792	0.132465
207893.668831	0.160541
207995.129870	0.182857
208096.590909	0.200339
208198.051948	0.213811
208299.512987	0.223799
208400.974026	0.230498
208502.435065	0.233892
208603.896104	0.233969
208705.357143	0.230931
208806.818182	0.225359
208908.279221	0.218246
209009.740260	0.210887
209111.201299	0.204584
209212.662338	0.200245
209314.123377	0.198016
209415.584416	0.197184
209517.045455	0.196407
209618.506494	0.194144
209719.967532	0.189042
209821.428571	0.180187
209922.889610	0.167207
210024.350649	0.150287
210125.811688	0.130155
210227.272727	0.108134
210328.733766	0.086396
210430.194805	0.068676
210531.655844	0.060751
210633.116883	0.066269
210734.577922	0.081286
210836.038961	0.099769
210937.500000	0.118020
211038.961039	0.134052
211140.422078	0.146695
211241.883117	0.155204
211343.344156	0.159132
211444.805195	0.158309
211546.266234	0.152870
211647.727273	0.143289
211749.188312	0.130428
211850.649351	0.115588
211952.110390	0.100558
212053.571429	0.087620
212155.032468	0.079208
212256.493506	0.076856
212357.954545	0.080037
212459.415584	0.086645
212560.876623	0.094617
212662.337662	0.102808
212763.798701	0.110967
212865.259740	0.119366
212966.720779	0.128362
213068.181818	0.138016
213169.642857	0.147889
213271.103896	0.157055
213372.564935	0.164272
213474.025974	0.168211
213575.487013	0.167656
213676.948052	0.161664
213778.409091	0.149695
213879.870130	0.131724
213981.331169	0.108455
214082.792208	0.081965
214184.253247	0.058286
214285.714286	0.053558
214387.175325	0.076647
214488.636364	0.112512
214590.097403	0.151209
214691.558442	0.188517
214793.019481	0.221914
214894.480519	0.249550
214995.941558	0.270027
215097.402597	0.282389
215198.863636	0.286159
215300.324675	0.281385
215401.785714	0.268674
215503.246753	0.249202
215604.707792	0.224707
215706.168831	0.197438
215807.629870	0.170051
215909.090909	0.145354
216010.551948	0.125710
216112.012987	0.112019
216213.474026	0.102906
216314.935065	0.095221
216416.396104	0.085647
216517.857143	0.071945
216619.318182	0.053431
216720.779221	0.031716
216822.240260	0.019370
216923.701299	0.038828
217025.162338	0.066936
217126.623377	0.093707
217228.084416	0.115678
217329.545455	0.130399
217431.006494	0.136041
217532.467532	0.131441
217633.928571	0.116183
217735.389610	0.090633
217836.850649	0.055933
217938.311688	0.014157
218039.772727	0.033604
218141.233766	0.082898
218242.694805	0.131653
218344.155844	0.176949
218445.616883	0.216186
218547.077922	0.247224
218648.538961	0.268527
218750.000000	0.279268
218851.461039	0.279365
218952.922078	0.269469
219054.383117	0.250883
219155.844156	0.225437
219257.305195	0.195325
219358.766234	0.162921
219460.227273	0.130597
219561.688312	0.100563
219663.149351	0.074753
219764.610390	0.054746
219866.071429	0.041526
219967.532468	0.034764
220068.993506	0.032320
220170.454545	0.031618
220271.915584	0.031130
220373.376623	0.030286
220474.837662	0.029061
220576.298701	0.028217
220677.759740	0.030060
220779.220779	0.037766
220880.681818	0.052490
220982.142857	0.073148
221083.603896	0.098057
221185.064935	0.125419
221286.525974	0.153326
221387.987013	0.179789
221489.448052	0.202852
221590.909091	0.220726
221692.370130	0.231932
221793.831169	0.235431
221895.292208	0.230713
221996.753247	0.217862
222098.214286	0.197587
222199.675325	0.171247
222301.136364	0.140942
222402.597403	0.109854
222504.058442	0.083309
222605.519481	0.070138
222706.980519	0.076486
222808.441558	0.095339
222909.902597	0.117052
223011.363636	0.136682
223112.824675	0.152193
223214.285714	0.162915
223315.746753	0.168907
223417.207792	0.170652
223518.668831	0.168856
223620.129870	0.164287
223721.590909	0.157646
223823.051948	0.149471
223924.512987	0.140089
224025.974026	0.129629
224127.435065	0.118069
224228.896104	0.105326
224330.357143	0.091385
224431.818182	0.076483
224533.279221	0.061491
224634.740260	0.048847
224736.201299	0.043913
224837.662338	0.051538
224939.123377	0.068931
225040.584416	0.090976
225142.045455	0.114594
225243.506494	0.137964
225344.967532	0.159796
225446.428571	0.179091
225547.889610	0.195101
225649.350649	0.207356
225750.811688	0.215685
225852.272727	0.220228
225953.733766	0.221393
226055.194805	0.219779
226156.655844	0.216043
226258.116883	0.210757
226359.577922	0.204269
226461.038961	0.196649
226562.500000	0.187727
226663.961039	0.177252
226765.422078	0.165127
226866.883117	0.151685
226968.344156	0.137989
227069.805195	0.126073
227171.266234	0.118863
227272.727273	0.119173
227374.188312	0.127893
227475.649351	0.143329
227577.110390	0.162557
227678.571429	0.182877
227780.032468	0.202321
227881.493506	0.219628
227982.954545	0.234072
228084.415584	0.245268
228185.876623	0.252993
228287.337662	0.257016
228388.798701	0.256990
228490.259740	0.252412
228591.720779	0.242674
228693.181818	0.227194
228794.642857	0.205602
228896.103896	0.177980
228997.564935	0.145209
229099.025974	0.109743
229200.487013	0.078212
229301.948052	0.067415
229403.409091	0.088865
229504.870130	0.125870
229606.331169	0.164655
229707.792208	0.199178
229809.253247	0.226128
229910.714286	0.243430
230012.175325	0.249947
230113.636364	0.245468
230215.097403	0.230785
230316.558442	0.207820
230418.019481	0.179884
230519.480519	0.152136
230620.941558	0.131891
230722.402597	0.126376
230823.863636	0.136225
230925.324675	0.154190
231026.785714	0.171962
231128.246753	0.183821
231229.707792	0.186460
231331.168831	0.178292
231432.629870	0.159030
231534.090909	0.129450
231635.551948	0.091205
231737.012987	0.046659
231838.474026	0.003008
231939.935065	0.049996
232041.396104	0.095632
232142.857143	0.135577
232244.318182	0.167340
232345.779221	0.189160
232447.240260	0.200265
232548.701299	0.201200
232650.162338	0.194272
232751.623377	0.184141
232853.084416	0.178081
232954.545455	0.184103
233056.006494	0.206005
233157.467532	0.240745
233258.928571	0.281737
233360.389610	0.322497
233461.850649	0.357809
233563.311688	0.383769
233664.772727	0.397676
233766.233766	0.397983
233867.694805	0.384286
233969.155844	0.357342
234070.616883	0.319121
234172.077922	0.272961
234273.538961	0.224027
234375.000000	0.180370
234476.461039	0.153788
234577.922078	0.154084
234679.383117	0.176567
234780.844156	0.207253
234882.305195	0.235476
234983.766234	0.255409
235085.227273	0.264208
235186.688312	0.260874
235288.149351	0.245734
235389.610390	0.220195
235491.071429	0.186663
235592.532468	0.148739
235693.993506	0.112135
235795.454545	0.087121
235896.915584	0.086658
235998.376623	0.108047
236099.837662	0.136723
236201.298701	0.163808
236302.759740	0.185534
236404.220779	0.200447
236505.681818	0.208311
236607.142857	0.209666
236708.603896	0.205571
236810.064935	0.197400
236911.525974	0.186625
237012.987013	0.174590
237114.448052	0.162296
237215.909091	0.150259
237317.370130	0.138498
237418.831169	0.126682
237520.292208	0.114410
237621.753247	0.101540
237723.214286	0.088513
237824.675325	0.076661
237926.136364	0.068351
238027.597403	0.066192
238129.058442	0.070812
238230.519481	0.079893
238331.980519	0.090080
238433.441558	0.098588
238534.902597	0.103466
238636.363636	0.103454
238737.824675	0.097870
238839.285714	0.086574
238940.746753	0.070017
239042.207792	0.049525
239143.668831	0.029281
239245.129870	0.026782
239346.590909	0.048673
239448.051948	0.076073
239549.512987	0.102803
239650.974026	0.126520
239752.435065	0.145747
239853.896104	0.159497
239955.357143	0.167230
240056.818182	0.168851
240158.279221	0.164701
240259.740260	0.155505
240361.201299	0.142305
240462.662338	0.126357
240564.123377	0.109004
240665.584416	0.091542
240767.045455	0.075075
240868.506494	0.060392
240969.967532	0.047889
241071.428571	0.037610
241172.889610	0.029439
241274.350649	0.023375
241375.811688	0.019626
241477.272727	0.018090
241578.733766	0.017736
241680.194805	0.017226
241781.655844	0.016464
241883.116883	0.018458
241984.577922	0.027631
242086.038961	0.044288
242187.500000	0.066827
242288.961039	0.093785
242390.422078	0.123650
242491.883117	0.154708
242593.344156	0.185067
242694.805195	0.212762
242796.266234	0.235886
242897.727273	0.252740
242999.188312	0.261964
243100.649351	0.262653
243202.110390	0.254439
243303.571429	0.237528
243405.032468	0.212704
243506.493506	0.181282
243607.954545	0.145037
243709.415584	0.106134
243810.876623	0.067232
243912.337662	0.033184
244013.798701	0.025705
244115.259740	0.048901
244216.720779	0.072827
244318.181818	0.092324
244419.642857	0.107332
244521.103896	0.119203
244622.564935	0.130036
244724.025974	0.142004
244825.487013	0.156543
244926.948052	0.173778
245028.409091	0.192577
245129.870130	0.211039
245231.331169	0.227043
245332.792208	0.238639
245434.253247	0.244271
245535.714286	0.242897
245637.175325	0.234040
245738.636364	0.217786
245840.097403	0.194763
245941.558442	0.166080
246043.019481	0.133288
246144.480519	0.098397
246245.941558	0.064331
246347.402597	0.037853
246448.863636	0.036834
246550.324675	0.057467
246651.785714	0.080261
246753.246753	0.099635
246854.707792	0.114303
246956.168831	0.124204
247057.629870	0.129885
247159.090909	0.132250
247260.551948	0.132331
247362.012987	0.131039
247463.474026	0.128930
247564.935065	0.126069
247666.396104	0.122062
247767.857143	0.116250
247869.318182	0.107959
247970.779221	0.096751
248072.240260	0.082598
248173.701299	0.066047
248275.162338	0.048547
248376.623377	0.033649
248478.084416	0.029374
248579.545455	0.038865
248681.006494	0.053145
248782.467532	0.066370
248883.928571	0.076239
248985.389610	0.081772
249086.850649	0.082709
249188.311688	0.079357
249289.772727	0.072535
249391.233766	0.063548
249492.694805	0.054188
249594.155844	0.046712
249695.616883	0.043467
249797.077922	0.045682
249898.538961	0.052828
250000.000000	0.063942
250101.461039	0.078660
250202.922078	0.096921
250304.383117	0.118374
250405.844156	0.142088
250507.305195	0.166572
250608.766234	0.189949
250710.227273	0.210185
250811.688312	0.225319
250913.149351	0.233697
251014.610390	0.234187
251116.071429	0.226397
251217.532468	0.210908
251318.993506	0.189585
251420.454545	0.166046
251521.915584	0.146220
251623.376623	0.137659
251724.837662	0.144911
251826.298701	0.164772
251927.759740	0.189667
252029.220779	0.212873
252130.681818	0.229818
252232.142857	0.237720
252333.603896	0.235187
252435.064935	0.221997
252536.525974	0.198968
252637.987013	0.167850
252739.448052	0.131310
252840.909091	0.093243
252942.370130	0.060650
253043.831169	0.048821
253145.292208	0.064092
253246.753247	0.087029
253348.214286	0.106665
253449.675325	0.120096
253551.136364	0.127350
253652.597403	0.130144
253754.058442	0.131371
253855.519481	0.134284
253956.980519	0.141124
254058.441558	0.151957
254159.902597	0.164826
254261.363636	0.176940
254362.824675	0.185799
254464.285714	0.189824
254565.746753	0.188660
254667.207792	0.183347
254768.668831	0.176355
254870.129870	0.171266
254971.590909	0.171641
255073.051948	0.179160
255174.512987	0.192466
255275.974026	0.207961
255377.435065	0.221459
255478.896104	0.229301
255580.357143	0.228778
255681.818182	0.218233
255783.279221	0.197070
255884.740260	0.165765
255986.201299	0.126061
256087.662338	0.082217
256189.123377	0.050165
256290.584416	0.069283
256392.045455	0.118655
256493.506494	0.171854
256594.967532	0.221830
256696.428571	0.265301
256797.889610	0.300145
256899.350649	0.324966
257000.811688	0.338994
257102.272727	0.342026
257203.733766	0.334365
257305.194805	0.316750
257406.655844	0.290267
257508.116883	0.256272
257609.577922	0.216311
257711.038961	0.172062
257812.500000	0.125311
257913.961039	0.078083
258015.422078	0.034153
258116.883117	0.025919
258218.344156	0.061996
258319.805195	0.097624
258421.266234	0.128022
258522.727273	0.151962
258624.188312	0.168875
258725.649351	0.178622
258827.110390	0.181460
258928.571429	0.178032
259030.032468	0.169328
259131.493506	0.156638
259232.954545	0.141469
259334.415584	0.125427
259435.876623	0.110056
259537.337662	0.096617
259638.798701	0.085848
259740.259740	0.077839
259841.720779	0.072213
259943.181818	0.068629
260044.642857	0.067278
260146.103896	0.068943
260247.564935	0.074435
260349.025974	0.083826
260450.487013	0.096254
260551.948052	0.110339
260653.409091	0.124647
260754.870130	0.137941
260856.331169	0.149287
260957.792208	0.158096
261059.253247	0.164126
261160.714286	0.167462
261262.175325	0.168461
261363.636364	0.167667
261465.097403	0.165689
261566.558442	0.163072
261668.019481	0.160178
261769.480519	0.157118
261870.941558	0.153753
261972.402597	0.149768
262073.863636	0.144787
262175.324675	0.138491
262276.785714	0.130715
262378.246753	0.121519
262479.707792	0.111235
262581.168831	0.100513
262682.629870	0.090355
262784.090909	0.082090
262885.551948	0.077128
262987.012987	0.076354
263088.474026	0.079500
263189.935065	0.085211
263291.396104	0.091739
263392.857143	0.097507
263494.318182	0.101306
263595.779221	0.102310
263697.240260	0.100054
263798.701299	0.094435
263900.162338	0.085740
264001.623377	0.074708
264103.084416	0.062675
264204.545455	0.051843
264306.006494	0.045336
264407.467532	0.045541
264508.928571	0.051169
264610.389610	0.058522
264711.850649	0.064516
264813.311688	0.067267
264914.772727	0.065745
265016.233766	0.059523
265117.694805	0.048643
265219.155844	0.033535
265320.616883	0.014934
265422.077922	0.006247
265523.538961	0.028923
265625.000000	0.052137
265726.461039	0.075042
265827.922078	0.097063
265929.383117	0.117955
266030.844156	0.137794
266132.305195	0.156891
266233.766234	0.175602
266335.227273	0.194118
266436.688312	0.212262
266538.149351	0.229412
266639.610390	0.244531
266741.071429	0.256313
266842.532468	0.263391
266943.993506	0.264557
267045.454545	0.258973
267146.915584	0.246372
267248.376623	0.227249
267349.837662	0.203097
267451.298701	0.176739
267552.759740	0.152782
267654.220779	0.137557
267755.681818	0.136450
267857.142857	0.148919
267958.603896	0.168735
268060.064935	0.189081
268161.525974	0.205065
268262.987013	0.213707
268364.448052	0.213529
268465.909091	0.204338
268567.370130	0.187198
268668.831169	0.164598
268770.292208	0.140886
268871.753247	0.122765
268973.214286	0.117782
269074.675325	0.128174
269176.136364	0.148086
269277.597403	0.169665
269379.058442	0.187184
269480.519481	0.197114
269581.980519	0.197482
269683.441558	0.187478
269784.902597	0.167232
269886.363636	0.137658
269987.824675	0.100311
270089.285714	0.057226
270190.746753	0.010763
270292.207792	0.036697
270393.668831	0.082631
270495.129870	0.124894
270596.590909	0.161655
270698.051948	0.191566
270799.512987	0.213832
270900.974026	0.228247
271002.435065	0.235184
271103.896104	0.235537
271205.357143	0.230619
271306.818182	0.222015
271408.279221	0.211374
271509.740260	0.200162
271611.201299	0.189405
271712.662338	0.179492
271814.123377	0.170144
271915.584416	0.160564
272017.045455	0.149725
272118.506494	0.136661
272219.967532	0.120686
272321.428571	0.101561
272422.889610	0.079711
272524.350649	0.056996
272625.811688	0.040126
272727.272727	0.044658
272828.733766	0.069290
272930.194805	0.100948
273031.655844	0.134255
273133.116883	0.166870
273234.577922	0.197226
273336.038961	0.224050
273437.500000	0.246265
273538.961039	0.263003
273640.422078	0.273648
273741.883117	0.277895
273843.344156	0.275801
273944.805195	0.267844
274046.266234	0.254975
274147.727273	0.238665
274249.188312	0.220932
274350.649351	0.204294
274452.110390	0.191488
274553.571429	0.184794
274655.032468	0.185081
274756.493506	0.191312
274857.954545	0.201050
274959.415584	0.211475
275060.876623	0.220124
275162.337662	0.225159
275263.798701	0.225383
275365.259740	0.220164
275466.720779	0.209345
275568.181818	0.193166
275669.642857	0.172185
275771.103896	0.147213
275872.564935	0.119242
275974.025974	0.089391
276075.487013	0.058857
276176.948052	0.029010
276278.409091	0.007177
276379.870130	0.028153
276481.331169	0.051093
276582.792208	0.070663
276684.253247	0.086403
276785.714286	0.098313
276887.175325	0.106736
276988.636364	0.112314
277090.097403	0.115927
277191.558442	0.118554
277293.019481	0.121075
277394.480519	0.124026
277495.941558	0.127437
277597.402597	0.130817
277698.863636	0.133299
277800.324675	0.133860
277901.785714	0.131530
278003.246753	0.125549
278104.707792	0.115466
278206.168831	0.101219
278307.629870	0.083214
278409.090909	0.062537
278510.551948	0.041888
278612.012987	0.029881
278713.474026	0.039279
278814.935065	0.060307
278916.396104	0.082597
279017.857143	0.102613
279119.318182	0.118727
279220.779221	0.130091
279322.240260	0.136456
279423.701299	0.138209
279525.162338	0.136421
279626.623377	0.132856
279728.084416	0.129781
279829.545455	0.129390
279931.006494	0.132872
280032.467532	0.139731
280133.928571	0.148012
280235.389610	0.155137
280336.850649	0.158667
280438.311688	0.156728
280539.772727	0.148258
280641.233766	0.133269
280742.694805	0.113447
280844.155844	0.093734
280945.616883	0.085005
281047.077922	0.098890
281148.538961	0.132360
281250.000000	0.175181
281351.461039	0.220312
281452.922078	0.263373
281554.383117	0.301275
281655.844156	0.331711
281757.305195	0.353035
281858.766234	0.364243
281960.227273	0.364981
282061.688312	0.355532
282163.149351	0.336776
282264.610390	0.310113
282366.071429	0.277355
282467.532468	0.240595
282568.993506	0.202051
282670.454545	0.163916
282771.915584	0.128192
282873.376623	0.096554
282974.837662	0.070228
283076.298701	0.049970
283177.759740	0.036268
283279.220779	0.029877
283380.681818	0.031416
283482.142857	0.039547
283583.603896	0.051907
283685.064935	0.066627
283786.525974	0.082260
283887.987013	0.097592
283989.448052	0.111672
284090.909091	0.123891
284192.370130	0.134044
284293.831169	0.142336
284395.292208	0.149294
284496.753247	0.155589
284598.214286	0.161783
284699.675325	0.168084
284801.136364	0.174208
284902.597403	0.179402
285004.058442	0.182610
285105.519481	0.182699
285206.980519	0.178663
285308.441558	0.169782
285409.902597	0.155732
285511.363636	0.136646
285612.824675	0.113180
285714.285714	0.086667
285815.746753	0.059777
285917.207792	0.039685
286018.668831	0.041783
286120.129870	0.062522
286221.590909	0.086649
286323.051948	0.108253
286424.512987	0.124988
286525.974026	0.135664
286627.435065	0.139806
286728.896104	0.137652
286830.357143	0.130344
286931.818182	0.120311
287033.279221	0.111773
287134.740260	0.110493
287236.201299	0.120882
287337.662338	0.142450
287439.123377	0.171066
287540.584416	0.202242
287642.045455	0.232369
287743.506494	0.258693
287844.967532	0.279132
287946.428571	0.292188
288047.889610	0.296919
288149.350649	0.292935
288250.811688	0.280401
288352.272727	0.260017
288453.733766	0.232996
288555.194805	0.201029
288656.655844	0.166288
288758.116883	0.131536
288859.577922	0.100517
288961.038961	0.078629
289062.500000	0.071523
289163.961039	0.078116
289265.422078	0.090463
289366.883117	0.102262
289468.344156	0.110625
289569.805195	0.114596
289671.266234	0.114179
289772.727273	0.109853
289874.188312	0.102299
289975.649351	0.092220
290077.110390	0.080254
290178.571429	0.066990
290280.032468	0.053204
290381.493506	0.040524
290482.954545	0.032965
290584.415584	0.036044
290685.876623	0.048395
290787.337662	0.064487
290888.798701	0.080910
290990.259740	0.095788
291091.720779	0.107957
291193.181818	0.116790
291294.642857	0.122265
291396.103896	0.125090
291497.564935	0.126780
291599.025974	0.129496
291700.487013	0.135450
291801.948052	0.145945
291903.409091	0.160719
292004.870130	0.178138
292106.331169	0.195915
292207.792208	0.211749
292309.253247	0.223686
292410.714286	0.230297
292512.175325	0.230750
292613.636364	0.224843
292715.097403	0.212995
292816.558442	0.196213
292918.019481	0.176031
293019.480519	0.154412
293120.941558	0.133596
293222.402597	0.115800
293323.863636	0.102622
293425.324675	0.094256
293526.785714	0.089192
293628.246753	0.084970
293729.707792	0.079326
293831.168831	0.070814
293932.629870	0.058868
294034.090909	0.043633
294135.551948	0.025829
294237.012987	0.007859
294338.474026	0.016615
294439.935065	0.036529
294541.396104	0.055647
294642.857143	0.072759
294744.318182	0.087088
294845.779221	0.098051
294947.240260	0.105220
295048.701299	0.108300
295150.162338	0.107127
295251.623377	0.101681
295353.084416	0.092115
295454.545455	0.078828
295556.006494	0.062600
295657.467532	0.045024
295758.928571	0.030315
295860.389610	0.029046
295961.850649	0.043073
296063.311688	0.061560
296164.772727	0.079352
296266.233766	0.094483
296367.694805	0.106072
296469.155844	0.113923
296570.616883	0.118475
296672.077922	0.120758
296773.538961	0.122221
296875.000000	0.124337
296976.461039	0.128034
297077.922078	0.133234
297179.383117	0.138831
297280.844156	0.143103
297382.305195	0.144234
297483.766234	0.140715
297585.227273	0.131582
297686.688312	0.116546
297788.149351	0.096090
297889.610390	0.071684
297991.071429	0.046856
298092.532468	0.032752
298193.993506	0.044838
298295.454545	0.068812
298396.915584	0.092298
298498.376623	0.111223
298599.837662	0.123696
298701.298701	0.128778
298802.759740	0.126254
298904.220779	0.116548
299005.681818	0.100653
299107.142857	0.080030
299208.603896	0.056542
299310.064935	0.032747
299411.525974	0.016335
299512.987013	0.026545
299614.448052	0.045978
299715.909091	0.064707
299817.370130	0.081957
299918.831169	0.098279
300020.292208	0.114406
300121.753247	0.130700
300223.214286	0.146853
300324.675325	0.161867
300426.136364	0.174276
300527.597403	0.182453
300629.058442	0.184904
300730.519481	0.180510
300831.980519	0.168692
300933.441558	0.149525
301034.902597	0.123821
301136.363636	0.093297
301237.824675	0.061393
301339.285714	0.038308
301440.746753	0.046400
301542.207792	0.074207
301643.668831	0.103098
301745.129870	0.127583
301846.590909	0.145531
301948.051948	0.155991
302049.512987	0.158790
302150.974026	0.154391
302252.435065	0.143782
302353.896104	0.128336
302455.357143	0.109656
302556.818182	0.089393
302658.279221	0.069096
302759.740260	0.050136
302861.201299	0.033929
302962.662338	0.023167
303064.123377	0.022909
303165.584416	0.032068
303267.045455	0.044929
303368.506494	0.059029
303469.967532	0.073357
303571.428571	0.087170
303672.889610	0.099829
303774.350649	0.110877
303875.811688	0.120124
303977.272727	0.127670
304078.733766	0.133828
304180.194805	0.138944
304281.655844	0.143171
304383.116883	0.146290
304484.577922	0.147650
304586.038961	0.146283
304687.500000	0.141126
304788.961039	0.131276
304890.422078	0.116242
304991.883117	0.096190
305093.344156	0.072356
305194.805195	0.048561
305296.266234	0.037342
305397.727273	0.052420
305499.188312	0.079252
305600.649351	0.106224
305702.110390	0.128862
305803.571429	0.144681
305905.032468	0.152087
306006.493506	0.150211
306107.954545	0.138890
306209.415584	0.118652
306310.876623	0.090671
306412.337662	0.056716
306513.798701	0.019652
306615.259740	0.023361
306716.720779	0.061781
306818.181818	0.098093
306919.642857	0.129841
307021.103896	0.155525
307122.564935	0.174242
307224.025974	0.185686
307325.487013	0.190131
307426.948052	0.188371
307528.409091	0.181624
307629.870130	0.171421
307731.331169	0.159488
307832.792208	0.147643
307934.253247	0.137681
308035.714286	0.131204
308137.175325	0.129312
308238.636364	0.132264
308340.097403	0.139355
308441.558442	0.149152
308543.019481	0.159881
308644.480519	0.169743
308745.941558	0.177108
308847.402597	0.180665
308948.863636	0.179563
309050.324675	0.173561
309151.785714	0.163198
309253.246753	0.149975
309354.707792	0.136517
309456.168831	0.126434
309557.629870	0.123227
309659.090909	0.128106
309760.551948	0.138904
309862.012987	0.151650
309963.474026	0.162589
310064.935065	0.169019
310166.396104	0.169379
310267.857143	0.163167
310369.318182	0.150849
310470.779221	0.133822
310572.240260	0.114409
310673.701299	0.095887
310775.162338	0.082221
310876.623377	0.076432
310978.084416	0.077770
311079.545455	0.081978
311181.006494	0.084799
311282.467532	0.083865
311383.928571	0.078907
311485.389610	0.071934
311586.850649	0.067723
311688.311688	0.072445
311789.772727	0.088132
311891.233766	0.111194
311992.694805	0.137025
312094.155844	0.162153
312195.616883	0.184165
312297.077922	0.201432
312398.538961	0.212963
312500.000000	0.218311
312601.461039	0.217497
312702.922078	0.210923
312804.383117	0.199285
312905.844156	0.183510
313007.305195	0.164749
313108.766234	0.144466
313210.227273	0.124695
313311.688312	0.108418
313413.149351	0.099575
313514.610390	0.101298
313616.071429	0.113024
313717.532468	0.130957
313818.993506	0.150989
313920.454545	0.170003
314021.915584	0.185842
314123.376623	0.197079
314224.837662	0.202898
314326.298701	0.203057
314427.759740	0.197859
314529.220779	0.188120
314630.681818	0.175097
314732.142857	0.160386
314833.603896	0.145761
314935.064935	0.132973
315036.525974	0.123512
315137.987013	0.118401
315239.448052	0.118144
315340.909091	0.122861
315442.370130	0.132440
315543.831169	0.146516
315645.292208	0.164328
315746.753247	0.184639
315848.214286	0.205805
315949.675325	0.225948
316051.136364	0.243159
316152.597403	0.255698
316254.058442	0.262167
316355.519481	0.261645
316456.980519	0.253775
316558.441558	0.238815
316659.902597	0.217644
316761.363636	0.191733
316862.824675	0.163121
316964.285714	0.134404
317065.746753	0.108771
317167.207792	0.089831
317268.668831	0.080322
317370.129870	0.079494
317471.590909	0.083071
317573.051948	0.086707
317674.512987	0.087953
317775.974026	0.086153
317877.435065	0.082021
317978.896104	0.077442
318080.357143	0.075276
318181.818182	0.078442
318283.279221	0.088203
318384.740260	0.103531
318486.201299	0.122303
318587.662338	0.142405
318689.123377	0.162002
318790.584416	0.179475
318892.045455	0.193342
318993.506494	0.202256
319094.967532	0.205070
319196.428571	0.200948
319297.889610	0.189495
319399.350649	0.170926
319500.811688	0.146285
319602.272727	0.117899
319703.733766	0.090577
319805.194805	0.074062
319906.655844	0.079298
320008.116883	0.101711
320109.577922	0.128807
320211.038961	0.152974
320312.500000	0.170256
320413.961039	0.178517
320515.422078	0.176827
320616.883117	0.165326
320718.344156	0.145256
320819.805195	0.119213
320921.266234	0.092014
321022.727273	0.072926
321124.188312	0.074061
321225.649351	0.093658
321327.110390	0.119000
321428.571429	0.141903
321530.032468	0.158567
321631.493506	0.167448
321732.954545	0.168508
321834.415584	0.163012
321935.876623	0.153449
322037.337662	0.143328
322138.798701	0.136465
322240.259740	0.135409
322341.720779	0.139862
322443.181818	0.146925
322544.642857	0.152923
322646.103896	0.154933
322747.564935	0.151430
322849.025974	0.142534
322950.487013	0.130279
323051.948052	0.118995
323153.409091	0.114930
323254.870130	0.122930
323356.331169	0.142131
323457.792208	0.167382
323559.253247	0.193382
323660.714286	0.216246
323762.175325	0.233480
323863.636364	0.243728
323965.097403	0.246601
324066.558442	0.242536
324168.019481	0.232656
324269.480519	0.218590
324370.941558	0.202269
324472.402597	0.185679
324573.863636	0.170613
324675.324675	0.158461
324776.785714	0.150121
324878.246753	0.146074
324979.707792	0.146557
325081.168831	0.151631
325182.629870	0.161069
325284.090909	0.174177
325385.551948	0.189753
325487.012987	0.206240
325588.474026	0.221976
325689.935065	0.235443
325791.396104	0.245460
325892.857143	0.251313
325994.318182	0.252802
326095.779221	0.250212
326197.240260	0.244202
326298.701299	0.235604
326400.162338	0.225179
326501.623377	0.213371
326603.084416	0.200154
326704.545455	0.185051
326806.006494	0.167307
326907.467532	0.146176
327008.928571	0.121220
327110.389610	0.092564
327211.850649	0.061242
327313.311688	0.031047
327414.772727	0.025587
327516.233766	0.052975
327617.694805	0.082921
327719.155844	0.109049
327820.616883	0.129220
327922.077922	0.142400
328023.538961	0.148542
328125.000000	0.148759
328226.461039	0.145553
328327.922078	0.142800
328429.383117	0.144913
328530.844156	0.154758
328632.305195	0.171859
328733.766234	0.192964
328835.227273	0.213974
328936.688312	0.231218
329038.149351	0.241914
329139.610390	0.244250
329241.071429	0.237375
329342.532468	0.221366
329443.993506	0.197157
329545.454545	0.166469
329646.915584	0.131756
329748.376623	0.096331
329849.837662	0.065208
329951.298701	0.047518
330052.759740	0.050882
330154.220779	0.064299
330255.681818	0.075818
330357.142857	0.081152
330458.603896	0.079422
330560.064935	0.071494
330661.525974	0.059877
330762.987013	0.049586
330864.448052	0.048264
330965.909091	0.058831
331067.370130	0.075594
331168.831169	0.092837
331270.292208	0.107488
331371.753247	0.118181
331473.214286	0.124699
331574.675325	0.127730
331676.136364	0.128624
331777.597403	0.129000
331879.058442	0.130154
331980.519481	0.132466
332081.980519	0.135177
332183.441558	0.136695
332284.902597	0.135165
332386.363636	0.128982
332487.824675	0.117083
332589.285714	0.099087
332690.746753	0.075302
332792.207792	0.046696
332893.668831	0.015108
332995.129870	0.020125
333096.590909	0.053208
333198.051948	0.084275
333299.512987	0.111280
333400.974026	0.132745
333502.435065	0.147702
333603.896104	0.155771
333705.357143	0.157208
333806.818182	0.152900
333908.279221	0.144298
334009.740260	0.133270
334111.201299	0.121830
334212.662338	0.111698
334314.123377	0.103777
334415.584416	0.097860
334517.045455	0.092942
334618.506494	0.088074
334719.967532	0.083305
334821.428571	0.080353
334922.889610	0.082417
335024.350649	0.092220
335125.811688	0.109683
335227.272727	0.132332
335328.733766	0.157129
335430.194805	0.181405
335531.655844	0.203043
335633.116883	0.220488
335734.577922	0.232741
335836.038961	0.239352
335937.500000	0.240399
336038.961039	0.236434
336140.422078	0.228396
336241.883117	0.217505
336343.344156	0.205123
336444.805195	0.192617
336546.266234	0.181212
336647.727273	0.171872
336749.188312	0.165198
336850.649351	0.161385
336952.110390	0.160227
337053.571429	0.161171
337155.032468	0.163397
337256.493506	0.165919
337357.954545	0.167693
337459.415584	0.167742
337560.876623	0.165288
337662.337662	0.159881
337763.798701	0.151526
337865.259740	0.140788
337966.720779	0.128870
338068.181818	0.117590
338169.642857	0.109086
338271.103896	0.105030
338372.564935	0.105570
338474.025974	0.109045
338575.487013	0.112865
338676.948052	0.114592
338778.409091	0.112478
338879.870130	0.105599
338981.331169	0.093825
339082.792208	0.077807
339184.253247	0.059108
339285.714286	0.041026
339387.175325	0.031484
339488.636364	0.038682
339590.097403	0.054600
339691.558442	0.070854
339793.019481	0.084442
339894.480519	0.094494
339995.941558	0.101241
340097.402597	0.105703
340198.863636	0.109394
340300.324675	0.113830
340401.785714	0.119918
340503.246753	0.127552
340604.707792	0.135731
340706.168831	0.143048
340807.629870	0.148221
340909.090909	0.150466
341010.551948	0.149708
341112.012987	0.146647
341213.474026	0.142653
341314.935065	0.139402
341416.396104	0.138217
341517.857143	0.139329
341619.318182	0.141587
341720.779221	0.142842
341822.240260	0.140672
341923.701299	0.132981
342025.162338	0.118366
342126.623377	0.096344
342228.084416	0.067785
342329.545455	0.037738
342431.006494	0.035700
342532.467532	0.072556
342633.928571	0.117319
342735.389610	0.161842
342836.850649	0.202609
342938.311688	0.237028
343039.772727	0.263120
343141.233766	0.279586
343242.694805	0.285918
343344.155844	0.282516
343445.616883	0.270793
343547.077922	0.253280
343648.538961	0.233699
343750.000000	0.216817
343851.461039	0.207558
343952.922078	0.209011
344054.383117	0.220605
344155.844156	0.238633
344257.305195	0.258498
344358.766234	0.276337
344460.227273	0.289512
344561.688312	0.296539
344663.149351	0.296899
344764.610390	0.290854
344866.071429	0.279296
344967.532468	0.263622
345068.993506	0.245630
345170.454545	0.227432
345271.915584	0.211311
345373.376623	0.199454
345474.837662	0.193471
345576.298701	0.193855
345677.759740	0.199772
345779.220779	0.209418
345880.681818	0.220638
345982.142857	0.231404
346083.603896	0.240026
346185.064935	0.245213
346286.525974	0.246068
346387.987013	0.242079
346489.448052	0.233117
346590.909091	0.219424
346692.370130	0.201605
346793.831169	0.180606
346895.292208	0.157701
346996.753247	0.134488
347098.214286	0.112896
347199.675325	0.095161
347301.136364	0.083461
347402.597403	0.078851
347504.058442	0.080207
347605.519481	0.084934
347706.980519	0.090687
347808.441558	0.096174
347909.902597	0.101065
348011.363636	0.105674
348112.824675	0.110625
348214.285714	0.116538
348315.746753	0.123771
348417.207792	0.132277
348518.668831	0.141616
348620.129870	0.151083
348721.590909	0.159867
348823.051948	0.167200
348924.512987	0.172475
349025.974026	0.175348
349127.435065	0.175835
349228.896104	0.174407
349330.357143	0.172052
349431.818182	0.170264
349533.279221	0.170842
349634.740260	0.175407
349736.201299	0.184802
349837.662338	0.198716
349939.123377	0.215830
350040.584416	0.234285
350142.045455	0.252137
350243.506494	0.267649
350344.967532	0.279437
350446.428571	0.286541
350547.889610	0.288453
350649.350649	0.285109
350750.811688	0.276863
350852.272727	0.264430
350953.733766	0.248802
351055.194805	0.231132
351156.655844	0.212603
351258.116883	0.194272
351359.577922	0.176939
351461.038961	0.161067
351562.500000	0.146802
351663.961039	0.134118
351765.422078	0.123051
351866.883117	0.113931
351968.344156	0.107462
352069.805195	0.104511
352171.266234	0.105574
352272.727273	0.110250
352374.188312	0.117210
352475.649351	0.124633
352577.110390	0.130690
352678.571429	0.133816
352780.032468	0.132838
352881.493506	0.127037
352982.954545	0.116211
353084.415584	0.100802
353185.876623	0.082268
353287.337662	0.064192
353388.798701	0.054734
353490.259740	0.063155
353591.720779	0.085849
353693.181818	0.114024
353794.642857	0.142561
353896.103896	0.168609
353997.564935	0.190291
354099.025974	0.206284
354200.487013	0.215722
354301.948052	0.218184
354403.409091	0.213707
354504.870130	0.202797
354606.331169	0.186444
354707.792208	0.166153
354809.253247	0.144013
354910.714286	0.122828
355012.175325	0.106178
355113.636364	0.097714
355215.097403	0.098913
355316.558442	0.107528
355418.019481	0.119573
355519.480519	0.131805
355620.941558	0.142300
355722.402597	0.150110
355823.863636	0.154862
355925.324675	0.156457
356026.785714	0.154858
356128.246753	0.149966
356229.707792	0.141580
356331.168831	0.129439
356432.629870	0.113344
356534.090909	0.093349
356635.551948	0.070127
356737.012987	0.046220
356838.474026	0.032361
356939.935065	0.046553
357041.396104	0.075420
357142.857143	0.106590
357244.318182	0.135915
357345.779221	0.161040
357447.240260	0.180222
357548.701299	0.192193
357650.162338	0.196211
357751.623377	0.192143
357853.084416	0.180554
357954.545455	0.162818
358056.006494	0.141290
358157.467532	0.119614
358258.928571	0.102966
358360.389610	0.096760
358461.850649	0.102229
358563.311688	0.114594
358664.772727	0.127619
358766.233766	0.136829
358867.694805	0.139626
358969.155844	0.134773
359070.616883	0.122043
359172.077922	0.102009
359273.538961	0.075898
359375.000000	0.045486
359476.461039	0.013642
359577.922078	0.022024
359679.383117	0.052611
359780.844156	0.079588
359882.305195	0.100922
359983.766234	0.115344
360085.227273	0.122209
360186.688312	0.121594
360288.149351	0.114450
360389.610390	0.102902
360491.071429	0.090793
360592.532468	0.084086
360693.993506	0.088549
360795.454545	0.104398
360896.915584	0.126817
360998.376623	0.150886
361099.837662	0.173238
361201.298701	0.191762
361302.759740	0.205234
361404.220779	0.213117
361505.681818	0.215450
361607.142857	0.212772
361708.603896	0.206053
361810.064935	0.196609
361911.525974	0.185999
362012.987013	0.175859
362114.448052	0.167666
362215.909091	0.162418
362317.370130	0.160361
362418.831169	0.160926
362520.292208	0.162945
362621.753247	0.165004
362723.214286	0.165732
362824.675325	0.163972
362926.136364	0.158835
363027.597403	0.149721
363129.058442	0.136332
363230.519481	0.118714
363331.980519	0.097387
363433.441558	0.073798
363534.902597	0.052123
363636.363636	0.044527
363737.824675	0.061422
363839.285714	0.091484
363940.746753	0.125517
364042.207792	0.160005
364143.668831	0.193179
364245.129870	0.223892
364346.590909	0.251354
364448.051948	0.275058
364549.512987	0.294738
364650.974026	0.310344
364752.435065	0.321982
364853.896104	0.329853
364955.357143	0.334186
365056.818182	0.335171
365158.279221	0.332912
365259.740260	0.327414
365361.201299	0.318600
365462.662338	0.306354
365564.123377	0.290597
365665.584416	0.271362
365767.045455	0.248881
365868.506494	0.223665
365969.967532	0.196594
366071.428571	0.169037
366172.889610	0.143027
366274.350649	0.121455
366375.811688	0.107833
366477.272727	0.104614
366578.733766	0.110736
366680.194805	0.122146
366781.655844	0.134650
366883.116883	0.145292
366984.577922	0.152285
367086.038961	0.154660
367187.500000	0.152028
367288.961039	0.144454
367390.422078	0.132409
367491.883117	0.116791
367593.344156	0.099075
367694.805195	0.081695
367796.266234	0.068712
367897.727273	0.065376
367999.188312	0.073514
368100.649351	0.089003
368202.110390	0.106743
368303.571429	0.123336
368405.032468	0.136678
368506.493506	0.145406
368607.954545	0.148638
368709.415584	0.145886
368810.876623	0.137030
368912.337662	0.122312
369013.798701	0.102336
369115.259740	0.078078
369216.720779	0.051017
369318.181818	0.024444
369419.642857	0.019860
369521.103896	0.044160
369622.564935	0.069830
369724.025974	0.092351
369825.487013	0.110253
369926.948052	0.122754
370028.409091	0.129611
370129.870130	0.131150
370231.331169	0.128345
370332.792208	0.122897
370434.253247	0.117247
370535.714286	0.114273
370637.175325	0.116374
370738.636364	0.124254
370840.097403	0.136635
370941.558442	0.151203
371043.019481	0.165649
371144.480519	0.178138
371245.941558	0.187389
371347.402597	0.192612
371448.863636	0.193424
371550.324675	0.189763
371651.785714	0.181813
371753.246753	0.169942
371854.707792	0.154660
371956.168831	0.136601
372057.629870	0.116548
372159.090909	0.095518
372260.551948	0.074982
372362.012987	0.057390
372463.474026	0.046865
372564.935065	0.047137
372666.396104	0.055757
372767.857143	0.066968
372869.318182	0.077045
372970.779221	0.084193
373072.240260	0.087663
373173.701299	0.087347
373275.162338	0.083632
373376.623377	0.077311
373478.084416	0.069477
373579.545455	0.061389
373681.006494	0.054306
373782.467532	0.049402
373883.928571	0.047970
373985.389610	0.051790
374086.850649	0.062792
374188.311688	0.081981
374289.772727	0.109166
374391.233766	0.143400
374492.694805	0.183266
374594.155844	0.226961
374695.616883	0.272358
374797.077922	0.317118
374898.538961	0.358836
375000.000000	0.395201
375101.461039	0.424170
375202.922078	0.444117
375304.383117	0.453964
375405.844156	0.453269
375507.305195	0.442268
375608.766234	0.421865
375710.227273	0.393576
375811.688312	0.359424
375913.149351	0.321794
376014.610390	0.283263
376116.071429	0.246408
376217.532468	0.213590
376318.993506	0.186715
376420.454545	0.166986
376521.915584	0.154739
376623.376623	0.149509
376724.837662	0.150345
376826.298701	0.156124
376927.759740	0.165647
377029.220779	0.177575
377130.681818	0.190399
377232.142857	0.202540
377333.603896	0.212512
377435.064935	0.219096
377536.525974	0.221464
377637.987013	0.219248
377739.448052	0.212538
377840.909091	0.201817
377942.370130	0.187858
378043.831169	0.171614
378145.292208	0.154148
378246.753247	0.136712
378348.214286	0.121017
378449.675325	0.109670
378551.136364	0.106119
378652.597403	0.112957
378754.058442	0.129626
378855.519481	0.152843
378956.980519	0.178625
379058.441558	0.203287
379159.902597	0.223558
379261.363636	0.236585
379362.824675	0.240004
379464.285714	0.232079
379565.746753	0.211871
379667.207792	0.179440
379768.668831	0.136226
379870.129870	0.086681
379971.590909	0.051250
380073.051948	0.081119
380174.512987	0.142840
380275.974026	0.207410
380377.435065	0.266984
380478.896104	0.317047
380580.357143	0.354268
380681.818182	0.376304
380783.279221	0.381871
380884.740260	0.370838
380986.201299	0.344285
381087.662338	0.304545
381189.123377	0.255312
381290.584416	0.202053
381392.045455	0.153336
381493.506494	0.123125
381594.967532	0.124456
381696.428571	0.149344
381797.889610	0.179484
381899.350649	0.203957
382000.811688	0.217982
382102.272727	0.219912
382203.733766	0.209985
382305.194805	0.189816
382406.655844	0.162177
382508.116883	0.130982
382609.577922	0.101624
382711.038961	0.081407
382812.500000	0.076595
382913.961039	0.084162
383015.422078	0.094699
383116.883117	0.101717
383218.344156	0.102725
383319.805195	0.097932
383421.266234	0.089744
383522.727273	0.082755
383624.188312	0.082606
383725.649351	0.091895
383827.110390	0.107706
383928.571429	0.124962
384030.032468	0.139435
384131.493506	0.148254
384232.954545	0.149688
384334.415584	0.142965
384435.876623	0.128174
384537.337662	0.106260
384638.798701	0.079256
384740.259740	0.051864
384841.720779	0.039210
384943.181818	0.057885
385044.642857	0.089792
385146.103896	0.122691
385247.564935	0.152659
385349.025974	0.177847
385450.487013	0.197238
385551.948052	0.210379
385653.409091	0.217285
385754.870130	0.218378
385856.331169	0.214418
385957.792208	0.206435
386059.253247	0.195638
386160.714286	0.183305
386262.175325	0.170655
386363.636364	0.158682
386465.097403	0.148003
386566.558442	0.138760
386668.019481	0.130653
386769.480519	0.123116
386870.941558	0.115572
386972.402597	0.107671
387073.863636	0.099426
387175.324675	0.091233
387276.785714	0.083746
387378.246753	0.077584
387479.707792	0.072953
387581.168831	0.069394
387682.629870	0.065926
387784.090909	0.061579
387885.551948	0.056105
387987.012987	0.050915
388088.474026	0.049980
388189.935065	0.058042
388291.396104	0.075571
388392.857143	0.099316
388494.318182	0.125857
388595.779221	0.152408
388697.240260	0.176621
388798.701299	0.196489
388900.162338	0.210362
389001.623377	0.217016
389103.084416	0.215730
389204.545455	0.206320
389306.006494	0.189157
389407.467532	0.165126
389508.928571	0.135553
389610.389610	0.102103
389711.850649	0.066668
389813.311688	0.031479
389914.772727	0.010146
390016.233766	0.037144
390117.694805	0.064428
390219.155844	0.087641
390320.616883	0.106501
390422.077922	0.121306
390523.538961	0.132637
390625.000000	0.141114
390726.461039	0.147173
390827.922078	0.150906
390929.383117	0.152037
391030.844156	0.150035
391132.305195	0.144309
391233.766234	0.134423
391335.227273	0.120283
391436.688312	0.102276
391538.149351	0.081412
391639.610390	0.059652
391741.071429	0.041139
391842.532468	0.034654
391943.993506	0.044006
392045.454545	0.058958
392146.915584	0.072411
392248.376623	0.081685
392349.837662	0.085801
392451.298701	0.084673
392552.759740	0.078903
392654.220779	0.069728
392755.681818	0.059073
392857.142857	0.049680
392958.603896	0.044858
393060.064935	0.046495
393161.525974	0.053079
393262.987013	0.061788
393364.448052	0.070869
393465.909091	0.079767
393567.370130	0.088553
393668.831169	0.097395
393770.292208	0.106192
393871.753247	0.114456
393973.214286	0.121418
394074.675325	0.126289
394176.136364	0.128559
394277.597403	0.128268
394379.058442	0.126205
394480.519481	0.123937
394581.980519	0.123469
394683.441558	0.126414
394784.902597	0.133013
394886.363636	0.141844
394987.824675	0.150487
395089.285714	0.156488
395190.746753	0.158133
395292.207792	0.155078
395393.668831	0.149077
395495.129870	0.144774
395596.590909	0.149378
395698.051948	0.168868
395799.512987	0.203333
395900.974026	0.247971
396002.435065	0.296809
396103.896104	0.344423
396205.357143	0.386210
396306.818182	0.418385
396408.279221	0.438024
396509.740260	0.443145
396611.201299	0.432789
396712.662338	0.407071
396814.123377	0.367175
396915.584416	0.315328
397017.045455	0.254773
397118.506494	0.189950
397219.967532	0.127647
397321.428571	0.082632
397422.889610	0.082480
397524.350649	0.116512
397625.811688	0.153305
397727.272727	0.181302
397828.733766	0.196836
397930.194805	0.198873
398031.655844	0.187803
398133.116883	0.165054
398234.577922	0.132924
398336.038961	0.094695
398437.500000	0.056312
398538.961039	0.038720
398640.422078	0.064716
398741.883117	0.102876
398843.344156	0.139372
398944.805195	0.170922
399046.266234	0.196382
399147.727273	0.215497
399249.188312	0.228546
399350.649351	0.236111
399452.110390	0.238883
399553.571429	0.237493
399655.032468	0.232405
399756.493506	0.223896
399857.954545	0.212105
399959.415584	0.197143
400060.876623	0.179211
400162.337662	0.158694
400263.798701	0.136207
400365.259740	0.112589
400466.720779	0.088848
400568.181818	0.066115
400669.642857	0.045740
400771.103896	0.030099
400872.564935	0.024710
400974.025974	0.032324
401075.487013	0.046376
401176.948052	0.063095
401278.409091	0.081513
401379.870130	0.101028
401481.331169	0.120760
401582.792208	0.139508
401684.253247	0.155894
401785.714286	0.168549
401887.175325	0.176295
401988.636364	0.178305
402090.097403	0.174255
402191.558442	0.164455
402293.019481	0.150018
402394.480519	0.133093
402495.941558	0.117175
402597.402597	0.107086
402698.863636	0.107153
402800.324675	0.117695
402901.785714	0.134826
403003.246753	0.153953
403104.707792	0.171787
403206.168831	0.186477
403307.629870	0.197307
403409.090909	0.204419
403510.551948	0.208547
403612.012987	0.210689
403713.474026	0.211708
403814.935065	0.211930
403916.396104	0.210910
404017.857143	0.207466
404119.318182	0.200005
404220.779221	0.187067
404322.240260	0.168090
404423.701299	0.144784
404525.162338	0.124172
404626.623377	0.122352
404728.084416	0.153766
404829.545455	0.213334
404931.006494	0.289613
405032.467532	0.374748
405133.928571	0.463249
405235.389610	0.550554
405336.850649	0.632534
405438.311688	0.705424
405539.772727	0.765897
405641.233766	0.811191
405742.694805	0.839228
