# Freq(Hz)	Amp(mV)
0.000000	9.257686
204.101626	9.112738
408.203253	8.684771
612.304879	7.994341
816.406505	7.075349
1020.508131	5.974323
1224.609758	4.749137
1428.711384	3.467342
1632.813010	2.205860
1836.914637	1.068060
2041.016263	0.500284
2245.117889	1.076023
2449.219515	1.643197
2653.321142	1.977224
2857.422768	2.061125
3061.524394	1.919642
3265.626021	1.610605
3469.727647	1.234672
3673.829273	0.965456
3877.930899	0.991094
4082.032526	1.224808
4286.134152	1.444662
4490.235778	1.531726
4694.337404	1.453626
4898.439031	1.255981
5102.540657	1.108618
5306.642283	1.278267
5510.743910	1.770660
5714.845536	2.369125
5918.947162	2.903615
6123.048788	3.260207
6327.150415	3.361774
6531.252041	3.165936
6735.353667	2.668951
6939.455294	1.913634
7143.556920	1.033886
7347.658546	0.747548
7551.760172	1.599071
7755.861799	2.530196
7959.963425	3.241559
8164.065051	3.604044
8368.166678	3.540400
8572.268304	3.026505
8776.369930	2.112531
8980.471556	1.074837
9184.573183	1.395741
9388.674809	2.861570
9592.776435	4.342605
9796.878062	5.523853
10000.979688	6.200067
10205.081314	6.228436
10409.182940	5.558741
10613.284567	4.316957
10817.386193	3.134330
11021.487819	3.638908
11225.589445	5.821879
11429.691072	8.268109
11633.792698	10.144775
11837.894324	10.826939
12041.995951	9.771504
12246.097577	6.701514
12450.199203	4.328131
12654.300829	11.757399
12858.402456	24.629143
13062.504082	41.316593
13266.605708	61.482606
13470.707335	84.723952
13674.808961	110.461596
13878.910587	137.938706
14083.012213	166.246705
14287.113840	194.366653
14491.215466	221.220982
14695.317092	245.731600
14899.418719	266.880338
15103.520345	283.767589
15307.621971	295.665100
15511.723597	302.059252
15715.825224	302.681798
15919.926850	297.525887
16124.028476	286.846234
16328.130103	271.143406
16532.231729	251.133319
16736.333355	227.704066
16940.434981	201.863090
17144.536608	174.678340
17348.638234	147.217463
17552.739860	120.489108
17756.841487	95.390261
17960.943113	72.662991
18165.044739	52.863328
18369.146365	36.344226
18573.247992	23.253966
18777.349618	13.551453
18981.451244	7.040388
19185.552870	3.396799
19389.654497	1.908307
19593.756123	1.272369
19797.857749	1.698567
20001.959376	3.312848
20206.061002	5.170904
20410.162628	6.784039
20614.264254	7.860192
20818.365881	8.236658
21022.467507	7.869326
21226.569133	6.824453
21430.670760	5.275287
21634.772386	3.544122
21838.874012	2.385398
22042.975638	2.910254
22247.077265	4.287139
22451.178891	5.522389
22655.280517	6.296074
22859.382144	6.510192
23063.483770	6.177684
23267.585396	5.402508
23471.687022	4.388568
23675.788649	3.483873
23879.890275	3.172057
24083.991901	3.609814
24288.093528	4.360581
24492.195154	4.994959
24696.296780	5.296166
24900.398406	5.186697
25104.500033	4.683928
25308.601659	3.891794
25512.703285	3.028819
25716.804912	2.499130
25920.906538	2.700650
26125.008164	3.412645
26329.109790	4.166560
26533.211417	4.693640
26737.313043	4.872448
26941.414669	4.667650
27145.516295	4.110874
27349.617922	3.302817
27553.719548	2.450629
27757.821174	1.973260
27961.922801	2.271886
28166.024427	3.016687
28370.126053	3.744212
28574.227679	4.232270
28778.329306	4.383829
28982.430932	4.168880
29186.532558	3.606495
29390.634185	2.756797
29594.735811	1.719835
29798.837437	0.711858
30002.939063	0.895996
30207.040690	1.839766
30411.142316	2.648230
30615.243942	3.191678
30819.345569	3.424666
31023.447195	3.348828
31227.548821	3.016310
31431.650447	2.546837
31635.752074	2.163167
31839.853700	2.156018
32043.955326	2.580311
32248.056953	3.188306
32452.158579	3.745330
32656.260205	4.114284
32860.361831	4.225068
33064.463458	4.054833
33268.565084	3.619449
33472.666710	2.969157
33676.768336	2.189239
33880.869963	1.424463
34084.971589	0.999329
34289.073215	1.243868
34493.174842	1.739323
34697.276468	2.142376
34901.378094	2.355410
35105.479720	2.368057
35309.581347	2.223665
35513.682973	2.017999
35717.784599	1.891945
35921.886226	1.962296
36125.987852	2.210283
36330.089478	2.507944
36534.191104	2.727802
36738.292731	2.784696
36942.394357	2.635449
37146.495983	2.274440
37350.597610	1.734336
37554.699236	1.110114
37758.800862	0.739145
37962.902488	1.137499
38167.004115	1.821002
38371.105741	2.447277
38575.207367	2.904808
38779.308994	3.137680
38983.410620	3.121562
39187.512246	2.861302
39391.613872	2.392563
39595.715499	1.790789
39799.817125	1.217230
40003.918751	1.045525
40208.020378	1.448803
40412.122004	2.015913
40616.223630	2.495935
40820.325256	2.792323
41024.426883	2.865796
41228.528509	2.712676
41432.630135	2.361436
41636.731761	1.877544
41840.833388	1.388703
42044.935014	1.143491
42249.036640	1.341325
42453.138267	1.766893
42657.239893	2.167643
42861.341519	2.425678
43065.443145	2.491706
43269.544772	2.356040
43473.646398	2.042462
43677.748024	1.614059
43881.849651	1.204676
44085.951277	1.071339
44290.052903	1.345427
44494.154529	1.787444
44698.256156	2.190329
44902.357782	2.458496
45106.459408	2.550277
45310.561035	2.457836
45514.662661	2.203070
45718.764287	1.840536
45922.865913	1.470475
46126.967540	1.254940
46331.069166	1.325985
46535.170792	1.594713
46739.272419	1.880183
46943.374045	2.067384
47147.475671	2.100834
47351.577297	1.962451
47555.678924	1.662532
47759.780550	1.239119
47963.882176	0.778809
48167.983802	0.555117
48372.085429	0.858673
48576.187055	1.312960
48780.288681	1.702048
48984.390308	1.955678
49188.491934	2.042710
49392.593560	1.955274
49596.695186	1.706136
49800.796813	1.329256
50004.898439	0.889948
50209.000065	0.557626
50413.101692	0.678655
50617.203318	1.073099
50821.304944	1.454045
51025.406570	1.734242
51229.508197	1.883325
51433.609823	1.897953
51637.711449	1.797727
51841.813076	1.625490
52045.914702	1.447165
52250.016328	1.339802
52454.117954	1.348497
52658.219581	1.443837
52862.321207	1.550611
53066.422833	1.602170
53270.524460	1.560590
53474.626086	1.417603
53678.727712	1.196112
53882.829338	0.962563
54086.930965	0.847839
54291.032591	0.964329
54495.134217	1.235547
54699.235844	1.524396
54903.337470	1.745953
55107.439096	1.854261
55311.540722	1.827658
55515.642349	1.663840
55719.743975	1.378456
55923.845601	1.006791
56127.947227	0.621881
56332.048854	0.445226
56536.150480	0.683172
56740.252106	1.024721
56944.353733	1.305428
57148.455359	1.475892
57352.556985	1.519863
57556.658611	1.443602
57760.760238	1.277858
57964.861864	1.086772
58168.963490	0.976311
58373.065117	1.041070
58577.166743	1.249855
58781.268369	1.494273
58985.369995	1.689102
59189.471622	1.784088
59393.573248	1.753907
59597.674874	1.592411
59801.776501	1.309617
60005.878127	0.929384
60209.979753	0.488846
60414.081379	0.124405
60618.183006	0.476207
60822.284632	0.870829
61026.386258	1.180575
61230.487885	1.376641
61434.589511	1.444799
61638.691137	1.384098
61842.792763	1.206593
62046.894390	0.936615
62250.996016	0.611523
62455.097642	0.303228
62659.199268	0.282383
62863.300895	0.529085
63067.402521	0.749643
63271.504147	0.883627
63475.605774	0.914645
63679.707400	0.843432
63883.809026	0.685084
64087.910652	0.471220
64292.012279	0.274401
64496.113905	0.284172
64700.215531	0.462135
64904.317158	0.621094
65108.418784	0.699951
65312.520410	0.674314
65516.622036	0.536192
65720.723663	0.291515
65924.825289	0.061661
66128.926915	0.448406
66333.028542	0.875555
66537.130168	1.293879
66741.231794	1.665106
66945.333420	1.955522
67149.435047	2.139492
67353.536673	2.202724
67557.638299	2.145019
67761.739926	1.982768
67965.841552	1.751862
68169.943178	1.511395
68374.044804	1.341701
68578.146431	1.310608
68782.248057	1.409089
68986.349683	1.556896
69190.451310	1.671789
69394.552936	1.700794
69598.654562	1.619215
69802.756188	1.426094
70006.857815	1.144147
70210.959441	0.832155
70415.061067	0.635188
70619.162693	0.745693
70823.264320	1.056615
71027.365946	1.383195
71231.467572	1.642027
71435.569199	1.794911
71639.670825	1.825611
71843.772451	1.734267
72047.874077	1.535496
72251.975704	1.257346
72456.077330	0.942000
72660.178956	0.653642
72864.280583	0.496659
73068.382209	0.535281
73272.483835	0.649473
73476.585461	0.723470
73680.687088	0.718381
73884.788714	0.639514
74088.890340	0.535504
74292.991967	0.515337
74497.093593	0.658226
74701.195219	0.894268
74905.296845	1.131188
75109.398472	1.310322
75313.500098	1.394319
75517.601724	1.361090
75721.703351	1.202916
75925.804977	0.927103
76129.906603	0.560501
76334.008229	0.228115
76538.109856	0.492384
76742.211482	0.955409
76946.313108	1.387421
77150.414735	1.734748
77354.516361	1.961795
77558.617987	2.045120
77762.719613	1.974371
77966.821240	1.753099
78170.922866	1.398639
78375.024492	0.941333
78579.126118	0.427965
78783.227745	0.206834
78987.329371	0.687452
79191.430997	1.137030
79395.532624	1.483349
79599.634250	1.695079
79803.735876	1.755203
80007.837502	1.660824
80211.939129	1.423160
80416.040755	1.066783
80620.142381	0.629759
80824.244008	0.201481
81028.345634	0.410514
81232.447260	0.842710
81436.548886	1.208146
81640.650513	1.468198
81844.752139	1.605876
82048.853765	1.622003
82252.955392	1.538322
82457.057018	1.402834
82661.158644	1.293547
82865.260270	1.297316
83069.361897	1.442916
83273.463523	1.674172
83477.565149	1.909220
83681.666776	2.083854
83885.768402	2.157226
84089.870028	2.108401
84293.971654	1.933349
84498.073281	1.642574
84702.174907	1.258685
84906.276533	0.813828
85110.378159	0.350166
85314.479786	0.163415
85518.581412	0.546892
85722.683038	0.874542
85926.784665	1.103035
86130.886291	1.219311
86334.987917	1.223492
86539.089543	1.128353
86743.191170	0.959493
86947.292796	0.757193
87151.394422	0.582367
87355.496049	0.511010
87559.597675	0.556112
87763.699301	0.634937
87967.800927	0.674102
88171.902554	0.640387
88376.004180	0.527795
88580.105806	0.356882
88784.207433	0.232027
88988.309059	0.375363
89192.410685	0.645214
89396.512311	0.912554
89600.613938	1.130525
89804.715564	1.269985
90008.817190	1.312175
90212.918817	1.248800
90417.020443	1.082781
90621.122069	0.829287
90825.223695	0.521378
91029.325322	0.270197
91233.426948	0.410534
91437.528574	0.732235
91641.630201	1.029783
91845.731827	1.253985
92049.833453	1.381680
92253.935079	1.403668
92458.036706	1.324795
92662.138332	1.166822
92866.239958	0.975623
93070.341584	0.833827
93274.443211	0.841171
93478.544837	1.005165
93682.646463	1.234340
93886.748090	1.447114
94090.849716	1.596857
94294.951342	1.661528
94499.052968	1.638014
94703.154595	1.541299
94907.256221	1.405999
95111.357847	1.286913
95315.459474	1.246418
95519.561100	1.315307
95723.662726	1.464650
95927.764352	1.633946
96131.865979	1.768635
96335.967605	1.831819
96540.069231	1.803377
96744.170858	1.677358
96948.272484	1.459733
97152.374110	1.166342
97356.475736	0.821135
97560.577363	0.457266
97764.678989	0.170069
97968.780615	0.337291
98172.882242	0.612247
98376.983868	0.830362
98581.085494	0.970813
98785.187120	1.029368
98989.288747	1.011756
99193.390373	0.932416
99397.491999	0.813737
99601.593625	0.685196
99805.695252	0.580382
100009.796878	0.524981
100213.898504	0.515971
100418.000131	0.522960
100622.101757	0.516399
100826.203383	0.485977
101030.305009	0.447494
101234.406636	0.446802
101438.508262	0.531644
101642.609888	0.697622
101846.711515	0.907094
102050.813141	1.126479
102254.914767	1.331605
102459.016393	1.505260
102663.118020	1.635763
102867.219646	1.716307
103071.321272	1.744407
103275.422899	1.721261
103479.524525	1.651076
103683.626151	1.540542
103887.727777	1.398720
104091.829404	1.237638
104295.931030	1.073821
104500.032656	0.930381
104704.134283	0.836316
104908.235909	0.814601
105112.337535	0.861294
105316.439161	0.944859
105520.540788	1.027673
105724.642414	1.079738
105928.744040	1.080566
106132.845667	1.018031
106336.947293	0.887567
106541.048919	0.691896
106745.150545	0.441396
106949.252172	0.163648
107153.353798	0.204904
107357.455424	0.510298
107561.557050	0.801872
107765.658677	1.047880
107969.760303	1.226778
108173.861929	1.322645
108377.963556	1.326177
108582.065182	1.235782
108786.166808	1.058510
108990.268434	0.811656
109194.370061	0.530533
109398.471687	0.322940
109602.573313	0.427984
109806.674940	0.704087
110010.776566	0.973347
110214.878192	1.183381
110418.979818	1.310268
110623.081445	1.342404
110827.183071	1.278537
111031.284697	1.128182
111235.386324	0.913965
111439.487950	0.680865
111643.589576	0.525397
111847.691202	0.575203
112051.792829	0.779697
112255.894455	1.008144
112459.996081	1.193526
112664.097708	1.304875
112868.199334	1.328372
113072.300960	1.262462
113276.402586	1.117057
113480.504213	0.915201
113684.605839	0.700537
113888.707465	0.556686
114092.809092	0.583079
114296.910718	0.744947
114501.012344	0.931526
114705.113970	1.077060
114909.215597	1.149774
115113.317223	1.135219
115317.418849	1.030906
115521.520475	0.845292
115725.622102	0.601195
115929.723728	0.363698
116133.825354	0.357149
116337.926981	0.623077
116542.028607	0.939069
116746.130233	1.228859
116950.231859	1.461129
117154.333486	1.617228
117358.435112	1.686700
117562.536738	1.666553
117766.638365	1.560950
117970.739991	1.380752
118174.841617	1.143007
118378.943243	0.871094
118583.044870	0.598467
118787.146496	0.388660
118991.248122	0.360605
119195.349749	0.492867
119399.451375	0.642741
119603.553001	0.751242
119807.654627	0.801528
120011.756254	0.792477
120215.857880	0.733281
120419.959506	0.643597
120624.061133	0.556375
120828.162759	0.516541
121032.264385	0.553587
121236.366011	0.648713
121440.467638	0.760333
121644.569264	0.856633
121848.670890	0.919644
122052.772516	0.941922
122256.874143	0.924420
122460.975769	0.875452
122665.077395	0.809741
122869.179022	0.746195
123073.280648	0.702337
123277.382274	0.685214
123481.483900	0.685730
123685.585527	0.683679
123889.687153	0.657894
124093.788779	0.592686
124297.890406	0.479739
124501.992032	0.317995
124706.093658	0.113790
124910.195284	0.130371
125114.296911	0.387148
125318.398537	0.647180
125522.500163	0.891552
125726.601790	1.102919
125930.703416	1.266220
126134.805042	1.369949
126338.906668	1.407168
126543.008295	1.376134
126747.109921	1.280485
126951.211547	1.128945
127155.313174	0.934600
127359.414800	0.713808
127563.516426	0.484950
127767.618052	0.267922
127971.719679	0.096158
128175.821305	0.124785
128379.922931	0.228570
128584.024558	0.299604
128788.126184	0.343169
128992.227810	0.382591
129196.329436	0.445688
129400.431063	0.545165
129604.532689	0.671275
129808.634315	0.802870
130012.735941	0.917762
130216.837568	0.996819
130420.939194	1.025423
130625.040820	0.994247
130829.142447	0.899702
131033.244073	0.744027
131237.345699	0.534992
131441.447325	0.285326
131645.548952	0.027416
131849.650578	0.274054
132053.752204	0.543024
132257.853831	0.782235
132461.955457	0.975899
132666.057083	1.112198
132870.158709	1.183981
133074.260336	1.189225
133278.361962	1.131073
133482.463588	1.017438
133686.565215	0.860250
133890.666841	0.674498
134094.768467	0.477481
134298.870093	0.290033
134502.971720	0.152203
134707.073346	0.158827
134911.174972	0.246457
135115.276599	0.318271
135319.378225	0.357190
135523.479851	0.363985
135727.581477	0.345310
135931.683104	0.310616
136135.784730	0.269772
136339.886356	0.230285
136543.987982	0.195061
136748.089609	0.163978
136952.191235	0.142907
137156.292861	0.154850
137360.394488	0.217682
137564.496114	0.319247
137768.597740	0.441697
137972.699366	0.570416
138176.800993	0.692160
138380.902619	0.794582
138585.004245	0.866829
138789.105872	0.900454
138993.207498	0.890368
139197.309124	0.835797
139401.410750	0.741547
139605.512377	0.620590
139809.614003	0.500713
140013.715629	0.435552
140217.817256	0.480278
140421.918882	0.616298
140626.020508	0.786545
140830.122134	0.952626
141034.223761	1.092797
141238.325387	1.193997
141442.427013	1.248674
141646.528640	1.253745
141850.630266	1.210331
142054.731892	1.123901
142258.833518	1.004939
142462.935145	0.870628
142667.036771	0.747899
142871.138397	0.674440
143075.240024	0.682983
143279.341650	0.769961
143483.443276	0.899827
143687.544902	1.036554
143891.646529	1.155307
144095.748155	1.240549
144299.849781	1.283298
144503.951407	1.279711
144708.053034	1.230459
144912.154660	1.140411
145116.256286	1.018397
145320.357913	0.876955
145524.459539	0.732029
145728.561165	0.602177
145932.662791	0.505404
146136.764418	0.450385
146340.866044	0.426868
146544.967670	0.411266
146749.069297	0.383074
146953.170923	0.334350
147157.272549	0.274783
147361.374175	0.242746
147565.475802	0.290294
147769.577428	0.406709
147973.679054	0.548455
148177.780681	0.686677
148381.882307	0.803359
148585.983933	0.886523
148790.085559	0.929228
148994.187186	0.929810
149198.288812	0.892455
149402.390438	0.827878
149606.492065	0.753825
149810.593691	0.693890
150014.695317	0.670569
150218.796943	0.691548
150422.898570	0.743267
150627.000196	0.801718
150831.101822	0.845525
151035.203448	0.860956
151239.305075	0.842208
151443.406701	0.790753
151647.508327	0.714844
151851.609954	0.629253
152055.711580	0.554294
152259.813206	0.510735
152463.914832	0.507397
152668.016459	0.532784
152872.118085	0.565263
153076.219711	0.587839
153280.321338	0.594102
153484.422964	0.589097
153688.524590	0.588555
153892.626216	0.613841
154096.727843	0.679680
154300.829469	0.783867
154504.931095	0.910884
154709.032722	1.041807
154913.134348	1.160113
155117.235974	1.253465
155321.337600	1.314031
155525.439227	1.338406
155729.540853	1.327332
155933.642479	1.285199
156137.744106	1.219302
156341.845732	1.138845
156545.947358	1.053737
156750.048984	0.973280
156954.150611	0.904954
157158.252237	0.853699
157362.353863	0.821990
157566.455490	0.810629
157770.557116	0.819499
157974.658742	0.847579
158178.760368	0.892248
158382.861995	0.948676
158586.963621	1.009989
158791.065247	1.068171
158995.166873	1.115255
159199.268500	1.144407
159403.370126	1.150723
159607.471752	1.131702
159811.573379	1.087394
160015.675005	1.020256
160219.776631	0.934723
160423.878257	0.836541
160627.979884	0.731904
160832.081510	0.626486
161036.183136	0.524536
161240.284763	0.428388
161444.386389	0.338927
161648.488015	0.258011
161852.589641	0.195165
162056.691268	0.177754
162260.792894	0.225781
162464.894520	0.315849
162668.996147	0.422785
162873.097773	0.533139
163077.199399	0.638393
163281.301025	0.732153
163485.402652	0.809646
163689.504278	0.867847
163893.605904	0.905723
164097.707531	0.924410
164301.809157	0.927225
164505.910783	0.919442
164710.012409	0.907684
164914.114036	0.898823
165118.215662	0.898433
165322.317288	0.909259
165526.418915	0.930459
165730.520541	0.958078
165934.622167	0.986375
166138.723793	1.009261
166342.825420	1.021276
166546.927046	1.018033
166751.028672	0.996278
166955.130298	0.953735
167159.231925	0.888928
167363.333551	0.801063
167567.435177	0.690105
167771.536804	0.557180
167975.638430	0.405825
168179.740056	0.247640
168383.841682	0.146638
168587.943309	0.246485
168792.044935	0.428857
168996.146561	0.617065
169200.248188	0.789944
169404.349814	0.933374
169608.451440	1.035033
169812.553066	1.084269
170016.654693	1.072819
170220.756319	0.995699
170424.857945	0.852132
170628.959572	0.646813
170833.061198	0.394500
171037.162824	0.176817
171241.264450	0.348516
171445.366077	0.680667
171649.467703	1.019824
171853.569329	1.333611
172057.670956	1.600271
172261.772582	1.802371
172465.874208	1.927003
172669.975834	1.966595
172874.077461	1.919579
173078.179087	1.790718
173282.280713	1.591090
173486.382339	1.337885
173690.483966	1.054581
173894.585592	0.773279
174098.687218	0.544205
174302.788845	0.446589
174506.890471	0.505288
174710.992097	0.623381
174915.093723	0.726537
175119.195350	0.791867
175323.296976	0.822107
175527.398602	0.834163
175731.500229	0.851379
175935.601855	0.892271
176139.703481	0.959192
176343.805107	1.037034
176547.906734	1.102053
176752.008360	1.131096
176956.109986	1.106576
177160.211613	1.018353
177364.313239	0.864180
177568.414865	0.649428
177772.516491	0.386460
177976.618118	0.097270
178180.719744	0.218536
178384.821370	0.508699
178588.922997	0.764833
178793.024623	0.965867
178997.126249	1.096295
179201.227875	1.147156
179405.329502	1.117632
179609.431128	1.017027
179813.532754	0.868472
180017.634381	0.717424
180221.736007	0.640733
180425.837633	0.702832
180629.939259	0.869547
180834.040886	1.062027
181038.142512	1.224915
181242.244138	1.326012
181446.345764	1.347551
181650.447391	1.282383
181854.549017	1.132451
182058.650643	0.907998
182262.752270	0.627737
182466.853896	0.327515
182670.955522	0.197737
182875.057148	0.450160
183079.158775	0.739485
183283.260401	0.986359
183487.362027	1.167830
183691.463654	1.271831
183895.565280	1.293822
184099.666906	1.236187
184303.768532	1.107697
184507.870159	0.922766
184711.971785	0.700893
184916.073411	0.468117
185120.175038	0.271578
185324.276664	0.232136
185528.378290	0.353704
185732.479916	0.484914
185936.581543	0.576336
186140.683169	0.616515
186344.784795	0.605541
186548.886422	0.550437
186752.988048	0.464427
186957.089674	0.368677
187161.191300	0.297493
187365.292927	0.291800
187569.394553	0.350702
187773.496179	0.433574
187977.597805	0.511044
188181.699432	0.570249
188385.801058	0.607399
188589.902684	0.623810
188794.004311	0.623763
188998.105937	0.612850
189202.207563	0.596455
189406.309189	0.578521
189610.410816	0.560974
189814.512442	0.544019
190018.614068	0.527127
190222.715695	0.510176
190426.817321	0.494224
190630.918947	0.481704
190835.020573	0.476030
191039.122200	0.480807
191243.223826	0.498930
191447.325452	0.531953
191651.427079	0.579928
191855.528705	0.641556
192059.630331	0.714381
192263.731957	0.794952
192467.833584	0.879035
192671.935210	0.961967
192876.036836	1.039115
193080.138463	1.106346
193284.240089	1.160388
193488.341715	1.198975
193692.443341	1.220720
193896.544968	1.224750
194100.646594	1.210199
194304.748220	1.175768
194508.849847	1.119565
194712.951473	1.039384
194917.053099	0.933505
195121.154725	0.802060
195325.256352	0.649345
195529.357978	0.489099
195733.459604	0.360325
195937.561230	0.345816
196141.662857	0.466307
196345.764483	0.639153
196549.866109	0.808190
196753.967736	0.945308
196958.069362	1.033151
197162.170988	1.060602
197366.272614	1.022391
197570.374241	0.920001
197774.475867	0.763882
197978.577493	0.580263
198182.679120	0.434859
198386.780746	0.449410
198590.882372	0.627801
198794.983998	0.855921
198999.085625	1.066867
199203.187251	1.227074
199407.288877	1.316482
199611.390504	1.323577
199815.492130	1.244400
200019.593756	1.082346
200223.695382	0.848135
200427.797009	0.560949
200631.898635	0.264548
200836.000261	0.237201
201040.101888	0.532072
201244.203514	0.834512
201448.305140	1.092736
201652.406766	1.286318
201856.508393	1.403637
202060.610019	1.440186
202264.711645	1.398318
202468.813272	1.286804
202672.914898	1.120051
202877.016524	0.917044
203081.118150	0.700374
203285.219777	0.496117
203489.321403	0.335884
203693.423029	0.254310
203897.524655	0.246217
204101.626282	0.250161
204305.727908	0.222396
204509.829534	0.150246
204713.931161	0.038051
204918.032787	0.112517
205122.134413	0.276926
205326.236039	0.445154
205530.337666	0.602738
205734.439292	0.738430
205938.540918	0.845766
206142.642545	0.924478
206346.744171	0.981171
206550.845797	1.028408
206754.947423	1.081180
206959.049050	1.150796
207163.150676	1.239123
207367.252302	1.337224
207571.353929	1.428807
207775.455555	1.495264
207979.557181	1.519643
208183.658807	1.489036
208387.760434	1.395790
208591.862060	1.237971
208795.963686	1.019293
209000.065313	0.748648
209204.166939	0.439391
209408.268565	0.110426
209612.370191	0.232208
209816.471818	0.552584
210020.573444	0.840792
210224.675070	1.079807
210428.776696	1.256178
210632.878323	1.360296
210836.979949	1.386870
211041.081575	1.335174
211245.183202	1.209026
211449.284828	1.016526
211653.386454	0.769594
211857.488080	0.483473
212061.589707	0.178220
212265.691333	0.151143
212469.792959	0.445384
212673.894586	0.712263
212877.996212	0.932120
213082.097838	1.091674
213286.199464	1.181674
213490.301091	1.197298
213694.402717	1.138492
213898.504343	1.010038
214102.605970	0.821309
214306.707596	0.585690
214510.809222	0.319698
214714.910848	0.042446
214919.012475	0.229468
215123.114101	0.474959
215327.215727	0.679224
215531.317354	0.829807
215735.418980	0.918894
215939.520606	0.943995
216143.622232	0.908282
216347.723859	0.820554
216551.825485	0.694944
216755.927111	0.550655
216960.028738	0.412258
217164.130364	0.309559
217368.231990	0.264988
217572.333616	0.261207
217776.435243	0.255097
217980.536869	0.223891
218184.638495	0.186691
218388.740121	0.226056
218592.841748	0.373868
218796.943374	0.577642
219001.045000	0.800417
219205.146627	1.016807
219409.248253	1.205497
219613.349879	1.348586
219817.451505	1.432531
220021.553132	1.449258
220225.654758	1.397010
220429.756384	1.280809
220633.858011	1.112597
220837.959637	0.911400
221042.061263	0.704479
221246.162889	0.530896
221450.264516	0.440475
221654.366142	0.451164
221858.467768	0.512101
222062.569395	0.571035
222266.671021	0.612955
222470.772647	0.653074
222674.874273	0.723660
222878.975900	0.850746
223083.077526	1.033705
223287.179152	1.249378
223491.280779	1.467021
223695.382405	1.657057
223899.484031	1.794365
224103.585657	1.859794
224307.687284	1.841175
224511.788910	1.734005
224715.890536	1.541737
224919.992162	1.275787
225124.093789	0.955943
225328.195415	0.614983
225532.297041	0.338187
225736.398668	0.379812
225940.500294	0.644974
226144.601920	0.906731
226348.703546	1.110095
226552.805173	1.236724
226756.906799	1.280604
226961.008425	1.244167
227165.110052	1.136940
227369.211678	0.974484
227573.313304	0.777531
227777.414930	0.572203
227981.516557	0.394151
228185.618183	0.297016
228389.719809	0.310378
228593.821436	0.369129
228797.923062	0.409976
229002.024688	0.410268
229206.126314	0.366972
229410.227941	0.286943
229614.329567	0.186180
229818.431193	0.111230
230022.532820	0.160242
230226.634446	0.267845
230430.736072	0.370864
230634.837698	0.453963
230838.939325	0.512697
231043.040951	0.547567
231247.142577	0.561907
231451.244204	0.559819
231655.345830	0.544038
231859.447456	0.514506
232063.549082	0.468471
232267.650709	0.402484
232471.752335	0.316589
232675.853961	0.225448
232879.955587	0.194448
233084.057214	0.294223
233288.158840	0.463282
233492.260466	0.649945
233696.362093	0.829396
233900.463719	0.983834
234104.565345	1.098825
234308.666971	1.163550
234512.768598	1.171756
234716.870224	1.122726
234920.971850	1.022124
235125.073477	0.882929
235329.175103	0.727112
235533.276729	0.588550
235737.378355	0.510988
235941.479982	0.517303
236145.581608	0.574971
236349.683234	0.631626
236553.784861	0.652527
236757.886487	0.622485
236961.988113	0.543008
237166.089739	0.438372
237370.191366	0.379141
237574.292992	0.460623
237778.394618	0.659691
237982.496245	0.899458
238186.597871	1.133133
238390.699497	1.332051
238594.801123	1.476442
238798.902750	1.553243
239003.004376	1.555851
239207.106002	1.484169
239411.207628	1.344513
239615.309255	1.149437
239819.410881	0.918068
240023.512507	0.679095
240227.614134	0.483196
240431.715760	0.419384
240635.817386	0.514979
240839.919012	0.671424
241044.020639	0.819590
241248.122265	0.934518
241452.223891	1.009397
241656.325518	1.045764
241860.427144	1.049554
242064.528770	1.028523
242268.630396	0.990058
242472.732023	0.939468
242676.833649	0.879176
242880.935275	0.809106
243085.036902	0.728081
243289.138528	0.635629
243493.240154	0.533602
243697.341780	0.427407
243901.443407	0.327182
244105.545033	0.249173
244309.646659	0.212071
244513.748286	0.215446
244717.849912	0.232149
244921.951538	0.237312
245126.053164	0.219696
245330.154791	0.178921
245534.256417	0.128438
245738.358043	0.116549
245942.459670	0.181821
246146.561296	0.279809
246350.662922	0.379834
246554.764548	0.467707
246758.866175	0.534838
246962.967801	0.576324
247167.069427	0.590861
247371.171053	0.580946
247575.272680	0.553130
247779.374306	0.518285
247983.475932	0.491328
248187.577559	0.488493
248391.679185	0.520598
248595.780811	0.587602
248799.882437	0.681498
249003.984064	0.792608
249208.085690	0.912327
249412.187316	1.032821
249616.288943	1.146128
249820.390569	1.243743
250024.492195	1.316891
250228.593821	1.357327
250432.695448	1.358470
250636.797074	1.316654
250840.898700	1.232405
251045.000327	1.111779
251249.101953	0.968003
251453.203579	0.823694
251657.305205	0.712145
251861.406832	0.668126
252065.508458	0.698968
252269.610084	0.772316
252473.711711	0.845067
252677.813337	0.885389
252881.914963	0.874668
253086.016589	0.804736
253290.118216	0.676071
253494.219842	0.497675
253698.321468	0.293442
253902.423095	0.174748
254106.524721	0.334051
254310.626347	0.566850
254514.727973	0.783518
254718.829600	0.958120
254922.931226	1.075629
255127.032852	1.127278
255331.134478	1.110141
255535.236105	1.027000
255739.337731	0.885938
255943.439357	0.699671
256147.540984	0.485058
256351.642610	0.266102
256555.744236	0.126829
256759.845862	0.247321
256963.947489	0.417206
257168.049115	0.560352
257372.150741	0.667170
257576.252368	0.738900
257780.353994	0.782407
257984.455620	0.807618
258188.557246	0.824373
258392.658873	0.839002
258596.760499	0.852223
258800.862125	0.859733
259004.963752	0.855153
259209.065378	0.833639
259413.167004	0.794807
259617.268630	0.744538
259821.370257	0.695236
260025.471883	0.663045
260229.573509	0.660146
260433.675136	0.685692
260637.776762	0.725295
260841.878388	0.759574
261045.980014	0.772208
261250.081641	0.753629
261454.183267	0.702415
261658.284893	0.626558
261862.386519	0.545685
262066.488146	0.492043
262270.589772	0.497085
262474.691398	0.560158
262678.793025	0.648904
262882.894651	0.729671
263086.996277	0.780155
263291.097903	0.789120
263495.199530	0.755551
263699.301156	0.689778
263903.402782	0.616713
264107.504409	0.577211
264311.606035	0.609521
264515.707661	0.711778
264719.809287	0.847119
264923.910914	0.977801
265128.012540	1.077389
265332.114166	1.130153
265536.215793	1.129933
265740.317419	1.080347
265944.419045	0.996221
266148.520671	0.905742
266352.622298	0.849503
266556.723924	0.864721
266760.825550	0.955842
266964.927177	1.091626
267169.028803	1.232073
267373.130429	1.345465
267577.232055	1.410795
267781.333682	1.416284
267985.435308	1.357940
268189.536934	1.238407
268393.638561	1.065850
268597.740187	0.852725
268801.841813	0.614427
269005.943439	0.368130
269210.045066	0.135084
269414.146692	0.109872
269618.248318	0.285047
269822.349944	0.425596
270026.451571	0.520952
270230.553197	0.570519
270434.654823	0.578148
270638.756450	0.551054
270842.858076	0.498821
271046.959702	0.432341
271251.061328	0.362860
271455.162955	0.301326
271659.264581	0.257980
271863.366207	0.241002
272067.467834	0.253017
272271.569460	0.289653
272475.671086	0.343273
272679.772712	0.406061
272883.874339	0.470366
273087.975965	0.528690
273292.077591	0.574236
273496.179218	0.601815
273700.280844	0.608808
273904.382470	0.596053
274108.484096	0.568554
274312.585723	0.535739
274516.687349	0.510309
274720.788975	0.504037
274924.890602	0.521046
275128.992228	0.554757
275333.093854	0.592265
275537.195480	0.620729
275741.297107	0.630865
275945.398733	0.617987
276149.500359	0.582191
276353.601985	0.528504
276557.703612	0.467365
276761.805238	0.415064
276965.906864	0.391030
277170.008491	0.406708
277374.110117	0.455313
277578.211743	0.519737
277782.313369	0.585150
277986.414996	0.642548
278190.516622	0.687522
278394.618248	0.718454
278598.719875	0.734988
278802.821501	0.736873
279006.923127	0.723259
279211.024753	0.692560
279415.126380	0.642846
279619.228006	0.572601
279823.329632	0.481642
280027.431259	0.372168
280231.532885	0.250878
280435.634511	0.140593
280639.736137	0.135480
280843.837764	0.244023
281047.939390	0.366505
281252.041016	0.474611
281456.142643	0.557239
281660.244269	0.607823
281864.345895	0.622886
282068.447521	0.601907
282272.549148	0.547270
282476.650774	0.464106
282680.752400	0.360146
282884.854027	0.246320
283088.955653	0.142795
283293.057279	0.111028
283497.158905	0.177624
283701.260532	0.259376
283905.362158	0.326661
284109.463784	0.372569
284313.565410	0.396063
284517.667037	0.399079
284721.768663	0.385421
284925.870289	0.359827
285129.971916	0.326977
285334.073542	0.290521
285538.175168	0.252407
285742.276794	0.212825
285946.378421	0.170903
286150.480047	0.125860
286354.581673	0.078362
286558.683300	0.034758
286762.784926	0.039405
286966.886552	0.080308
287170.988178	0.117458
287375.089805	0.143629
287579.191431	0.155314
287783.293057	0.150587
287987.394684	0.128966
288191.496310	0.091286
288395.597936	0.039401
288599.699562	0.024320
288803.801189	0.097430
289007.902815	0.178058
289212.004441	0.265047
289416.106068	0.357905
289620.207694	0.456308
289824.309320	0.559353
290028.410946	0.664821
290232.512573	0.768751
290436.614199	0.865436
290640.715825	0.947859
290844.817452	1.008439
291048.919078	1.039940
291253.020704	1.036403
291457.122330	0.993990
291661.223957	0.911638
291865.325583	0.791469
292069.427209	0.638915
292273.528835	0.462618
292477.630462	0.274529
292681.732088	0.096901
292885.833714	0.119063
293089.935341	0.263798
293294.036967	0.378929
293498.138593	0.449788
293702.240219	0.469979
293906.341846	0.437590
294110.443472	0.354974
294314.545098	0.228542
294518.646725	0.068380
294722.748351	0.113560
294926.849977	0.301754
295130.951603	0.481839
295335.053230	0.639520
295539.154856	0.762454
295743.256482	0.841218
295947.358109	0.870076
296151.459735	0.847417
296355.561361	0.775842
296559.662987	0.661889
296763.764614	0.515464
296967.866240	0.349166
297171.967866	0.178752
297376.069493	0.058324
297580.171119	0.162325
297784.272745	0.280585
297988.374371	0.367038
298192.475998	0.416138
298396.577624	0.428169
298600.679250	0.407748
298804.780876	0.363444
299008.882503	0.307569
299212.984129	0.255729
299417.085755	0.223599
299621.187382	0.216582
299825.289008	0.223069
300029.390634	0.226197
300233.492260	0.215619
300437.593887	0.189519
300641.695513	0.154919
300845.797139	0.130968
301049.898766	0.142727
301254.000392	0.186738
301458.102018	0.240630
301662.203644	0.291536
301866.305271	0.337198
302070.406897	0.383584
302274.508523	0.441962
302478.610150	0.522768
302682.711776	0.629097
302886.813402	0.755170
303090.915028	0.889299
303295.016655	1.017349
303499.118281	1.125106
303703.219907	1.199811
303907.321534	1.231281
304111.423160	1.212752
304315.524786	1.141471
304519.626412	1.019034
304723.728039	0.851550
304927.829665	0.650048
305131.931291	0.433257
305336.032918	0.248018
305540.134544	0.243686
305744.236170	0.410505
305948.337796	0.593686
306152.439423	0.749376
306356.541049	0.863805
306560.642675	0.932187
306764.744301	0.955764
306968.845928	0.941473
307172.947554	0.902145
307377.049180	0.856397
307581.150807	0.826478
307785.252433	0.831447
307989.354059	0.877314
308193.455685	0.953754
308397.557312	1.041175
308601.658938	1.119251
308805.760564	1.170956
309009.862191	1.183360
309213.963817	1.147446
309418.065443	1.057873
309622.167069	0.912903
309826.268696	0.714519
310030.370322	0.469126
310234.471948	0.195168
310438.573575	0.177949
310642.675201	0.492740
310846.776827	0.821745
311050.878453	1.135012
311254.980080	1.413907
311459.081706	1.642022
311663.183332	1.805454
311867.284959	1.893668
312071.386585	1.900310
312275.488211	1.823772
312479.589837	1.667440
312683.691464	1.439575
312887.793090	1.152851
313091.894716	0.823590
313295.996342	0.471122
313500.097969	0.125131
313704.199595	0.245202
313908.301221	0.552911
314112.402848	0.817492
314316.504474	1.025549
314520.606100	1.170837
314724.707726	1.252513
314928.809353	1.274892
315132.910979	1.247005
315337.012605	1.181807
315541.114232	1.094967
315745.215858	1.003013
315949.317484	0.920586
316153.419110	0.856961
316357.520737	0.813389
316561.622363	0.783684
316765.723989	0.758252
316969.825616	0.728723
317173.927242	0.690616
317378.028868	0.643818
317582.130494	0.591791
317786.232121	0.540234
317990.333747	0.495542
318194.435373	0.463207
318398.537000	0.446490
318602.638626	0.445911
318806.740252	0.459771
319010.841878	0.485017
319214.943505	0.517713
319419.045131	0.553110
319623.146757	0.585850
319827.248384	0.610550
320031.350010	0.622704
320235.451636	0.619683
320439.553262	0.601695
320643.654889	0.572532
320847.756515	0.539824
321051.858141	0.513963
321255.959767	0.504485
321460.061394	0.514533
321664.163020	0.538100
321868.264646	0.563268
322072.366273	0.577664
322276.467899	0.571973
322480.569525	0.541352
322684.671151	0.486062
322888.772778	0.412352
323092.874404	0.334821
323296.976030	0.280604
323501.077657	0.281360
323705.179283	0.335018
323909.280909	0.408233
324113.382535	0.474013
324317.484162	0.517874
324521.585788	0.533604
324725.687414	0.521204
324929.789041	0.486481
325133.890667	0.441292
325337.992293	0.403154
325542.093919	0.390349
325746.195546	0.409878
325950.297172	0.451204
326154.398798	0.496207
326358.500425	0.529959
326562.602051	0.543794
326766.703677	0.534933
326970.805303	0.505649
327174.906930	0.462495
327379.008556	0.415416
327583.110182	0.376222
327787.211808	0.355528
327991.313435	0.358763
328195.415061	0.385517
328399.516687	0.433984
328603.618314	0.504452
328807.719940	0.598001
329011.821566	0.713187
329215.923192	0.844286
329420.024819	0.981779
329624.126445	1.113967
329828.228071	1.228844
330032.329698	1.315847
330236.431324	1.367460
330440.532950	1.380602
330644.634576	1.357774
330848.736203	1.307780
331052.837829	1.245605
331256.939455	1.190394
331461.041082	1.160189
331665.142708	1.164036
331869.244334	1.196840
332073.345960	1.242295
332277.447587	1.281166
332481.549213	1.298529
332685.650839	1.287713
332889.752466	1.251944
333093.854092	1.204507
333297.955718	1.166508
333502.057344	1.159866
333706.158971	1.195736
333910.260597	1.266569
334114.362223	1.349853
334318.463850	1.418533
334522.565476	1.448953
334726.667102	1.424340
334930.768728	1.335761
335134.870355	1.182018
335338.971981	0.969047
335543.073607	0.708903
335747.175233	0.418424
335951.276860	0.117768
336155.378486	0.173237
336359.480112	0.432082
336563.581739	0.641857
336767.683365	0.788613
336971.784991	0.863991
337175.886617	0.866137
337379.988244	0.800535
337584.089870	0.681350
337788.191496	0.535612
337992.293123	0.416046
338196.394749	0.404802
338400.496375	0.514224
338604.598001	0.666447
338808.699628	0.805058
339012.801254	0.903286
339216.902880	0.949276
339421.004507	0.940629
339625.106133	0.882658
339829.207759	0.787687
340033.309385	0.674733
340237.411012	0.568914
340441.512638	0.497102
340645.614264	0.473063
340849.715891	0.482478
341053.817517	0.494830
341257.919143	0.485074
341462.020769	0.440384
341666.122396	0.358691
341870.224022	0.247809
342074.325648	0.136356
342278.427275	0.140662
342482.528901	0.263104
342686.630527	0.391626
342890.732153	0.495437
343094.833780	0.561442
343298.935406	0.583156
343503.037032	0.559899
343707.138658	0.497339
343911.240285	0.409126
344115.341911	0.321636
344319.443537	0.279671
344523.545164	0.314055
344727.646790	0.391596
344931.748416	0.466036
345135.850042	0.510951
345339.951669	0.513570
345544.053295	0.470170
345748.154921	0.386010
345952.256548	0.281933
346156.358174	0.223108
346360.459800	0.298884
346564.561426	0.456580
346768.663053	0.626798
346972.764679	0.778512
347176.866305	0.893962
347380.967932	0.961701
347585.069558	0.975441
347789.171184	0.933996
347993.272810	0.841374
348197.374437	0.707087
348401.476063	0.547776
348605.577689	0.394396
348809.679316	0.312665
349013.780942	0.367757
349217.882568	0.503740
349421.984194	0.649761
349626.085821	0.776015
349830.187447	0.870760
350034.289073	0.930125
350238.390699	0.954874
350442.492326	0.948828
350646.593952	0.917655
350850.695578	0.867768
351054.797205	0.805391
351258.898831	0.735964
351463.000457	0.664017
351667.102083	0.593532
351871.203710	0.528573
352075.305336	0.473684
352279.406962	0.433315
352483.508589	0.409889
352687.610215	0.401708
352891.711841	0.403278
353095.813467	0.408596
353299.915094	0.415014
353504.016720	0.425664
353708.118346	0.449231
353912.219973	0.495677
354116.321599	0.569416
354320.423225	0.666036
354524.524851	0.774796
354728.626478	0.882599
354932.728104	0.976568
355136.829730	1.045431
355340.931357	1.080409
355545.032983	1.075946
355749.134609	1.030361
355953.236235	0.946579
356157.337862	0.833251
356361.439488	0.707070
356565.541114	0.597129
356769.642741	0.545988
356973.744367	0.584183
357177.845993	0.694364
357381.947619	0.835256
357586.049246	0.975317
357790.150872	1.095907
357994.252498	1.186671
358198.354124	1.242564
358402.455751	1.262295
358606.557377	1.247388
358810.659003	1.201460
359014.760630	1.129633
359218.862256	1.038036
359422.963882	0.933428
359627.065508	0.822922
359831.167135	0.713761
360035.268761	0.612971
360239.370387	0.526617
360443.472014	0.458363
360647.573640	0.407656
360851.675266	0.369059
361055.776892	0.334133
361259.878519	0.294764
361463.980145	0.245633
361668.081771	0.185062
361872.183398	0.114824
362076.285024	0.039626
362280.386650	0.034806
362484.488276	0.099042
362688.589903	0.145871
362892.691529	0.167568
363096.793155	0.158009
363300.894782	0.113358
363504.996408	0.033503
363709.098034	0.084322
363913.199660	0.228294
364117.301287	0.393411
364321.402913	0.568774
364525.504539	0.742080
364729.606165	0.900428
364933.707792	1.031435
365137.809418	1.124431
365341.911044	1.171643
365546.012671	1.169360
365750.114297	1.119114
365954.215923	1.029139
366158.317549	0.916518
366362.419176	0.810106
366566.520802	0.749925
366770.622428	0.769261
366974.724055	0.864732
367178.825681	1.001335
367382.927307	1.142349
367587.028933	1.262037
367791.130560	1.345179
367995.232186	1.384813
368199.333812	1.380706
368403.435439	1.338242
368607.537065	1.267271
368811.638691	1.180538
369015.740317	1.091402
369219.841944	1.010721
369423.943570	0.943600
369628.045196	0.887749
369832.146823	0.834994
370036.248449	0.775244
370240.350075	0.700487
370444.451701	0.607237
370648.553328	0.497591
370852.654954	0.380366
371056.756580	0.275679
371260.858207	0.225754
371464.959833	0.265042
371669.061459	0.356852
371873.163085	0.461399
372077.264712	0.565390
372281.366338	0.667832
372485.467964	0.771935
372689.569590	0.880640
372893.671217	0.993742
373097.772843	1.106785
373301.874469	1.211664
373505.976096	1.298235
373710.077722	1.356171
373914.179348	1.376593
374118.280974	1.353301
374322.382601	1.283577
374526.484227	1.168552
374730.585853	1.013180
374934.687480	0.825837
375138.789106	0.617621
375342.890732	0.401458
375546.992358	0.191483
375751.093985	0.032676
375955.195611	0.172102
376159.297237	0.297847
376363.398864	0.382736
376567.500490	0.426285
376771.602116	0.434129
376975.703742	0.418824
377179.805369	0.400704
377383.906995	0.404320
377588.008621	0.444651
377792.110248	0.515820
377996.211874	0.599895
378200.313500	0.679971
378404.415126	0.744735
378608.516753	0.788676
378812.618379	0.811565
379016.720005	0.817833
379220.821632	0.815558
379424.923258	0.814608
379629.024884	0.823785
379833.126510	0.847783
380037.228137	0.885811
380241.329763	0.932869
380445.431389	0.982583
380649.533015	1.029681
380853.634642	1.071214
381057.736268	1.106569
381261.837894	1.136674
381465.939521	1.162772
381670.041147	1.185236
381874.142773	1.202832
382078.244399	1.212688
382282.346026	1.210924
382486.447652	1.193635
382690.549278	1.157890
382894.650905	1.102478
383098.752531	1.028300
383302.854157	0.938386
383506.955783	0.837582
383711.057410	0.731955
383915.159036	0.627982
384119.260662	0.531605
384323.362289	0.447330
384527.463915	0.377779
384731.565541	0.324328
384935.667167	0.289103
385139.768794	0.276812
385343.870420	0.292673
385547.972046	0.336641
385752.073673	0.402181
385956.175299	0.480542
386160.276925	0.563966
386364.378551	0.646594
386568.480178	0.724574
386772.581804	0.795940
386976.683430	0.860295
387180.785056	0.918218
387384.886683	0.970457
387588.988309	1.017098
387793.089935	1.056979
387997.191562	1.087558
388201.293188	1.105277
388405.394814	1.106268
388609.496440	1.087180
388813.598067	1.045924
389017.699693	0.982195
389221.801319	0.897743
389425.902946	0.796383
389630.004572	0.683829
389834.106198	0.567484
390038.207824	0.456456
390242.309451	0.362123
390446.411077	0.298665
390650.512703	0.278526
390854.614330	0.299891
391058.715956	0.347161
391262.817582	0.405968
391466.919208	0.467763
391671.020835	0.526779
391875.122461	0.577579
392079.224087	0.614419
392283.325714	0.631861
392487.427340	0.626168
392691.528966	0.597389
392895.630592	0.552592
393099.732219	0.510660
393303.833845	0.504581
393507.935471	0.565271
393712.037098	0.692834
393916.138724	0.861948
394120.240350	1.044680
394324.341976	1.218027
394528.443603	1.363547
394732.545229	1.466656
394936.646855	1.516631
395140.748481	1.506989
395344.850108	1.435945
395548.951734	1.306909
395753.053360	1.129180
395957.154987	0.919669
396161.256613	0.708154
396365.358239	0.550792
396569.459865	0.528070
396773.561492	0.644795
396977.663118	0.816179
397181.764744	0.979100
397385.866371	1.102687
397589.967997	1.171758
397794.069623	1.179717
397998.171249	1.126015
398202.272876	1.014958
398406.374502	0.854826
398610.476128	0.657038
398814.577755	0.435399
399018.679381	0.206643
399222.781007	0.063259
399426.882633	0.245603
399630.984260	0.421899
399835.085886	0.559247
400039.187512	0.649038
400243.289139	0.686687
400447.390765	0.671046
400651.492391	0.604582
400855.594017	0.494427
401059.695644	0.357325
401263.797270	0.245908
401467.898896	0.288730
401672.000522	0.472779
401876.102149	0.698857
402080.203775	0.928927
402284.305401	1.144764
402488.407028	1.333513
402692.508654	1.485046
402896.610280	1.591616
403100.711906	1.648037
403304.813533	1.651970
403508.915159	1.604188
403713.016785	1.508782
403917.118412	1.373347
404121.220038	1.209250
404325.321664	1.032228
404529.423290	0.863529
404733.524917	0.730653
404937.626543	0.661701
405141.728169	0.665673
405345.829796	0.719705
405549.931422	0.788527
405754.033048	0.845019
405958.134674	0.873242
406162.236301	0.865226
406366.337927	0.818180
406570.439553	0.732828
406774.541180	0.612603
406978.642806	0.463934
407182.744432	0.300629
407386.846058	0.178556
407590.947685	0.253536
407795.049311	0.449013
407999.150937	0.666515
408203.252564	0.881373
408407.354190	1.080787
408611.455816	1.254353
408815.557442	1.392839
409019.659069	1.488370
409223.760695	1.534942
409427.862321	1.529009
409631.963947	1.469994
409836.065574	1.360661
410040.167200	1.207351
410244.268826	1.020205
410448.370453	0.813788
410652.472079	0.609545
410856.573705	0.443716
411060.675331	0.375527
411264.776958	0.428290
411468.878584	0.536505
411672.980210	0.642451
411877.081837	0.722463
412081.183463	0.769536
412285.285089	0.784900
412489.386715	0.774798
412693.488342	0.748604
412897.589968	0.717021
413101.691594	0.689989
413305.793221	0.674631
413509.894847	0.674196
413713.996473	0.688778
413918.098099	0.717115
414122.199726	0.757781
414326.301352	0.808846
414530.402978	0.866637
414734.504605	0.924843
414938.606231	0.974751
415142.707857	1.006489
415346.809483	1.010825
415550.911110	0.981183
415755.012736	0.915911
415959.114362	0.821396
416163.215988	0.717287
416367.317615	0.643622
416571.419241	0.653712
416775.520867	0.767183
416979.622494	0.949136
417183.724120	1.152970
417387.825746	1.343685
417591.927372	1.497045
417796.028999	1.596576
418000.130625	1.632336
418204.232251	1.600593
418408.333878	1.503722
418612.435504	1.350027
418816.537130	1.153530
419020.638756	0.934132
419224.740383	0.719203
419428.842009	0.547968
419632.943635	0.469057
419837.045262	0.494134
420041.146888	0.569502
420245.248514	0.642927
420449.350140	0.692519
420653.451767	0.716705
420857.553393	0.725514
421061.655019	0.734197
421265.756646	0.755627
421469.858272	0.792897
421673.959898	0.837536
421878.061524	0.874495
422082.163151	0.888851
422286.264777	0.870494
422490.366403	0.816939
422694.468030	0.735834
422898.569656	0.648590
423102.671282	0.593116
423306.772908	0.609812
423510.874535	0.703176
423714.976161	0.838148
423919.077787	0.975125
424123.179413	1.085423
424327.281040	1.150620
424531.382666	1.160366
424735.484292	1.111186
424939.585919	1.005713
425143.687545	0.851907
425347.789171	0.662083
425551.890797	0.451859
425755.992424	0.240204
425960.094050	0.076630
426164.195676	0.173990
426368.297303	0.311663
426572.398929	0.413906
426776.500555	0.478601
426980.602181	0.514801
427184.703808	0.539840
427388.805434	0.574441
427592.907060	0.632399
427797.008687	0.712058
428001.110313	0.798633
428205.211939	0.872711
428409.313565	0.916486
428613.415192	0.916521
428817.516818	0.864754
429021.618444	0.758781
429225.720071	0.601712
429429.821697	0.401682
429633.923323	0.171306
429838.024949	0.079400
430042.126576	0.323204
430246.228202	0.550934
430450.329828	0.745481
430654.431455	0.893835
430858.533081	0.986750
431062.634707	1.019397
431266.736333	0.991685
431470.837960	0.908191
431674.939586	0.777733
431879.041212	0.612669
432083.142838	0.428256
432287.244465	0.243708
432491.346091	0.105201
432695.447717	0.157463
432899.549344	0.270240
433103.650970	0.353477
433307.752596	0.395752
433511.854222	0.397009
433715.955849	0.363766
433920.057475	0.310209
434124.159101	0.262522
434328.260728	0.257902
434532.362354	0.309979
434736.463980	0.392014
434940.565606	0.475583
435144.667233	0.544131
435348.768859	0.589152
435552.870485	0.607354
435756.972112	0.599357
435961.073738	0.568857
436165.175364	0.521823
436369.276990	0.465558
436573.378617	0.407552
436777.480243	0.354103
436981.581869	0.308910
437185.683496	0.272413
437389.785122	0.242844
437593.886748	0.218914
437797.988374	0.202454
438002.090001	0.198501
438206.191627	0.210864
438410.293253	0.236906
438614.394879	0.268631
438818.496506	0.297281
439022.598132	0.316009
439226.699758	0.320868
439430.801385	0.311707
439634.903011	0.293788
439839.004637	0.280129
440043.106263	0.290607
440247.207890	0.339448
440451.309516	0.422973
440655.411142	0.527342
440859.512769	0.638945
441063.614395	0.746786
441267.716021	0.842082
441471.817647	0.917896
441675.919274	0.969063
441880.020900	0.992290
442084.122526	0.986319
442288.224153	0.952116
442492.325779	0.893083
442696.427405	0.815329
442900.529031	0.728025
443104.630658	0.643679
443308.732284	0.577430
443512.833910	0.542996
443716.935537	0.544676
443921.037163	0.573182
444125.138789	0.611977
444329.240415	0.645940
444533.342042	0.664947
444737.443668	0.663934
444941.545294	0.642103
445145.646921	0.602144
445349.748547	0.549503
445553.850173	0.491534
445757.951799	0.436232
445962.053426	0.390294
446166.155052	0.356791
446370.256678	0.334170
446574.358304	0.318473
446778.459931	0.307866
446982.561557	0.306361
447186.663183	0.323437
447390.764810	0.367428
447594.866436	0.438148
447798.968062	0.527560
448003.069688	0.624993
448207.171315	0.720394
448411.272941	0.805449
448615.374567	0.873964
448819.476194	0.922022
449023.577820	0.947962
449227.679446	0.952136
449431.781072	0.936413
449635.882699	0.903466
449839.984325	0.855975
450044.085951	0.795936
450248.187578	0.724316
450452.289204	0.641219
450656.390830	0.546600
450860.492456	0.441473
451064.594083	0.329950
451268.695709	0.224629
451472.797335	0.164848
451676.898962	0.202853
451881.000588	0.294946
452085.102214	0.389545
452289.203840	0.466250
452493.305467	0.515234
452697.407093	0.531420
452901.508719	0.513578
453105.610345	0.464435
453309.711972	0.391177
453513.813598	0.306835
453717.915224	0.233967
453922.016851	0.205431
454126.118477	0.230678
454330.220103	0.274626
454534.321729	0.304786
454738.423356	0.305787
454942.524982	0.274619
455146.626608	0.223587
455350.728235	0.198800
455554.829861	0.264486
455758.931487	0.400970
455963.033113	0.561728
456167.134740	0.718750
456371.236366	0.852465
456575.337992	0.947422
456779.439619	0.991912
456983.541245	0.978524
457187.642871	0.904786
457391.744497	0.773685
457595.846124	0.594378
457799.947750	0.385432
458004.049376	0.203419
458208.151003	0.250445
458412.252629	0.455529
458616.354255	0.659654
458820.455881	0.825212
459024.557508	0.935664
459228.659134	0.982586
459432.760760	0.964938
459636.862387	0.890427
459840.964013	0.778911
460045.065639	0.669535
460249.167265	0.625235
460453.268892	0.695612
460657.370518	0.858583
460861.472144	1.057076
461065.573770	1.247274
461269.675397	1.401777
461473.777023	1.503965
461677.878649	1.544954
461881.980276	1.522168
462086.081902	1.438410
462290.183528	1.300937
462494.285154	1.120434
462698.386781	0.909959
462902.488407	0.684191
463106.590033	0.460257
463310.691660	0.267427
463514.793286	0.198100
463718.894912	0.306577
463922.996538	0.457652
464127.098165	0.600183
464331.199791	0.724778
464535.301417	0.830047
464739.403044	0.916647
464943.504670	0.985893
465147.606296	1.039582
465351.707922	1.080228
465555.809549	1.111257
465759.911175	1.136747
465964.012801	1.160524
466168.114428	1.184732
466372.216054	1.208501
466576.317680	1.227425
466780.419306	1.234245
466984.520933	1.220494
467188.622559	1.178575
467392.724185	1.103852
467596.825812	0.996765
467800.927438	0.865505
468005.029064	0.730477
468209.130690	0.630624
468413.232317	0.616610
468617.333943	0.703982
468821.435569	0.852530
469025.537195	1.013233
469229.638822	1.152239
469433.740448	1.248401
469637.842074	1.289248
469841.943701	1.269168
470046.045327	1.188647
470250.146953	1.053788
470454.248579	0.875894
470658.350206	0.671417
470862.451832	0.464021
471066.553458	0.296614
471270.655085	0.254401
471474.756711	0.339036
471678.858337	0.440126
471882.959963	0.506982
472087.061590	0.524779
472291.163216	0.491286
472495.264842	0.411432
472699.366469	0.296270
472903.468095	0.167709
473107.569721	0.112138
473311.671347	0.216015
473515.772974	0.343324
473719.874600	0.447997
473923.976226	0.515828
474128.077853	0.540022
474332.179479	0.518852
474536.281105	0.455333
474740.382731	0.357427
474944.484358	0.240506
475148.585984	0.146203
475352.687610	0.176219
475556.789236	0.291677
475760.890863	0.410653
475964.992489	0.509380
476169.094115	0.578993
476373.195742	0.616535
476577.297368	0.623285
476781.398994	0.603937
476985.500620	0.565615
477189.602247	0.516482
477393.703873	0.463986
477597.805499	0.413168
477801.907126	0.366119
478006.008752	0.323945
478210.110378	0.291684
478414.212004	0.283363
478618.313631	0.316438
478822.415257	0.393287
479026.516883	0.499646
479230.618510	0.617890
479434.720136	0.732490
479638.821762	0.830341
479842.923388	0.900836
480047.025015	0.936353
480251.126641	0.932923
480455.228267	0.890912
480659.329894	0.815709
480863.431520	0.718597
481067.533146	0.617919
481271.634772	0.539220
481475.736399	0.507670
481679.838025	0.527891
481883.939651	0.576706
482088.041278	0.623398
482292.142904	0.645200
482496.244530	0.629017
482700.346156	0.569531
482904.447783	0.467807
483108.549409	0.331170
483312.651035	0.179455
483516.752661	0.124321
483720.854288	0.269730
483924.955914	0.443857
484129.057540	0.601755
484333.159167	0.728016
484537.260793	0.813215
484741.362419	0.852173
484945.464045	0.843974
485149.565672	0.792109
485353.667298	0.704651
485557.768924	0.594732
485761.870551	0.481962
485965.972177	0.394561
486170.073803	0.362962
486374.175429	0.390077
486578.277056	0.443417
486782.378682	0.490117
486986.480308	0.511475
487190.581935	0.499349
487394.683561	0.452339
487598.785187	0.373729
487802.886813	0.270246
488006.988440	0.151221
488211.090066	0.033170
488415.191692	0.099497
488619.293319	0.203954
488823.394945	0.286044
489027.496571	0.338588
489231.598197	0.357675
489435.699824	0.342340
489639.801450	0.294475
489843.903076	0.218558
490048.004702	0.121178
490252.106329	0.010416
490456.207955	0.105040
490660.309581	0.216382
490864.411208	0.315774
491068.512834	0.396845
491272.614460	0.455250
491476.716086	0.489011
491680.817713	0.498636
491884.919339	0.487040
492089.020965	0.459287
492293.122592	0.422196
492497.224218	0.383839
492701.325844	0.352816
492905.427470	0.336982
493109.529097	0.341535
493313.630723	0.367704
493517.732349	0.413451
493721.833976	0.475078
493925.935602	0.547896
494130.037228	0.626046
494334.138854	0.702389
494538.240481	0.768813
494742.342107	0.816899
494946.443733	0.838753
495150.545360	0.827853
495354.646986	0.779821
495558.748612	0.693031
495762.850238	0.569075
495966.951865	0.413239
496171.053491	0.236617
496375.155117	0.092123
496579.256744	0.207224
496783.358370	0.393083
496987.459996	0.564464
497191.561622	0.704444
497395.663249	0.802312
497599.764875	0.851141
497803.866501	0.848217
498007.968127	0.795961
498212.069754	0.703534
498416.171380	0.590489
498620.273006	0.494617
498824.374633	0.473483
499028.476259	0.555277
499232.577885	0.700986
499436.679511	0.861097
499640.781138	1.004113
499844.882764	1.111361
500048.984390	1.171947
500253.086017	1.180722
500457.187643	1.137431
500661.289269	1.046150
500865.390895	0.914683
501069.492522	0.753889
501273.594148	0.577059
501477.695774	0.399975
501681.797401	0.244487
501885.899027	0.157023
502090.000653	0.184756
502294.102279	0.250920
502498.203906	0.298419
502702.305532	0.314641
502906.407158	0.299673
503110.508785	0.258769
503314.610411	0.200147
503518.712037	0.133719
503722.813663	0.069986
503926.915290	0.019064
504131.016916	0.011450
504335.118542	0.016328
504539.220168	0.028582
504743.321795	0.089693
504947.423421	0.184369
505151.525047	0.305316
505355.626674	0.444553
505559.728300	0.592517
505763.829926	0.738676
505967.931552	0.872376
506172.033179	0.983725
506376.134805	1.064418
506580.236431	1.108451
506784.338058	1.112663
506988.439684	1.077086
507192.541310	1.005112
507396.642936	0.903516
507600.744563	0.782449
507804.846189	0.655526
508008.947815	0.539930
508213.049442	0.454894
508417.151068	0.413680
508621.252694	0.410303
508825.354320	0.421353
509029.455947	0.423216
509233.557573	0.400936
509437.659199	0.347653
509641.760826	0.262540
509845.862452	0.151129
510049.964078	0.064649
510254.065704	0.180946
510458.167331	0.348910
510662.268957	0.524163
510866.370583	0.696352
511070.472210	0.858050
511274.573836	1.003278
511478.675462	1.127360
511682.777088	1.226842
511886.878715	1.299344
512090.980341	1.343374
