# Freq(Hz)	Amp(mV)
0.000000	8.752345
169.634133	8.627095
339.268266	8.257328
508.902399	7.660740
678.536532	6.865977
848.170666	5.911367
1017.804799	4.843187
1187.438932	3.713571
1357.073065	2.578452
1526.707198	1.497703
1696.341331	0.564724
1865.975464	0.510929
2035.609597	1.126648
2205.243730	1.597957
2374.877863	1.871760
2544.511997	1.948321
2714.146130	1.847744
2883.780263	1.607644
3053.414396	1.286294
3223.048529	0.976401
3392.682662	0.823727
3562.316795	0.917989
3731.950928	1.136682
3901.585061	1.335727
4071.219194	1.446843
4240.853328	1.449995
4410.487461	1.359104
4580.121594	1.223152
4749.755727	1.129683
4919.389860	1.171309
5089.023993	1.356372
5258.658126	1.603615
5428.292259	1.823716
5597.926392	1.953440
5767.560525	1.955151
5937.194659	1.813619
6106.828792	1.535232
6276.462925	1.150729
6446.097058	0.734908
6615.731191	0.520268
6785.365324	0.767701
6954.999457	1.156759
7124.633590	1.476626
7294.267723	1.653102
7463.901856	1.651315
7633.535990	1.462900
7803.170123	1.111913
7972.804256	0.700956
8142.438389	0.647925
8312.072522	1.168097
8481.706655	1.824304
8651.340788	2.433707
8820.974921	2.910692
8990.609054	3.200193
9160.243187	3.274492
9329.877321	3.140443
9499.511454	2.852705
9669.145587	2.535179
9838.779720	2.389553
10008.413853	2.588553
10178.047986	3.091864
10347.682119	3.717254
10517.316252	4.309327
10686.950385	4.783250
10856.584519	5.120784
11026.218652	5.361693
11195.852785	5.581525
11365.486918	5.843035
11535.121051	6.135004
11704.755184	6.343240
11874.389317	6.283147
12044.023450	5.799863
12213.657583	5.044812
12383.291716	5.267090
12552.925850	8.388157
12722.559983	14.389641
12892.194116	22.815285
13061.828249	33.519458
13231.462382	46.415654
13401.096515	61.365361
13570.730648	78.144265
13740.364781	96.434621
13909.998914	115.829780
14079.633047	135.846450
14249.267181	155.942678
14418.901314	175.540040
14588.535447	194.048614
14758.169580	210.893230
14927.803713	225.539495
15097.437846	237.518101
15267.071979	246.446081
15436.706112	252.043838
15606.340245	254.147096
15775.974378	252.713170
15945.608512	247.821338
16115.242645	239.667426
16284.876778	228.553030
16454.510911	214.870091
16624.145044	199.081767
16793.779177	181.700709
16963.413310	163.265924
17133.047443	144.319436
17302.681576	125.383904
17472.315709	106.942214
17641.949843	89.419927
17811.583976	73.171234
17981.218109	58.468836
18150.852242	45.497926
18320.486375	34.354208
18490.120508	25.045675
18659.754641	17.497810
18829.388774	11.562080
18999.022907	7.028585
19168.657040	3.646871
19338.291174	1.187467
19507.925307	0.955284
19677.559440	2.377872
19847.193573	3.570033
20016.827706	4.522881
20186.461839	5.224672
20356.095972	5.649582
20525.730105	5.780199
20695.364238	5.623862
20864.998372	5.222244
21034.632505	4.657176
21204.266638	4.054699
21373.900771	3.579125
21543.534904	3.381239
21713.169037	3.486963
21882.803170	3.766825
22052.437303	4.051271
22222.071436	4.221853
22391.705569	4.226485
22561.339703	4.071484
22730.973836	3.814723
22900.607969	3.558123
23070.242102	3.422617
23239.876235	3.487246
23409.510368	3.730227
23579.144501	4.048101
23748.778634	4.323684
23918.412767	4.468091
24088.046900	4.431283
24257.681034	4.201761
24427.315167	3.805838
24596.949300	3.310210
24766.583433	2.828900
24936.217566	2.519982
25105.851699	2.512367
25275.485832	2.775442
25445.119965	3.150670
25614.754098	3.490524
25784.388231	3.705872
25954.022365	3.757344
26123.656498	3.643820
26293.290631	3.396114
26462.924764	3.073522
26632.558897	2.759118
26802.193030	2.543668
26971.827163	2.485479
27141.461296	2.568976
27311.095429	2.719263
27480.729562	2.856661
27650.363696	2.930298
27819.997829	2.923847
27989.631962	2.850571
28159.266095	2.744686
28328.900228	2.648108
28498.534361	2.591757
28668.168494	2.578385
28837.802627	2.580017
29007.436760	2.552520
29177.070893	2.454730
29346.705027	2.261678
29516.339160	1.971774
29685.973293	1.613652
29855.607426	1.262819
30025.241559	1.070545
30194.875692	1.179587
30364.509825	1.502589
30534.143958	1.866767
30703.778091	2.170779
30873.412225	2.367354
31043.046358	2.442651
31212.680491	2.410831
31382.314624	2.313856
31551.948757	2.218984
31721.582890	2.201940
31891.217023	2.307683
32060.851156	2.518770
32230.485289	2.771520
32400.119422	2.994916
32569.753556	3.133472
32739.387689	3.153554
32909.021822	3.043675
33078.655955	2.813574
33248.290088	2.493358
33417.924221	2.133028
33587.558354	1.801067
33757.192487	1.572876
33926.826620	1.490535
34096.460753	1.518475
34266.094887	1.571197
34435.729020	1.576728
34605.363153	1.502631
34774.997286	1.359253
34944.631419	1.206548
35114.265552	1.157109
35283.899685	1.304900
35453.533818	1.615727
35623.167951	1.984882
35792.802084	2.324688
35962.436218	2.575929
36132.070351	2.701125
36301.704484	2.680852
36471.338617	2.512381
36640.972750	2.209095
36810.606883	1.800777
36980.241016	1.338189
37149.875149	0.917262
37319.509282	0.744549
37489.143415	0.948524
37658.777549	1.298008
37828.411682	1.621076
37998.045815	1.857492
38167.679948	1.989293
38337.314081	2.020504
38506.948214	1.971119
38676.582347	1.873314
38846.216480	1.765926
39015.850613	1.684622
39185.484746	1.648603
39355.118880	1.652622
39524.753013	1.673462
39694.387146	1.685587
39864.021279	1.673643
40033.655412	1.637466
40203.289545	1.591281
40372.923678	1.557952
40542.557811	1.558124
40712.191944	1.598002
40881.826078	1.664881
41051.460211	1.734304
41221.094344	1.781548
41390.728477	1.789883
41560.362610	1.754362
41729.996743	1.682688
41899.630876	1.593900
42069.265009	1.514002
42238.899142	1.466922
42408.533275	1.462626
42578.167409	1.491106
42747.801542	1.528830
42917.435675	1.551516
43087.069808	1.543812
43256.703941	1.503687
43426.338074	1.443182
43595.972207	1.385888
43765.606340	1.359022
43935.240473	1.379511
44104.874606	1.442613
44274.508740	1.524681
44444.142873	1.596535
44613.777006	1.635149
44783.411139	1.629526
44953.045272	1.582940
45122.679405	1.513239
45292.313538	1.450211
45461.947671	1.426308
45631.581804	1.459693
45801.215937	1.541337
45970.850071	1.640325
46140.484204	1.720211
46310.118337	1.751206
46479.752470	1.715236
46649.386603	1.607442
46819.020736	1.436932
46988.654869	1.228385
47158.289002	1.025612
47327.923135	0.892161
47497.557268	0.881516
47667.191402	0.977012
47836.825535	1.107917
48006.459668	1.213160
48176.093801	1.258830
48345.727934	1.233282
48515.362067	1.143710
48684.996200	1.016968
48854.630333	0.902716
49024.264466	0.865257
49193.898599	0.937490
49363.532733	1.083902
49533.166866	1.240817
49702.800999	1.357332
49872.435132	1.401406
50042.069265	1.356748
50211.703398	1.221029
50381.337531	1.006809
50550.971664	0.749445
50720.605797	0.542592
50890.239931	0.572557
51059.874064	0.834428
51229.508197	1.157124
51399.142330	1.454314
51568.776463	1.686090
51738.410596	1.830544
51908.044729	1.877337
52077.678862	1.826266
52247.312995	1.686847
52416.947128	1.478325
52586.581262	1.230679
52756.215395	0.988189
52925.849528	0.814191
53095.483661	0.771363
53265.117794	0.852753
53434.751927	0.984468
53604.386060	1.103815
53774.020193	1.179823
53943.654326	1.203551
54113.288459	1.180894
54282.922593	1.128977
54452.556726	1.072835
54622.190859	1.038858
54791.824992	1.043399
54961.459125	1.083231
55131.093258	1.138261
55300.727391	1.183259
55470.361524	1.197245
55639.995657	1.167270
55809.629790	1.089225
55979.263924	0.968088
56148.898057	0.819203
56318.532190	0.672337
56488.166323	0.577135
56657.800456	0.584179
56827.434589	0.685745
56997.068722	0.826362
57166.702855	0.960535
57336.336988	1.063256
57505.971121	1.123519
57675.605255	1.140592
57845.239388	1.122773
58014.873521	1.086659
58184.507654	1.054864
58354.141787	1.049539
58523.775920	1.081855
58693.410053	1.145102
58863.044186	1.218698
59032.678319	1.278042
59202.312453	1.301798
59371.946586	1.274996
59541.580719	1.189899
59711.214852	1.046109
59880.848985	0.850687
60050.483118	0.619630
60220.117251	0.388047
60389.751384	0.269622
60559.385517	0.398315
60729.019650	0.611044
60898.653784	0.805185
61068.287917	0.949350
61237.922050	1.029432
61407.556183	1.039723
61577.190316	0.981207
61746.824449	0.860809
61916.458582	0.690556
62086.092715	0.486511
62255.726848	0.267985
62425.360981	0.069619
62594.995115	0.161817
62764.629248	0.318173
62934.263381	0.430177
63103.897514	0.488720
63273.531647	0.492400
63443.165780	0.445843
63612.799913	0.359462
63782.434046	0.250418
63952.068179	0.151646
64121.702312	0.138718
64291.336446	0.208783
64460.970579	0.276051
64630.604712	0.308831
64800.238845	0.297049
64969.872978	0.239669
65139.507111	0.144654
65309.141244	0.069159
65478.775377	0.179549
65648.409510	0.336843
65818.043643	0.490749
65987.677777	0.626127
66157.311910	0.734985
66326.946043	0.816787
66496.580176	0.879753
66666.214309	0.940274
66835.848442	1.018001
67005.482575	1.126575
67175.116708	1.265843
67344.750841	1.421965
67514.384974	1.573589
67684.019108	1.698324
67853.653241	1.777078
68023.287374	1.796663
68192.921507	1.751425
68362.555640	1.644361
68532.189773	1.487943
68701.823906	1.304788
68871.458039	1.127646
69041.092172	0.995121
69210.726306	0.935096
69380.360439	0.940629
69549.994572	0.971571
69719.628705	0.983132
69889.262838	0.944840
70058.896971	0.844273
70228.531104	0.688583
70398.165237	0.516829
70567.799370	0.440624
70737.433503	0.576515
70907.067637	0.838039
71076.701770	1.119840
71246.335903	1.369703
71415.970036	1.557249
71585.604169	1.663328
71755.238302	1.677944
71924.872435	1.599952
72094.506568	1.436813
72264.140701	1.204073
72433.774834	0.924937
72603.408968	0.631887
72773.043101	0.380938
72942.677234	0.300668
73112.311367	0.418529
73281.945500	0.556046
73451.579633	0.637892
73621.213766	0.646396
73790.847899	0.584932
73960.482032	0.476301
74130.116165	0.380309
74299.750299	0.404363
74469.384432	0.564510
74639.018565	0.772205
74808.652698	0.967021
74978.286831	1.115818
75147.920964	1.198410
75317.555097	1.203539
75487.189230	1.127846
75656.823363	0.975309
75826.457496	0.756589
75996.091630	0.488828
76165.725763	0.204894
76335.359896	0.190478
76504.994029	0.477114
76674.628162	0.758021
76844.262295	1.001265
77013.896428	1.193542
77183.530561	1.327558
77353.164694	1.400710
77522.798827	1.414237
77692.432961	1.372259
77862.067094	1.280787
78031.701227	1.147022
78201.335360	0.979345
78370.969493	0.788763
78540.603626	0.594153
78710.237759	0.438800
78879.871892	0.410385
79049.506025	0.537062
79219.140159	0.731249
79388.774292	0.928392
79558.408425	1.096375
79728.042558	1.215360
79897.676691	1.271709
80067.310824	1.257029
80236.944957	1.168474
80406.579090	1.009262
80576.213223	0.789356
80745.847356	0.528129
80915.481490	0.276848
81085.115623	0.268197
81254.749756	0.519326
81424.383889	0.789159
81594.018022	1.022647
81763.652155	1.200198
81933.286288	1.313050
82102.920421	1.361214
82272.554554	1.353780
82442.188687	1.309273
82611.822821	1.254744
82781.456954	1.221078
82951.091087	1.232029
83120.725220	1.291770
83290.359353	1.383505
83459.993486	1.480599
83629.627619	1.558069
83799.261752	1.597906
83968.895885	1.590000
84138.530018	1.531299
84308.164152	1.424395
84477.798285	1.275907
84647.432418	1.094872
84817.066551	0.891391
84986.700684	0.676075
85156.334817	0.461968
85325.968950	0.278138
85495.603083	0.227447
85665.237216	0.360342
85834.871349	0.543235
86004.505483	0.720851
86174.139616	0.874169
86343.773749	0.990777
86513.407882	1.060679
86683.042015	1.076430
86852.676148	1.034081
87022.310281	0.934122
87191.944414	0.782176
87361.578547	0.589588
87531.212680	0.375493
87700.846814	0.186244
87870.480947	0.198831
88040.115080	0.361855
88209.749213	0.507468
88379.383346	0.599742
88549.017479	0.626062
88718.651612	0.583978
88888.285745	0.482387
89057.919878	0.352239
89227.554012	0.288457
89397.188145	0.403387
89566.822278	0.613912
89736.456411	0.831265
89906.090544	1.013875
90075.724677	1.136184
90245.358810	1.181276
90414.992943	1.140039
90584.627076	1.011349
90754.261209	0.802071
90923.895343	0.526704
91093.529476	0.208793
91263.163609	0.156422
91432.797742	0.488785
91602.431875	0.796261
91772.066008	1.048929
91941.700141	1.226789
92111.334274	1.316920
92280.968407	1.314666
92450.602540	1.224798
92620.236674	1.063055
92789.870807	0.860009
92959.504940	0.672285
93129.139073	0.594738
93298.773206	0.685102
93468.407339	0.870085
93638.041472	1.061050
93807.675605	1.211608
93977.309738	1.301859
94146.943871	1.328049
94316.578005	1.299155
94486.212138	1.235424
94655.846271	1.165988
94825.480404	1.122154
94995.114537	1.124241
95164.748670	1.169866
95334.382803	1.237310
95504.016936	1.300279
95673.651069	1.339421
95843.285202	1.346456
96012.919336	1.324001
96182.553469	1.283202
96352.187602	1.239235
96521.821735	1.204594
96691.455868	1.182186
96861.090001	1.162655
97030.724134	1.128170
97200.358267	1.059523
97369.992400	0.942079
97539.626533	0.768924
97709.260667	0.541842
97878.894800	0.271558
98048.528933	0.057475
98218.163066	0.344481
98387.797199	0.634979
98557.431332	0.886954
98727.065465	1.078712
98896.699598	1.193697
99066.333731	1.221765
99235.967865	1.160229
99405.601998	1.014275
99575.236131	0.796660
99744.870264	0.526737
99914.504397	0.229283
100084.138530	0.078356
100253.772663	0.347878
100423.406796	0.570280
100593.040929	0.720955
100762.675062	0.785068
100932.309196	0.755701
101101.943329	0.634754
101271.577462	0.434626
101441.211595	0.196043
101610.845728	0.233666
101780.479861	0.544280
101950.113994	0.868304
102119.748127	1.161310
102289.382260	1.397689
102459.016393	1.559631
102628.650527	1.637533
102798.284660	1.631083
102967.918793	1.550119
103137.552926	1.415228
103307.187059	1.257888
103476.821192	1.118308
103646.455325	1.034922
103816.089458	1.021801
103985.723591	1.055185
104155.357724	1.091694
104324.991858	1.093821
104494.625991	1.039964
104664.260124	0.925139
104833.894257	0.761501
105003.528390	0.585445
105173.162523	0.478225
105342.796656	0.533209
105512.430789	0.706320
105682.064922	0.897344
105851.699055	1.049201
106021.333189	1.132424
106190.967322	1.132155
106360.601455	1.044469
106530.235588	0.875688
106699.869721	0.644015
106869.503854	0.393363
107039.137987	0.287353
107208.772120	0.487925
107378.406253	0.768739
107548.040386	1.024243
107717.674520	1.219061
107887.308653	1.334125
108056.942786	1.359765
108226.576919	1.294620
108396.211052	1.145170
108565.845185	0.925126
108735.479318	0.655120
108905.113451	0.366994
109074.747584	0.174969
109244.381718	0.341971
109414.015851	0.583520
109583.649984	0.784561
109753.284117	0.923226
109922.918250	0.992124
110092.552383	0.992613
110262.186516	0.934209
110431.820649	0.834941
110601.454782	0.722476
110771.088915	0.634240
110940.723049	0.606560
111110.357182	0.645988
111279.991315	0.722314
111449.625448	0.798974
111619.259581	0.852139
111788.893714	0.871428
111958.527847	0.856964
112128.161980	0.817116
112297.796113	0.766377
112467.430246	0.721813
112637.064380	0.696657
112806.698513	0.693009
112976.332646	0.700251
113145.966779	0.701404
113315.600912	0.681002
113485.235045	0.629688
113654.869178	0.546546
113824.503311	0.442732
113994.137444	0.352507
114163.771577	0.344157
114333.405711	0.448072
114503.039844	0.609635
114672.673977	0.778789
114842.308110	0.927134
115011.942243	1.036399
115181.576376	1.093891
115351.210509	1.091383
115520.844642	1.024979
115690.478775	0.895187
115860.112908	0.707120
116029.747042	0.471640
116199.381175	0.217921
116369.015308	0.196868
116538.649441	0.478202
116708.283574	0.780239
116877.917707	1.062416
117047.551840	1.305746
117217.185973	1.495754
117386.820106	1.621682
117556.454239	1.676957
117726.088373	1.659734
117895.722506	1.573346
118065.356639	1.426705
118234.990772	1.234909
118404.624905	1.020724
118574.259038	0.818126
118743.893171	0.676292
118913.527304	0.642693
119083.161437	0.708361
119252.795571	0.811860
119422.429704	0.899934
119592.063837	0.942938
119761.697970	0.927096
119931.332103	0.848698
120100.966236	0.711329
120270.600369	0.524600
120440.234502	0.305116
120609.868635	0.112093
120779.502768	0.243664
120949.136902	0.474515
121118.771035	0.685610
121288.405168	0.856593
121458.039301	0.975584
121627.673434	1.035527
121797.307567	1.034033
121966.941700	0.973453
122136.575833	0.860990
122306.209966	0.709233
122475.844099	0.538712
122645.478233	0.388066
122815.112366	0.332820
122984.746499	0.413301
123154.380632	0.552933
123324.014765	0.687713
123493.648898	0.789795
123663.283031	0.846087
123832.917164	0.850673
124002.551297	0.802786
124172.185430	0.706487
124341.819564	0.571746
124511.453697	0.419817
124681.087830	0.305649
124850.721963	0.333773
125020.356096	0.491706
125189.990229	0.686487
125359.624362	0.874010
125529.258495	1.033573
125698.892628	1.152631
125868.526761	1.223340
126038.160895	1.241867
126207.795028	1.208310
126377.429161	1.126701
126547.063294	1.004963
126716.697427	0.854902
126886.331560	0.692504
127055.965693	0.539045
127225.599826	0.422467
127395.233959	0.369645
127564.868092	0.376425
127734.502226	0.403215
127904.136359	0.413761
128073.770492	0.389362
128243.404625	0.323978
128413.038758	0.220925
128582.672891	0.104404
128752.307024	0.140088
128921.941157	0.306466
129091.575290	0.485674
129261.209424	0.654452
129430.843557	0.798801
129600.477690	0.907913
129770.111823	0.974099
129939.745956	0.993146
130109.380089	0.964538
130279.014222	0.891443
130448.648355	0.780465
130618.282488	0.641301
130787.916621	0.486676
130957.550755	0.334016
131127.184888	0.215158
131296.819021	0.192166
131466.453154	0.261342
131636.087287	0.347259
131805.721420	0.419570
131975.355553	0.473142
132144.989686	0.511893
132314.623819	0.543821
132484.257952	0.577403
132653.892086	0.617901
132823.526219	0.665007
132993.160352	0.713271
133162.794485	0.754515
133332.428618	0.780418
133502.062751	0.784284
133671.696884	0.761988
133841.331017	0.712404
134010.965150	0.637584
134180.599283	0.542972
134350.233417	0.438163
134519.867550	0.339379
134689.501683	0.274119
134859.135816	0.271926
135028.769949	0.323996
135198.404082	0.393808
135368.038215	0.456311
135537.672348	0.499475
135707.306481	0.518225
135876.940614	0.511654
136046.574748	0.481946
136216.208881	0.433927
136385.843014	0.374929
136555.477147	0.314871
136725.111280	0.266071
136894.745413	0.240238
137064.379546	0.240210
137234.013679	0.256382
137403.647812	0.276338
137573.281945	0.293448
137742.916079	0.308226
137912.550212	0.326644
138082.184345	0.356462
138251.818478	0.402033
138421.452611	0.461164
138591.086744	0.526369
138760.720877	0.587997
138930.355010	0.636598
139099.989143	0.664290
139269.623277	0.665682
139439.257410	0.638812
139608.891543	0.586472
139778.525676	0.518629
139948.159809	0.456680
140117.793942	0.435250
140287.428075	0.482465
140457.062208	0.589730
140626.696341	0.726648
140796.330474	0.866761
140965.964608	0.991720
141135.598741	1.088982
141305.232874	1.150318
141474.867007	1.171238
141644.501140	1.150785
141814.135273	1.091408
141983.769406	0.998845
142153.403539	0.882127
142323.037672	0.753968
142492.671805	0.631963
142662.305939	0.539978
142831.940072	0.503784
143001.574205	0.532588
143171.208338	0.608599
143340.842471	0.706012
143510.476604	0.806524
143680.110737	0.899606
143849.744870	0.979093
144019.379003	1.040784
144189.013136	1.081240
144358.647270	1.097393
144528.281403	1.086691
144697.915536	1.047559
144867.549669	0.980014
145037.183802	0.886318
145206.817935	0.771667
145376.452068	0.645064
145546.086201	0.520807
145715.720334	0.420523
145885.354467	0.370142
146054.988601	0.377894
146224.622734	0.417989
146394.256867	0.456342
146563.891000	0.470438
146733.525133	0.448587
146903.159266	0.386309
147072.793399	0.284422
147242.427532	0.148567
147412.061665	0.036049
147581.695798	0.201715
147751.329932	0.384699
147920.964065	0.558862
148090.598198	0.710700
148260.232331	0.828409
148429.866464	0.902495
148599.500597	0.926583
148769.134730	0.898152
148938.768863	0.819270
149108.402996	0.697720
149278.037130	0.549953
149447.671263	0.410929
149617.305396	0.353560
149786.939529	0.432384
149956.573662	0.585347
150126.207795	0.744289
150295.841928	0.875393
150465.476061	0.960605
150635.110194	0.989743
150804.744327	0.958441
150974.378461	0.867660
151144.012594	0.723663
151313.646727	0.538704
151483.280860	0.336169
151652.914993	0.193581
151822.549126	0.284101
151992.183259	0.475732
152161.817392	0.654627
152331.451525	0.790538
152501.085658	0.868554
152670.719792	0.880309
152840.353925	0.822847
153009.988058	0.698386
153179.622191	0.514043
153349.256324	0.281313
153518.890457	0.019841
153688.524590	0.268602
153858.158723	0.549148
154027.792856	0.809628
154197.426989	1.033418
154367.061123	1.206774
154536.695256	1.319771
154706.329389	1.367018
154875.963522	1.348061
155045.597655	1.267489
155215.231788	1.134852
155384.865921	0.964719
155554.500054	0.777666
155724.134187	0.604067
155893.768320	0.490851
156063.402454	0.485540
156233.036587	0.574758
156402.670720	0.702509
156572.304853	0.832038
156741.938986	0.948514
156911.573119	1.047743
157081.207252	1.129553
157250.841385	1.194115
157420.475518	1.239890
157590.109651	1.262961
157759.743785	1.257601
157929.377918	1.217661
158099.012051	1.138317
158268.646184	1.017828
158438.280317	0.859415
158607.914450	0.674380
158777.548583	0.491285
158947.182716	0.383175
159116.816849	0.444605
159286.450983	0.623824
159456.085116	0.826859
159625.719249	1.009003
159795.353382	1.148004
159964.987515	1.231049
160134.621648	1.251541
160304.255781	1.208278
160473.889914	1.105048
160643.524047	0.950153
160813.158180	0.755718
160982.792314	0.536908
161152.426447	0.311730
161322.060580	0.111482
161491.694713	0.140454
161661.328846	0.288725
161830.962979	0.398957
162000.597112	0.456991
162170.231245	0.459743
162339.865378	0.410239
162509.499511	0.318931
162679.133645	0.213996
162848.767778	0.186534
163018.401911	0.302175
163188.036044	0.467158
163357.670177	0.629972
163527.304310	0.769116
163696.938443	0.871482
163866.572576	0.928909
164036.206709	0.937942
164205.840842	0.900283
164375.474976	0.823684
164545.109109	0.723728
164714.743242	0.626925
164884.377375	0.571517
165054.011508	0.589828
165223.645641	0.675685
165393.279774	0.792749
165562.913907	0.906480
165732.548040	0.993767
165902.182173	1.040816
166071.816307	1.040871
166241.450440	0.993209
166411.084573	0.902908
166580.718706	0.781278
166750.352839	0.647378
166919.986972	0.530963
167089.621105	0.470723
167259.255238	0.486695
167428.889371	0.551071
167598.523505	0.618797
167768.157638	0.658193
167937.791771	0.651769
168107.425904	0.591707
168277.060037	0.477555
168446.694170	0.316238
168616.328303	0.135857
168785.962436	0.176926
168955.596569	0.407733
169125.230702	0.648108
169294.864836	0.869519
169464.498969	1.054194
169634.133102	1.188064
169803.767235	1.260910
169973.401368	1.267025
170143.035501	1.205791
170312.669634	1.082222
170482.303767	0.907941
170651.937900	0.704484
170821.572033	0.515744
170991.206167	0.436181
171160.840300	0.540018
171330.474433	0.744993
171500.108566	0.966173
171669.742699	1.166518
171839.376832	1.329214
172009.010965	1.446452
172178.645098	1.515925
172348.279231	1.539243
172517.913364	1.520746
172687.547498	1.466371
172857.181631	1.382584
173026.815764	1.275495
173196.449897	1.150307
173366.084030	1.011223
173535.718163	0.861837
173705.352296	0.705966
173874.986429	0.549043
174044.620562	0.400940
174214.254695	0.283708
174383.888829	0.242562
174553.522962	0.296005
174723.157095	0.391989
174892.791228	0.491570
175062.425361	0.581148
175232.059494	0.657676
175401.693627	0.722727
175571.327760	0.779747
175740.961893	0.831884
175910.596026	0.880195
176080.230160	0.922717
176249.864293	0.954721
176419.498426	0.969886
176589.132559	0.961857
176758.766692	0.925639
176928.400825	0.858618
177098.034958	0.761146
177267.669091	0.636788
177437.303224	0.492518
177606.937358	0.340034
177776.571491	0.204846
177946.205624	0.166046
178115.839757	0.258477
178285.473890	0.381168
178455.108023	0.494654
178624.742156	0.589659
178794.376289	0.664488
178964.010422	0.720420
179133.644555	0.759783
179303.278689	0.784616
179472.912822	0.795910
179642.546955	0.793690
179812.181088	0.778028
179981.815221	0.750806
180151.449354	0.717770
180321.083487	0.689976
180490.717620	0.682541
180660.351753	0.708216
180829.985886	0.768510
180999.620020	0.851546
181169.254153	0.938247
181338.888286	1.009043
181508.522419	1.047289
181678.156552	1.040587
181847.790685	0.981369
182017.424818	0.867223
182187.058951	0.701070
182356.693084	0.491473
182526.327217	0.256141
182695.961351	0.112536
182865.595484	0.320286
183035.229617	0.564826
183204.863750	0.782621
183374.497883	0.955485
183544.132016	1.071689
183713.766149	1.124598
183883.400282	1.112898
184053.034415	1.040755
184222.668548	0.917727
184392.302682	0.758629
184561.936815	0.584038
184731.570948	0.423334
184901.205081	0.321042
185070.839214	0.314478
185240.473347	0.366801
185410.107480	0.416120
185579.741613	0.432375
185749.375746	0.407777
185919.009879	0.348130
186088.644013	0.274380
186258.278146	0.233735
186427.912279	0.275872
186597.546412	0.373531
186767.180545	0.476074
186936.814678	0.554396
187106.448811	0.592309
187276.082944	0.581015
187445.717077	0.517596
187615.351211	0.404486
187784.985344	0.249128
187954.619477	0.067366
188124.253610	0.150261
188293.887743	0.356419
188463.521876	0.550798
188633.156009	0.717572
188802.790142	0.844289
188972.424275	0.921926
189142.058408	0.945430
189311.692542	0.913960
189481.326675	0.830758
189650.960808	0.702661
189820.594941	0.539335
189990.229074	0.352374
190159.863207	0.155272
190329.497340	0.061841
190499.131473	0.242647
190668.765606	0.414043
190838.399739	0.562699
191008.033873	0.684759
191177.668006	0.778716
191347.302139	0.844440
191516.936272	0.882426
191686.570405	0.893280
191856.204538	0.877623
192025.838671	0.836560
192195.472804	0.772787
192365.106937	0.692479
192534.741070	0.608264
192704.375204	0.542802
192874.009337	0.526584
193043.643470	0.577493
193213.277603	0.682225
193382.911736	0.812137
193552.545869	0.942456
193722.180002	1.055887
193891.814135	1.141075
194061.448268	1.191308
194231.082401	1.203787
194400.716535	1.179065
194570.350668	1.120425
194739.984801	1.033139
194909.618934	0.923705
195079.253067	0.799302
195248.887200	0.667893
195418.521333	0.539834
195588.155466	0.432414
195757.789599	0.375739
195927.423732	0.398286
196097.057866	0.488390
196266.691999	0.609972
196436.326132	0.735178
196605.960265	0.845778
196775.594398	0.928580
196945.228531	0.973682
197114.862664	0.974456
197284.496797	0.928157
197454.130930	0.836769
197623.765064	0.708256
197793.399197	0.559362
197963.033330	0.423728
198132.667463	0.364011
198302.301596	0.422521
198471.935729	0.545778
198641.569862	0.671018
198811.203995	0.766484
198980.838128	0.817824
199150.472261	0.820971
199320.106395	0.780514
199489.740528	0.710014
199659.374661	0.632811
199829.008794	0.579822
199998.642927	0.575464
200168.277060	0.615752
200337.911193	0.670875
200507.545326	0.708281
200677.179459	0.704986
200846.813592	0.649320
201016.447726	0.541766
201186.081859	0.402341
201355.715992	0.306091
201525.350125	0.389756
201694.984258	0.610096
201864.618391	0.863880
202034.252524	1.103584
202203.886657	1.301634
202373.520790	1.438734
202543.154923	1.502212
202712.789057	1.486281
202882.423190	1.392506
203052.057323	1.230120
203221.691456	1.016491
203391.325589	0.779020
203560.959722	0.562596
203730.593855	0.443977
203900.227988	0.478912
204069.862121	0.592119
204239.496254	0.692568
204409.130388	0.739468
204578.764521	0.720511
204748.398654	0.641891
204918.032787	0.532197
205087.666920	0.459480
205257.301053	0.514328
205426.935186	0.688988
205596.569319	0.905087
205766.203452	1.106295
205935.837585	1.258377
206105.471719	1.339479
206275.105852	1.337223
206444.739985	1.248518
206614.374118	1.080574
206784.008251	0.854453
206953.642384	0.619263
207123.276517	0.496954
207292.910650	0.620640
207462.544783	0.887262
207632.178917	1.169239
207801.813050	1.409377
207971.447183	1.578486
208141.081316	1.660377
208310.715449	1.648347
208480.349582	1.544172
208649.983715	1.357522
208819.617848	1.105544
208989.251981	0.813670
209158.886114	0.523716
209328.520248	0.341157
209498.154381	0.426433
209667.788514	0.639613
209837.422647	0.839696
210007.056780	0.987350
210176.690913	1.071487
210346.325046	1.093010
210515.959179	1.061159
210685.593312	0.991704
210855.227445	0.904748
211024.861579	0.820828
211194.495712	0.754398
211364.129845	0.706868
211533.763978	0.665602
211703.398111	0.611321
211873.032244	0.527251
212042.666377	0.404314
212212.300510	0.243907
212381.934643	0.089699
212551.568776	0.219744
212721.202910	0.447455
212890.837043	0.673439
213060.471176	0.875151
213230.105309	1.035367
213399.739442	1.140473
213569.373575	1.181226
213739.007708	1.153506
213908.641841	1.058722
214078.275974	0.903932
214247.910107	0.701966
214417.544241	0.473290
214587.178374	0.262457
214756.812507	0.228962
214926.446640	0.401917
215096.080773	0.592385
215265.714906	0.746800
215435.349039	0.848631
215604.983172	0.891454
215774.617305	0.875320
215944.251438	0.805860
216113.885572	0.693858
216283.519705	0.555317
216453.153838	0.413333
216622.787971	0.304599
216792.422104	0.276937
216962.056237	0.325849
217131.690370	0.392583
217301.324503	0.439742
217470.958636	0.453974
217640.592770	0.434585
217810.226903	0.390257
217979.861036	0.340394
218149.495169	0.316566
218319.129302	0.346294
218488.763435	0.423288
218658.397568	0.521115
218828.031701	0.619350
218997.665834	0.707255
219167.299967	0.780978
219336.934101	0.841219
219506.568234	0.891174
219676.202367	0.934335
219845.836500	0.972428
220015.470633	1.004148
220185.104766	1.025206
220354.738899	1.029536
220524.373032	1.011060
220694.007165	0.965366
220863.641298	0.890954
221033.275432	0.789982
221202.909565	0.668637
221372.543698	0.537421
221542.177831	0.411979
221711.811964	0.314832
221881.446097	0.271500
222051.080230	0.284326
222220.714363	0.324830
222390.348496	0.372488
222559.982629	0.428918
222729.616763	0.508614
222899.250896	0.624555
223068.885029	0.777979
223238.519162	0.958731
223408.153295	1.150606
223577.787428	1.335484
223747.421561	1.495662
223917.055694	1.615333
224086.689827	1.681730
224256.323960	1.686029
224425.958094	1.623971
224595.592227	1.496172
224765.226360	1.308090
224934.860493	1.069737
225104.494626	0.795405
225274.128759	0.504918
225443.762892	0.240938
225613.397025	0.221043
225783.031158	0.442777
225952.665291	0.663894
226122.299425	0.844126
226291.933558	0.972763
226461.567691	1.046573
226631.201824	1.067044
226800.835957	1.039327
226970.470090	0.971305
227140.104223	0.872568
227309.738356	0.753371
227479.372489	0.623702
227649.006623	0.492711
227818.640756	0.368920
227988.274889	0.262259
228157.909022	0.189891
228327.543155	0.176232
228497.177288	0.214299
228666.811421	0.268469
228836.445554	0.316666
229006.079687	0.348312
229175.713820	0.357257
229345.347954	0.339776
229514.982087	0.294418
229684.616220	0.222323
229854.250353	0.128131
230023.884486	0.039209
230193.518619	0.123748
230363.152752	0.246763
230532.786885	0.363377
230702.421018	0.462756
230872.055151	0.536716
231041.689285	0.579502
231211.323418	0.588293
231380.957551	0.563602
231550.591684	0.509405
231720.225817	0.433034
231889.859950	0.344869
232059.494083	0.257938
232229.128216	0.186948
232398.762349	0.142980
232568.396482	0.119601
232738.030616	0.092895
232907.664749	0.045823
233077.298882	0.057040
233246.933015	0.171800
233416.567148	0.319039
233586.201281	0.485938
233755.835414	0.659896
233925.469547	0.827237
234095.103680	0.974327
234264.737813	1.088893
234434.371947	1.161308
234604.006080	1.185732
234773.640213	1.161068
234943.274346	1.091730
235112.908479	0.988302
235282.542612	0.868146
235452.176745	0.755394
235621.810878	0.677174
235791.445011	0.650388
235961.079144	0.665984
236130.713278	0.694229
236300.347411	0.704518
236469.981544	0.675729
236639.615677	0.596929
236809.249810	0.465701
236978.883943	0.286834
237148.518076	0.077448
237318.152209	0.184318
237487.786342	0.434684
237657.420476	0.679221
237827.054609	0.899733
237996.688742	1.081512
238166.322875	1.213379
238335.957008	1.288584
238505.591141	1.305485
238675.225274	1.267934
238844.859407	1.185358
239014.493540	1.072556
239184.127673	0.949066
239353.761807	0.837258
239523.395940	0.757095
239693.030073	0.716694
239862.664206	0.705988
240032.298339	0.703150
240201.932472	0.687374
240371.566605	0.646479
240541.200738	0.579223
240710.834871	0.497200
240880.469004	0.429442
241050.103138	0.420443
241219.737271	0.491694
241389.371404	0.615024
241559.005537	0.752167
241728.639670	0.877197
241898.273803	0.974349
242067.907936	1.034521
242237.542069	1.053627
242407.176202	1.031748
242576.810335	0.972460
242746.444469	0.882105
242916.078602	0.768957
243085.712735	0.642332
243255.346868	0.511674
243424.981001	0.385732
243594.615134	0.271888
243764.249267	0.175806
243933.883400	0.101773
244103.517533	0.055311
244273.151666	0.044813
244442.785800	0.054835
244612.419933	0.064404
244782.054066	0.069357
244951.688199	0.069228
245121.322332	0.062815
245290.956465	0.048208
245460.590598	0.023954
245630.224731	0.013596
245799.858864	0.057687
245969.492997	0.110638
246139.127131	0.168487
246308.761264	0.227496
246478.395397	0.283942
246648.029530	0.334625
246817.663663	0.377339
246987.297796	0.411197
247156.931929	0.436690
247326.566062	0.455428
247496.200195	0.469515
247665.834329	0.480702
247835.468462	0.489682
248005.102595	0.495933
248174.736728	0.498379
248344.370861	0.496788
248514.004994	0.493559
248683.639127	0.495278
248853.273260	0.512596
249022.907393	0.556472
249192.541526	0.631912
249362.175660	0.734992
249531.809793	0.855398
249701.443926	0.980321
249871.078059	1.096828
250040.712192	1.192976
250210.346325	1.258475
250379.980458	1.285244
250549.614591	1.267936
250719.248724	1.204420
250888.882857	1.096242
251058.516991	0.949197
251228.151124	0.774547
251397.785257	0.592647
251567.419390	0.443880
251737.053523	0.399083
251906.687656	0.484157
252076.321789	0.627707
252245.955922	0.768978
252415.590055	0.878837
252585.224188	0.942816
252754.858322	0.954052
252924.492455	0.911225
253094.126588	0.818040
253263.760721	0.683515
253433.394854	0.524027
253603.028987	0.372213
253772.663120	0.301666
253942.297253	0.375528
254111.931386	0.522495
254281.565519	0.671930
254451.199653	0.794337
254620.833786	0.876281
254790.467919	0.911817
254960.102052	0.900251
255129.736185	0.845337
255299.370318	0.754729
255469.004451	0.639448
255638.638584	0.513413
255808.272717	0.393181
255977.906850	0.297365
256147.540984	0.241241
256317.175117	0.220745
256486.809250	0.209677
256656.443383	0.184352
256826.077516	0.138615
256995.711649	0.102292
257165.345782	0.157755
257334.979915	0.281578
257504.614048	0.427920
257674.248182	0.577558
257843.882315	0.717276
258013.516448	0.836291
258183.150581	0.926210
258352.784714	0.981437
258522.418847	0.999508
258692.052980	0.981183
258861.687113	0.930285
259031.321246	0.853277
259200.955379	0.758633
259370.589513	0.656051
259540.223646	0.555592
259709.857779	0.466740
259879.491912	0.397339
260049.126045	0.352330
260218.760178	0.332771
260388.394311	0.336290
260558.028444	0.358858
260727.662577	0.395902
260897.296710	0.442130
261066.930844	0.491331
261236.564977	0.536883
261406.199110	0.572702
261575.833243	0.594245
261745.467376	0.599369
261915.101509	0.588935
262084.735642	0.567077
262254.369775	0.540856
262424.003908	0.518805
262593.638041	0.507948
262763.272175	0.510321
262932.906308	0.521838
263102.540441	0.534894
263272.174574	0.542491
263441.808707	0.541382
263611.442840	0.533725
263781.076973	0.527304
263950.711106	0.533403
264120.345239	0.561265
264289.979372	0.611908
264459.613506	0.677204
264629.247639	0.744436
264798.881772	0.801133
264968.515905	0.837802
265138.150038	0.849228
265307.784171	0.835263
265477.418304	0.801491
265647.052437	0.759597
265816.686570	0.726409
265986.320703	0.719336
266155.954837	0.747694
266325.588970	0.806751
266495.223103	0.881535
266664.857236	0.955234
266834.491369	1.014542
267004.125502	1.051338
267173.759635	1.062693
267343.393768	1.050250
267513.027901	1.019210
267682.662035	0.976805
267852.296168	0.930230
268021.930301	0.884309
268191.564434	0.839726
268361.198567	0.792796
268530.832700	0.737047
268700.466833	0.665739
268870.100966	0.574171
269039.735099	0.461202
269209.369232	0.330424
269379.003366	0.194245
269548.637499	0.112008
269718.271632	0.195293
269887.905765	0.327172
270057.539898	0.448622
270227.174031	0.545069
270396.808164	0.609676
270566.442297	0.639690
270736.076430	0.635963
270905.710563	0.602708
271075.344697	0.547086
271244.978830	0.478509
271414.612963	0.407518
271584.247096	0.343912
271753.881229	0.293867
271923.515362	0.257284
272093.149495	0.229000
272262.783628	0.205360
272432.417761	0.192094
272602.051894	0.205080
272771.686028	0.253315
272941.320161	0.326926
273110.954294	0.409421
273280.588427	0.486295
273450.222560	0.545942
273619.856693	0.579626
273789.490826	0.581877
273959.124959	0.551186
274128.759092	0.491076
274298.393225	0.412296
274468.027359	0.337914
274637.661492	0.307937
274807.295625	0.350950
274976.929758	0.443088
275146.563891	0.545187
275316.198024	0.631670
275485.832157	0.687519
275655.466290	0.704092
275825.100423	0.677527
275994.734557	0.608121
276164.368690	0.499977
276334.002823	0.360898
276503.636956	0.204565
276673.271089	0.091360
276842.905222	0.199784
277012.539355	0.362543
277182.173488	0.514527
277351.807621	0.643311
277521.441754	0.742685
277691.075888	0.809587
277860.710021	0.843443
278030.344154	0.845627
278199.978287	0.818853
278369.612420	0.766516
278539.246553	0.692142
278708.880686	0.599050
278878.514819	0.490347
279048.148952	0.369343
279217.783085	0.240811
279387.417219	0.118081
279557.051352	0.094771
279726.685485	0.204746
279896.319618	0.323270
280065.953751	0.426322
280235.587884	0.504353
280405.222017	0.550479
280574.856150	0.559892
280744.490283	0.530195
280914.124416	0.461747
281083.758550	0.357812
281253.392683	0.224485
281423.026816	0.070585
281592.660949	0.095379
281762.295082	0.259077
281931.929215	0.410471
282101.563348	0.538482
282271.197481	0.633848
282440.831614	0.689764
282610.465747	0.702491
282780.099881	0.671804
282949.734014	0.601331
283119.368147	0.499104
283289.002280	0.379527
283458.636413	0.271349
283628.270546	0.234038
283797.904679	0.299768
283967.538812	0.408420
284137.172945	0.512933
284306.807078	0.593697
284476.441212	0.641983
284646.075345	0.654561
284815.709478	0.632105
284985.343611	0.578430
285154.977744	0.499870
285324.611877	0.404695
285494.246010	0.302688
285663.880143	0.205555
285833.514276	0.130486
286003.148410	0.105147
286172.782543	0.126668
286342.416676	0.153415
286512.050809	0.165843
286681.684942	0.159954
286851.319075	0.137201
287020.953208	0.101521
287190.587341	0.058123
287360.221474	0.012993
287529.855607	0.029944
287699.489741	0.063865
287869.123874	0.086080
288038.758007	0.094193
288208.392140	0.087343
288378.026273	0.066388
288547.660406	0.036653
288717.294539	0.038012
288886.928672	0.089244
289056.562805	0.154640
289226.196938	0.227632
289395.831072	0.305980
289565.465205	0.388078
289735.099338	0.472265
289904.733471	0.556440
290074.367604	0.637832
290244.001737	0.712972
290413.635870	0.777849
290583.270003	0.828240
290752.904136	0.860137
290922.538269	0.870205
291092.172403	0.856204
291261.806536	0.817321
291431.440669	0.754386
291601.074802	0.669949
291770.708935	0.568233
291940.343068	0.455026
292109.977201	0.337707
292279.611334	0.226180
292449.245467	0.138349
292618.879600	0.113009
292788.513734	0.150944
292958.147867	0.196571
293127.782000	0.226571
293297.416133	0.235547
293467.050266	0.223998
293636.684399	0.196114
293806.318532	0.160442
293975.952665	0.132884
294145.586798	0.134743
294315.220931	0.168316
294484.855065	0.215312
294654.489198	0.261648
294824.123331	0.300805
294993.757464	0.330989
295163.391597	0.353768
295333.025730	0.373162
295502.659863	0.394243
295672.293996	0.421004
295841.928129	0.454347
296011.562263	0.491483
296181.196396	0.526942
296350.830529	0.554246
296520.464662	0.567306
296690.098795	0.561336
296859.732928	0.533364
297029.367061	0.482482
297199.001194	0.409903
297368.635327	0.318884
297538.269460	0.214647
297707.903594	0.105445
297877.537727	0.043143
298047.171860	0.131162
298216.805993	0.224486
298386.440126	0.301828
298556.074259	0.358391
298725.708392	0.392525
298895.342525	0.405372
299064.976658	0.400987
299234.610791	0.386244
299404.244925	0.370026
299573.879058	0.360893
299743.513191	0.363280
299913.147324	0.374978
300082.781457	0.388838
300252.415590	0.396950
300422.049723	0.393962
300591.683856	0.378868
300761.317989	0.356121
300930.952122	0.336202
301100.586256	0.333348
301270.220389	0.357018
301439.854522	0.403520
301609.488655	0.459475
301779.122788	0.510449
301948.756921	0.545228
302118.391054	0.556980
302288.025187	0.544017
302457.659320	0.511258
302627.293453	0.472742
302796.927587	0.453275
302966.561720	0.479860
303136.195853	0.559714
303305.829986	0.675467
303475.464119	0.802886
303645.098252	0.921540
303814.732385	1.016049
303984.366518	1.075426
304154.000651	1.092688
304323.634784	1.064740
304493.268918	0.992319
304662.903051	0.879879
304832.537184	0.735550
305002.171317	0.571643
305171.805450	0.407762
305341.439583	0.283783
305511.073716	0.271059
305680.707849	0.364702
305850.341982	0.485630
306019.976116	0.595147
306189.610249	0.680151
306359.244382	0.736753
306528.878515	0.765565
306698.512648	0.769992
306868.146781	0.755310
307037.780914	0.728094
307207.415047	0.695944
307377.049180	0.667431
307546.683313	0.651826
307716.317447	0.657728
307885.951580	0.690331
308055.585713	0.748928
308225.219846	0.826886
308394.853979	0.913787
308564.488112	0.997723
308734.122245	1.066811
308903.756378	1.110136
309073.390511	1.118460
309243.024644	1.084856
309412.658778	1.005231
309582.292911	0.878710
309751.927044	0.707829
309921.561177	0.498609
310091.195310	0.261454
310260.829443	0.063452
310430.463576	0.281947
310600.097709	0.541086
310769.731842	0.784788
310939.365975	1.000369
311109.000109	1.178713
311278.634242	1.313802
311448.268375	1.402920
311617.902508	1.446671
311787.536641	1.448665
311957.170774	1.414840
312126.804907	1.352454
312296.439040	1.268810
312466.073173	1.169932
312635.707306	1.059495
312805.341440	0.938378
312974.975573	0.805061
313144.609706	0.656778
313314.243839	0.491040
313483.877972	0.307096
313653.512105	0.107895
313823.146238	0.111682
313992.780371	0.328858
314162.414504	0.544179
314332.048637	0.746321
314501.682771	0.924988
314671.316904	1.070795
314840.951037	1.176042
315010.585170	1.235408
315180.219303	1.246464
315349.853436	1.209983
315519.487569	1.130076
315689.121702	1.014211
315858.755835	0.873331
316028.389969	0.722410
316198.024102	0.582023
316367.658235	0.480059
316537.292368	0.443915
316706.926501	0.473264
316876.560634	0.536027
317046.194767	0.600470
317215.828900	0.648612
317385.463033	0.672709
317555.097166	0.671099
317724.731300	0.645818
317894.365433	0.601178
318063.999566	0.542771
318233.633699	0.476738
318403.267832	0.409363
318572.901965	0.347162
318742.536098	0.297547
318912.170231	0.269181
319081.804364	0.269144
319251.438497	0.297036
319421.072631	0.344733
319590.706764	0.402209
319760.340897	0.460821
319929.975030	0.513522
320099.609163	0.554577
320269.243296	0.579613
320438.877429	0.585927
320608.511562	0.572909
320778.145695	0.542490
320947.779828	0.499597
321117.413962	0.452499
321287.048095	0.412463
321456.682228	0.391002
321626.316361	0.393589
321795.950494	0.415009
321965.584627	0.442906
322135.218760	0.464745
322304.852893	0.471431
322474.487026	0.457987
322644.121159	0.423407
322813.755293	0.370703
322983.389426	0.307741
323153.023559	0.249777
323322.657692	0.221597
323492.291825	0.241413
323661.925958	0.295223
323831.560091	0.357326
324001.194224	0.411013
324170.828357	0.447533
324340.462490	0.462966
324510.096624	0.456823
324679.730757	0.431436
324849.364890	0.391601
325018.999023	0.344313
325188.633156	0.298399
325358.267289	0.263399
325527.901422	0.246332
325697.535555	0.247265
325867.169688	0.259637
326036.803822	0.276054
326206.437955	0.292435
326376.072088	0.308305
326545.706221	0.325265
326715.340354	0.345042
326884.974487	0.367957
327054.608620	0.392456
327224.242753	0.415739
327393.876886	0.434878
327563.511019	0.447811
327733.145153	0.453957
327902.779286	0.454424
328072.413419	0.451839
328242.047552	0.449848
328411.681685	0.452351
328581.315818	0.462724
328750.949951	0.483362
328920.584084	0.515721
329090.218217	0.560594
329259.852350	0.618169
329429.486484	0.687680
329599.120617	0.766918
329768.754750	0.851984
329938.388883	0.937473
330108.023016	1.017047
330277.657149	1.084246
330447.291282	1.133406
330616.925415	1.160555
330786.559548	1.164229
330956.193681	1.146113
331125.827815	1.111387
331295.461948	1.068536
331465.096081	1.028202
331634.730214	1.000661
331804.364347	0.992213
331973.998480	1.002356
332143.632613	1.024005
332313.266746	1.046736
332482.900879	1.060752
332652.535012	1.059739
332822.169146	1.042322
332991.803279	1.012436
333161.437412	0.978708
333331.071545	0.952419
333500.705678	0.943654
333670.339811	0.956651
333839.973944	0.987366
334009.608077	1.025293
334179.242210	1.057787
334348.876343	1.073828
334518.510477	1.066011
334688.144610	1.031134
334857.778743	0.969957
335027.412876	0.886484
335197.047009	0.786899
335366.681142	0.678268
335536.315275	0.567141
335705.949408	0.458380
335875.583541	0.354880
336045.217675	0.259486
336214.851808	0.182807
336384.485941	0.160375
336554.120074	0.216983
336723.754207	0.313831
336893.388340	0.418768
337063.022473	0.515162
337232.656606	0.591204
337402.290739	0.637725
337571.924872	0.648911
337741.559006	0.624099
337911.193139	0.570810
338080.827272	0.510094
338250.461405	0.481694
338420.095538	0.527552
338589.729671	0.648449
338759.363804	0.808864
338928.997937	0.972744
339098.632070	1.113261
339268.266203	1.211015
339437.900337	1.252610
339607.534470	1.230340
339777.168603	1.142249
339946.802736	0.992119
340116.436869	0.789253
340286.071002	0.548342
340455.705135	0.292273
340625.339268	0.119097
340794.973401	0.289113
340964.607534	0.502200
341134.241668	0.673909
341303.875801	0.787194
341473.509934	0.834447
341643.144067	0.814882
341812.778200	0.734789
341982.412333	0.609000
342152.046466	0.466288
342321.680599	0.365490
342491.314732	0.386982
342660.948865	0.513572
342830.582999	0.665355
343000.217132	0.796668
343169.851265	0.886614
343339.485398	0.926601
343509.119531	0.916700
343678.753664	0.864783
343848.387797	0.786430
344018.021930	0.704539
344187.656063	0.645843
344357.290196	0.629328
344526.924330	0.651513
344696.558463	0.688683
344866.192596	0.713778
345035.826729	0.707066
345205.460862	0.657913
345375.094995	0.563641
345544.729128	0.428220
345714.363261	0.261849
345883.997394	0.093745
346053.631528	0.157062
346223.265661	0.339519
346392.899794	0.508489
346562.533927	0.646925
346732.168060	0.745864
346901.802193	0.801092
347071.436326	0.813090
347241.070459	0.787012
347410.704592	0.732390
347580.338725	0.662438
347749.972859	0.592507
347919.606992	0.536742
348089.241125	0.502540
348258.875258	0.486366
348428.509391	0.476548
348598.143524	0.461168
348767.777657	0.434287
348937.411790	0.398995
349107.045923	0.369030
349276.680056	0.366391
349446.314190	0.406717
349615.948323	0.484226
349785.582456	0.580293
349955.216589	0.677492
350124.850722	0.763443
350294.484855	0.830231
350464.118988	0.873440
350633.753121	0.891380
350803.387254	0.884380
350973.021387	0.854099
351142.655521	0.802905
351312.289654	0.733427
351481.923787	0.648384
351651.557920	0.550768
351821.192053	0.444470
351990.826186	0.335720
352160.460319	0.237103
352330.094452	0.178306
352499.728585	0.195690
352669.362718	0.263743
352838.996852	0.340122
353008.630985	0.407008
353178.265118	0.459002
353347.899251	0.496958
353517.533384	0.526138
353687.167517	0.554464
353856.801650	0.589473
354026.435783	0.634642
354196.069916	0.687419
354365.704049	0.740342
354535.338183	0.784009
354704.972316	0.810010
354874.606449	0.813064
355044.240582	0.792530
355213.874715	0.753468
355383.508848	0.707110
355553.142981	0.669536
355722.777114	0.656198
355892.411247	0.672540
356062.045381	0.708937
356231.679514	0.746223
356401.313647	0.764756
356570.947780	0.749872
356740.581913	0.694230
356910.216046	0.600040
357079.850179	0.484990
357249.484312	0.398875
357419.118445	0.425459
357588.752578	0.575404
357758.386712	0.779388
357928.020845	0.985880
358097.654978	1.164817
358267.289111	1.296348
358436.923244	1.367253
358606.557377	1.370279
358776.191510	1.304152
358945.825643	1.173565
359115.459776	0.989043
359285.093909	0.767069
359454.728043	0.532402
359624.362176	0.332720
359793.996309	0.280851
359963.630442	0.399256
360133.264575	0.546155
360302.898708	0.659014
360472.532841	0.719434
360642.166974	0.723081
360811.801107	0.673457
360981.435240	0.580184
361151.069374	0.458603
361320.703507	0.331612
361490.337640	0.237665
361659.971773	0.226769
361829.605906	0.281898
361999.240039	0.341605
362168.874172	0.375488
362338.508305	0.374756
362508.142438	0.341589
362677.776571	0.286939
362847.410705	0.232370
363017.044838	0.209847
363186.678971	0.233963
363356.313104	0.278137
363525.947237	0.310742
363695.581370	0.313737
363865.215503	0.280635
364034.849636	0.218828
364204.483769	0.172515
364374.117902	0.234128
364543.752036	0.385856
364713.386169	0.567427
364883.020302	0.749054
365052.654435	0.911117
365222.288568	1.038131
365391.922701	1.118326
365561.556834	1.144271
365731.190967	1.113593
365900.825100	1.029651
366070.459234	0.902425
366240.093367	0.750527
366409.727500	0.606247
366579.361633	0.521601
366748.995766	0.543611
366918.629899	0.653572
367088.264032	0.795000
367257.898165	0.928413
367427.532298	1.033867
367597.166431	1.102920
367766.800565	1.134296
367936.434698	1.131662
368106.068831	1.102054
368275.702964	1.054417
368445.337097	0.998181
368614.971230	0.941969
368784.605363	0.892643
368954.239496	0.854880
369123.873629	0.831180
369293.507762	0.821982
369463.141896	0.825514
369632.776029	0.837467
369802.410162	0.850962
369972.044295	0.857198
370141.678428	0.846680
370311.312561	0.810685
370480.946694	0.742643
370650.580827	0.639289
370820.214960	0.501699
370989.849093	0.337230
371159.483227	0.172572
371329.117360	0.161456
371498.751493	0.332110
371668.385626	0.516351
371838.019759	0.676425
372007.653892	0.795758
372177.288025	0.863586
372346.922158	0.874443
372516.556291	0.829443
372686.190424	0.738875
372855.824558	0.627929
373025.458691	0.547159
373195.092824	0.564455
373364.726957	0.694401
373534.361090	0.884190
373703.995223	1.081568
373873.629356	1.252945
374043.263489	1.377012
374212.897622	1.440683
374382.531755	1.437671
374552.165889	1.367986
374721.800022	1.237599
374891.434155	1.058135
375061.068288	0.846924
375230.702421	0.628770
375400.336554	0.443647
375569.970687	0.358839
375739.604820	0.405844
375909.238953	0.505909
376078.873087	0.589818
376248.507220	0.629616
376418.141353	0.616063
376587.775486	0.548991
376757.409619	0.433935
376927.043752	0.280428
377096.677885	0.101038
377266.312018	0.094563
377435.946151	0.286566
377605.580284	0.466387
377775.214418	0.622958
377944.848551	0.748415
378114.482684	0.838087
378284.116817	0.890618
378453.750950	0.907838
378623.385083	0.894370
378793.019216	0.856997
378962.653349	0.803845
379132.287482	0.743403
379301.921615	0.683478
379471.555749	0.630260
379641.189882	0.587844
379810.824015	0.558564
379980.458148	0.544098
380150.092281	0.546571
380319.726414	0.568574
380489.360547	0.611777
380658.994680	0.675277
380828.628813	0.755079
380998.262946	0.844876
381167.897080	0.937234
381337.531213	1.024563
381507.165346	1.099771
381676.799479	1.156707
381846.433612	1.190499
382016.067745	1.197835
382185.701878	1.177197
382355.336011	1.129041
382524.970144	1.055928
382694.604277	0.962604
382864.238411	0.856047
383033.872544	0.745474
383203.506677	0.642170
383373.140810	0.558476
383542.774943	0.504491
383712.409076	0.482337
383882.043209	0.483407
384051.677342	0.493599
384221.311475	0.500823
384390.945609	0.498376
384560.579742	0.484992
384730.213875	0.463892
384899.848008	0.441541
385069.482141	0.425736
385239.116274	0.422592
385408.750407	0.433493
385578.384540	0.454608
385748.018673	0.479471
385917.652806	0.502080
386087.286940	0.518625
386256.921073	0.527955
386426.555206	0.531385
386596.189339	0.532203
386765.823472	0.534941
386935.457605	0.544382
387105.091738	0.564439
387274.725871	0.597210
387444.360004	0.642614
387613.994137	0.698631
387783.628271	0.761792
387953.262404	0.827630
388122.896537	0.891000
388292.530670	0.946396
388462.164803	0.988321
388631.798936	1.011769
388801.433069	1.012732
388971.067202	0.988705
389140.701335	0.939083
389310.335468	0.865420
389479.969602	0.771503
389649.603735	0.663238
389819.237868	0.548386
389988.872001	0.436187
390158.506134	0.336852
390328.140267	0.260375
390497.774400	0.212864
390667.408533	0.190638
390837.042666	0.182328
391006.676799	0.181617
391176.310933	0.194067
391345.945066	0.229696
391515.579199	0.289613
391685.213332	0.364942
391854.847465	0.443929
392024.481598	0.515751
392194.115731	0.571630
392363.749864	0.605448
392533.383997	0.614411
392703.018130	0.599839
392872.652264	0.568149
393042.286397	0.531886
393211.920530	0.509426
393381.554663	0.519423
393551.188796	0.569425
393720.822929	0.651312
393890.457062	0.749730
394060.091195	0.850791
394229.725328	0.944782
394399.359462	1.025797
394568.993595	1.090655
394738.627728	1.137748
394908.261861	1.165982
395077.895994	1.174006
395247.530127	1.159883
395417.164260	1.121336
395586.798393	1.056559
395756.432526	0.965516
395926.066659	0.851785
396095.700793	0.725371
396265.334926	0.607482
396434.969059	0.535307
396604.603192	0.547492
396774.237325	0.640939
396943.871458	0.774401
397113.505591	0.909194
397283.139724	1.019941
397452.773857	1.090852
397622.407990	1.112854
397792.042124	1.082417
397961.676257	1.001015
398131.310390	0.874640
398300.944523	0.713149
398470.578656	0.529395
398640.212789	0.338309
398809.846922	0.157319
398979.481055	0.054716
399149.115188	0.158750
399318.749321	0.248878
399488.383455	0.298985
399658.017588	0.311704
399827.651721	0.300275
399997.285854	0.290135
400166.919987	0.311284
400336.554120	0.371789
400506.188253	0.451379
400675.822386	0.523727
400845.456519	0.567780
401015.090652	0.568728
401184.724786	0.517830
401354.358919	0.413220
401523.993052	0.264990
401693.627185	0.149300
401863.261318	0.290283
402032.895451	0.544695
402202.529584	0.817083
402372.163717	1.079200
402541.797850	1.310753
402711.431983	1.494892
402881.066117	1.618521
403050.700250	1.673120
403220.334383	1.655431
403389.968516	1.567862
403559.602649	1.418658
403729.236782	1.222050
403898.870915	0.998976
404068.505048	0.779784
404238.139181	0.610168
404407.773315	0.545788
404577.407448	0.594782
404747.041581	0.695204
404916.675714	0.788789
405086.309847	0.846329
405255.943980	0.857046
405425.578113	0.820926
405595.212246	0.745531
405764.846379	0.644876
405934.480512	0.539459
406104.114646	0.455866
406273.748779	0.418705
406443.382912	0.429299
406613.017045	0.460939
406782.651178	0.483276
406952.285311	0.476854
407121.919444	0.433266
407291.553577	0.354509
407461.187710	0.260540
407630.821843	0.223222
407800.455977	0.326145
407970.090110	0.511657
408139.724243	0.722503
408309.358376	0.933179
408478.992509	1.127467
408648.626642	1.292763
408818.260775	1.419118
408987.894908	1.499271
409157.529041	1.528868
409327.163174	1.506639
409496.797308	1.434441
409666.431441	1.317147
409836.065574	1.162368
410005.699707	0.980014
410175.333840	0.781761
410344.967973	0.580532
410514.602106	0.390443
410684.236239	0.229288
410853.870372	0.133566
411023.504505	0.147075
411193.138639	0.196801
411362.772772	0.228522
411532.406905	0.238794
411702.041038	0.243521
411871.675171	0.268948
412041.309304	0.332154
412210.943437	0.427067
412380.577570	0.537141
412550.211703	0.647203
412719.845836	0.745797
412889.479970	0.825032
413059.114103	0.880363
413228.748236	0.910363
413398.382369	0.916345
413568.016502	0.901714
413737.650635	0.871069
413907.284768	0.829184
414076.918901	0.780099
414246.553034	0.726683
414416.187168	0.670896
414585.821301	0.614805
414755.455434	0.561932
414925.089567	0.518124
415094.723700	0.490597
415264.357833	0.484103
415433.991966	0.496327
415603.626099	0.517519
415773.260232	0.534972
415942.894365	0.538079
416112.528499	0.522012
416282.162632	0.491455
416451.796765	0.465764
416621.430898	0.479885
416791.065031	0.562895
416960.699164	0.710368
417130.333297	0.896151
417299.967430	1.093305
417469.601563	1.279285
417639.235696	1.435549
417808.869830	1.547288
417978.503963	1.603717
418148.138096	1.598533
418317.772229	1.530271
418487.406362	1.402414
418657.040495	1.223249
418826.674628	1.005557
418996.308761	0.766645
419165.942894	0.530503
419335.577027	0.339921
419505.211161	0.282511
419674.845294	0.370944
419844.479427	0.489234
420014.113560	0.581224
420183.747693	0.632889
420353.381826	0.645121
420523.015959	0.627312
420692.650092	0.595364
420862.284225	0.569078
421031.918358	0.565641
421201.552492	0.590333
421371.186625	0.633944
421540.820758	0.680513
421710.454891	0.715759
421880.089024	0.730514
422049.723157	0.720910
422219.357290	0.687506
422388.991423	0.634217
422558.625556	0.567319
422728.259689	0.494894
422897.893823	0.427231
423067.527956	0.378382
423237.162089	0.365936
423406.796222	0.401910
423576.430355	0.482186
423746.064488	0.592383
423915.698621	0.717600
424085.332754	0.844549
424254.966887	0.960900
424424.601021	1.055104
424594.235154	1.116911
424763.869287	1.138222
424933.503420	1.113963
425103.137553	1.042838
425272.771686	0.927897
425442.405819	0.777095
425612.039952	0.604568
425781.674085	0.435445
425951.308218	0.321450
426120.942352	0.333244
426290.576485	0.441824
426460.210618	0.568897
426629.844751	0.679020
426799.478884	0.762011
426969.113017	0.819650
427138.747150	0.861056
427308.381283	0.898959
427478.015416	0.944523
427647.649549	1.001950
427817.283683	1.066122
427986.917816	1.124736
428156.551949	1.162756
428326.186082	1.166411
428495.820215	1.125774
428665.454348	1.036154
428835.088481	0.898848
429004.722614	0.721905
429174.356747	0.522810
429343.990880	0.342218
429513.625014	0.287312
429683.259147	0.410203
429852.893280	0.584630
430022.527413	0.740925
430192.161546	0.854145
430361.795679	0.913325
430531.429812	0.914999
430701.063945	0.861666
430870.698078	0.761139
431040.332211	0.626199
431209.966345	0.475060
431379.600478	0.335064
431549.234611	0.252378
431718.868744	0.265902
431888.502877	0.330317
432058.137010	0.387315
432227.771143	0.412658
432397.405276	0.399654
432567.039409	0.350370
432736.673542	0.273305
432906.307676	0.185346
433075.941809	0.127189
433245.575942	0.157470
433415.210075	0.232216
433584.844208	0.299538
433754.478341	0.342182
433924.112474	0.355331
434093.746607	0.342244
434263.380740	0.315628
434433.014874	0.299940
434602.649007	0.323036
434772.283140	0.390272
434941.917273	0.481964
435111.551406	0.575388
435281.185539	0.653680
435450.819672	0.705567
435620.453805	0.724418
435790.087938	0.707752
435959.722071	0.656905
436129.356205	0.576640
436298.990338	0.474677
436468.624471	0.361397
436638.258604	0.250564
436807.892737	0.164222
436977.526870	0.138507
437147.161003	0.170990
437316.795136	0.212313
437486.429269	0.238636
437656.063402	0.244952
437825.697536	0.233921
437995.331669	0.212978
438164.965802	0.193213
438334.599935	0.186123
438504.234068	0.195898
438673.868201	0.215919
438843.502334	0.235875
439013.136467	0.248220
439182.770600	0.249423
439352.404733	0.239441
439522.038867	0.221207
439691.673000	0.200487
439861.307133	0.185874
440030.941266	0.187250
440200.575399	0.210711
440370.209532	0.255347
440539.843665	0.316943
440709.477798	0.391573
440879.111931	0.475703
441048.746064	0.565300
441218.380198	0.655372
441388.014331	0.740097
441557.648464	0.813323
441727.282597	0.869256
441896.916730	0.903159
442066.550863	0.911970
442236.184996	0.894759
442405.819129	0.852988
442575.453262	0.790542
442745.087395	0.713555
442914.721529	0.630021
443084.355662	0.549148
443253.989795	0.480232
443423.623928	0.430684
443593.258061	0.403489
443762.892194	0.396209
443932.526327	0.403407
444102.160460	0.420292
444271.794593	0.444114
444441.428727	0.473094
444611.062860	0.504690
444780.696993	0.534745
444950.331126	0.557819
445119.965259	0.568253
445289.599392	0.561329
445459.233525	0.534193
445628.867658	0.486438
445798.501791	0.420372
445968.135924	0.341075
446137.770058	0.256581
446307.404191	0.179236
446477.038324	0.130106
446646.672457	0.130988
446816.306590	0.165437
446985.940723	0.208014
447155.574856	0.254569
447325.208989	0.311957
447494.843122	0.387237
447664.477255	0.481237
447834.111389	0.587910
448003.745522	0.696972
448173.379655	0.796576
448343.013788	0.875217
448512.647921	0.923127
448682.282054	0.933426
448851.916187	0.903119
449021.550320	0.834042
449191.184453	0.734020
449360.818586	0.618858
449530.452720	0.515784
449700.086853	0.463157
449869.720986	0.485355
450039.355119	0.560712
450208.989252	0.646983
450378.623385	0.712814
450548.257518	0.740201
450717.891651	0.720494
450887.525784	0.652107
451057.159917	0.539618
451226.794051	0.394211
451396.428184	0.240200
451566.062317	0.163001
451735.696450	0.264960
451905.330583	0.417105
452074.964716	0.552472
452244.598849	0.650857
452414.232982	0.702609
452583.867115	0.703800
452753.501248	0.655336
452923.135382	0.562448
453092.769515	0.434034
453262.403648	0.281754
453432.037781	0.118932
453601.671914	0.040857
453771.306047	0.184238
453940.940180	0.300402
454110.574313	0.380939
454280.208446	0.420875
454449.842580	0.418869
454619.476713	0.377125
454789.110846	0.300992
454958.744979	0.198517
455128.379112	0.082664
455298.013245	0.072265
455467.647378	0.196721
455637.281511	0.322159
455806.915644	0.438366
455976.549777	0.542193
456146.183911	0.632541
456315.818044	0.709027
456485.452177	0.770808
456655.086310	0.815740
456824.720443	0.840161
456994.354576	0.839406
457163.988709	0.808889
457333.622842	0.745517
457503.256975	0.649363
457672.891108	0.526164
457842.525242	0.393557
458012.159375	0.300609
458181.793508	0.330345
458351.427641	0.468440
458521.061774	0.638084
458690.695907	0.798183
458860.330040	0.927852
459029.964173	1.014677
459199.598306	1.052158
459369.232439	1.039652
459538.866573	0.983077
459708.500706	0.896116
459878.134839	0.801835
460047.768972	0.732569
460217.403105	0.720016
460387.037238	0.772461
460556.671371	0.867285
460726.305504	0.971566
460895.939637	1.059007
461065.573770	1.113187
461235.207904	1.126209
461404.842037	1.097230
461574.476170	1.031408
461744.110303	0.939056
461913.744436	0.834743
462083.378569	0.735779
462253.012702	0.658809
462422.646835	0.613366
462592.280968	0.595715
462761.915101	0.590715
462931.549235	0.580789
463101.183368	0.552896
463270.817501	0.500498
463440.451634	0.423333
463610.085767	0.328256
463779.719900	0.237114
463949.354033	0.210879
464118.988166	0.297490
464288.622299	0.445053
464458.256433	0.612546
464627.890566	0.783088
464797.524699	0.946582
464967.158832	1.094543
465136.792965	1.218841
465306.427098	1.311644
465476.061231	1.365924
465645.695364	1.376262
465815.329497	1.339831
465984.963630	1.257490
466154.597764	1.135026
466324.231897	0.984873
466493.866030	0.828926
466663.500163	0.702133
466833.134296	0.647623
467002.768429	0.683741
467172.402562	0.778677
467342.036695	0.883602
467511.670828	0.962554
467681.304961	0.994427
467850.939095	0.969114
468020.573228	0.885507
468190.207361	0.751636
468359.841494	0.588340
468529.475627	0.443549
468699.109760	0.412116
468868.743893	0.535100
469038.378026	0.726450
469208.012159	0.916748
469377.646292	1.072419
469547.280426	1.175509
469716.914559	1.216681
469886.548692	1.193249
470056.182825	1.108394
470225.816958	0.970518
470395.451091	0.792551
470565.085224	0.591540
470734.719357	0.390242
470904.353490	0.230328
471073.987623	0.204918
471243.621757	0.297006
471413.255890	0.390540
471582.890023	0.447770
471752.524156	0.460565
471922.158289	0.430519
472091.792422	0.365112
472261.426555	0.277238
472431.060688	0.188880
472600.694821	0.145121
472770.328954	0.181279
472939.963088	0.247031
473109.597221	0.301152
473279.231354	0.329513
473448.865487	0.328741
473618.499620	0.302094
473788.133753	0.259574
473957.767886	0.220259
474127.402019	0.210848
474297.036152	0.242309
474466.670286	0.295237
474636.304419	0.346065
474805.938552	0.380084
474975.572685	0.389704
475145.206818	0.372471
475314.840951	0.330409
475484.475084	0.270442
475654.109217	0.207244
475823.743350	0.170562
475993.377483	0.192112
476163.011617	0.255378
476332.645750	0.327403
476502.279883	0.391090
476671.914016	0.439113
476841.548149	0.469070
477011.182282	0.481653
477180.816415	0.479563
477350.450548	0.466469
477520.084681	0.445933
477689.718814	0.420541
477859.352948	0.391668
478028.987081	0.360207
478198.621214	0.328340
478368.255347	0.301978
478537.889480	0.292196
478707.523613	0.311054
478877.157746	0.361636
479046.791879	0.435814
479216.426012	0.521736
479386.060145	0.608914
479555.694279	0.689187
479725.328412	0.756534
479894.962545	0.806825
480064.596678	0.837587
480234.230811	0.847703
480403.864944	0.837046
480573.499077	0.806120
480743.133210	0.755819
480912.767343	0.687451
481082.401476	0.603173
481252.035610	0.507080
481421.669743	0.407612
481591.303876	0.322816
481760.938009	0.285685
481930.572142	0.319965
482100.206275	0.401940
482269.840408	0.494427
482439.474541	0.573283
482609.108674	0.623653
482778.742807	0.635896
482948.376941	0.604401
483118.011074	0.527606
483287.645207	0.408665
483457.279340	0.258616
483626.913473	0.129374
483796.547606	0.216817
483966.181739	0.411701
484135.815872	0.609482
484305.450005	0.785161
484475.084139	0.923204
484644.718272	1.012008
484814.352405	1.043825
484983.986538	1.015180
485153.620671	0.927134
485323.254804	0.785226
485492.888937	0.599075
485662.523070	0.381662
485832.157203	0.148639
486001.791336	0.087897
486171.425470	0.303849
486341.059603	0.490171
486510.693736	0.634002
486680.327869	0.727052
486849.962002	0.765384
487019.596135	0.749694
487189.230268	0.685329
487358.864401	0.582186
487528.498534	0.455004
487698.132667	0.325892
487867.766801	0.233862
488037.400934	0.230066
488207.035067	0.293135
488376.669200	0.360943
488546.303333	0.403859
488715.937466	0.411915
488885.571599	0.383838
489055.205732	0.323548
489224.839865	0.238555
489394.473998	0.138748
489564.108132	0.035311
489733.742265	0.061373
489903.376398	0.140436
490073.010531	0.194573
490242.644664	0.218900
490412.278797	0.212258
490581.912930	0.178303
490751.547063	0.129845
490921.181196	0.107119
491090.815329	0.157001
491260.449463	0.243682
491430.083596	0.333466
491599.717729	0.411794
491769.351862	0.470691
491938.985995	0.506113
492108.620128	0.517514
492278.254261	0.507613
492447.888394	0.481831
492617.522527	0.447166
492787.156661	0.410366
492956.790794	0.375669
493126.424927	0.343338
493296.059060	0.310722
493465.693193	0.276473
493635.327326	0.247359
493804.961459	0.244358
493974.595592	0.290371
494144.229725	0.382441
494313.863858	0.500225
494483.497992	0.624328
494653.132125	0.738892
494822.766258	0.830643
494992.400391	0.888760
495162.034524	0.905297
495331.668657	0.875720
495501.302790	0.799307
495670.936923	0.679377
495840.571056	0.523481
496010.205189	0.344713
496179.839323	0.174950
496349.473456	0.164472
496519.107589	0.323124
496688.741722	0.488961
496858.375855	0.628196
497028.009988	0.729358
497197.644121	0.787158
497367.278254	0.800679
497536.912387	0.772841
497706.546520	0.709865
497876.180654	0.620521
498045.814787	0.515247
498215.448920	0.405355
498385.083053	0.303001
498554.717186	0.223584
498724.351319	0.189945
498893.985452	0.216677
499063.619585	0.287066
499233.253718	0.381905
499402.887851	0.491895
499572.521985	0.610249
499742.156118	0.729017
499911.790251	0.838839
500081.424384	0.929882
500251.058517	0.993032
500420.692650	1.020969
500590.326783	1.009015
500759.960916	0.955670
500929.595049	0.862824
501099.229182	0.735635
501268.863316	0.582105
501438.497449	0.412401
501608.131582	0.238072
501777.765715	0.072492
501947.399848	0.084453
502117.033981	0.206353
502286.668114	0.296203
502456.302247	0.349128
502625.936380	0.364569
502795.570514	0.345339
502965.204647	0.297263
503134.838780	0.228747
503304.472913	0.150716
503474.107046	0.080340
503643.741179	0.064015
503813.375312	0.104568
503983.009445	0.142063
504152.643578	0.163752
504322.277711	0.174325
504491.911845	0.188916
504661.545978	0.225627
504831.180111	0.289965
505000.814244	0.373077
505170.448377	0.462079
505340.082510	0.545397
505509.716643	0.613973
505679.350776	0.661793
505848.984909	0.686488
506018.619042	0.689951
506188.253176	0.678762
506357.887309	0.663882
506527.521442	0.658479
506697.155575	0.672992
506866.789708	0.709501
507036.423841	0.760425
507206.057974	0.812594
507375.692107	0.852300
507545.326240	0.868308
507714.960373	0.853014
507884.594507	0.802695
508054.228640	0.717383
508223.862773	0.600535
508393.496906	0.458551
508563.131039	0.300256
508732.765172	0.137150
508902.399305	0.045758
509072.033438	0.179331
509241.667571	0.300216
509411.301704	0.389437
509580.935838	0.440273
509750.569971	0.448947
509920.204104	0.414361
510089.838237	0.337989
510259.472370	0.223647
510429.106503	0.077265
510598.740636	0.094907
510768.374769	0.282983
510938.008902	0.479209
511107.643035	0.674812
511277.277169	0.861606
511446.911302	1.032225
511616.545435	1.180339
511786.179568	1.300780
511955.813701	1.389580
512125.447834	1.443955
