# Freq(Hz)	Amp(mV)
0.000000	35.585345
128.073770	34.991372
256.147541	33.245076
384.221311	30.450767
512.295082	26.773951
640.368852	22.429516
768.442623	17.666531
896.516393	12.750944
1024.590164	7.947897
1152.663934	3.508985
1280.737705	0.574575
1408.811475	3.591306
1536.885246	5.918630
1664.959016	7.382518
1793.032787	7.997599
1921.106557	7.838345
2049.180328	7.027419
2177.254098	5.723739
2305.327869	4.110409
2433.401639	2.391288
2561.475410	0.911506
2689.549180	1.226533
2817.622951	2.329296
2945.696721	3.131485
3073.770492	3.525120
3201.844262	3.504391
3329.918033	3.111099
3457.991803	2.421941
3586.065574	1.540698
3714.139344	0.618864
3842.213115	0.564462
3970.286885	1.340056
4098.360656	1.970366
4226.434426	2.353121
4354.508197	2.456502
4482.581967	2.283483
4610.655738	1.866587
4738.729508	1.263425
4866.803279	0.558675
4994.877049	0.307713
5122.950820	0.972493
5251.024590	1.561881
5379.098361	1.980496
5507.172131	2.188092
5635.245902	2.170547
5763.319672	1.938473
5891.393443	1.525111
6019.467213	0.982888
6147.540984	0.385452
6275.614754	0.287177
6403.688525	0.807006
6531.762295	1.219157
6659.836066	1.463081
6787.909836	1.512028
6915.983607	1.361698
7044.057377	1.029403
7172.131148	0.552321
7300.204918	0.062987
7428.278689	0.631857
7556.352459	1.204579
7684.426230	1.685489
7812.500000	2.022707
7940.573770	2.180118
8068.647541	2.141016
8196.721311	1.910773
8324.795082	1.519520
8452.868852	1.032549
8580.942623	0.623128
8709.016393	0.717680
8837.090164	1.167590
8965.163934	1.598370
9093.237705	1.887270
9221.311475	1.979108
9349.385246	1.847243
9477.459016	1.489176
9605.532787	0.936187
9733.606557	0.433284
9861.680328	1.008909
9989.754098	2.026995
10117.827869	3.152810
10245.901639	4.321818
10373.975410	5.495352
10502.049180	6.645316
10630.122951	7.751338
10758.196721	8.799971
10886.270492	9.786616
11014.344262	10.722087
11142.418033	11.644952
11270.491803	12.637851
11398.565574	13.840109
11526.639344	15.442290
11654.713115	17.650894
11782.786885	20.633227
11910.860656	24.474781
12038.934426	29.170517
12167.008197	34.641262
12295.081967	40.756447
12423.155738	47.353973
12551.229508	54.256842
12679.303279	61.288446
12807.377049	68.287528
12935.450820	75.122477
13063.524590	81.703647
13191.598361	87.991760
13319.672131	94.000198
13447.745902	99.789237
13575.819672	105.451240
13703.893443	111.087679
13831.967213	116.781356
13960.040984	122.569393
14088.114754	128.423329
14216.188525	134.241180
14344.262295	139.853091
14472.336066	145.038726
14600.409836	149.552224
14728.483607	153.150009
14856.557377	155.617410
14984.631148	156.791243
15112.704918	156.576641
15240.778689	154.957183
15368.852459	151.997850
15496.926230	147.840627
15625.000000	142.692753
15753.073770	136.807913
15881.147541	130.461155
16009.221311	123.919295
16137.295082	117.410019
16265.368852	111.094622
16393.442623	105.050425
16521.516393	99.268087
16649.590164	93.665708
16777.663934	88.116585
16905.737705	82.483393
17033.811475	76.650419
17161.885246	70.547507
17289.959016	64.162914
17418.032787	57.545463
17546.106557	50.798301
17674.180328	44.067293
17802.254098	37.527047
17930.327869	31.367148
18058.401639	25.780383
18186.475410	20.952805
18314.549180	17.050364
18442.622951	14.187325
18570.696721	12.362305
18698.770492	11.398713
18826.844262	10.984318
18954.918033	10.803641
19082.991803	10.632427
19211.065574	10.345556
19339.139344	9.886024
19467.213115	9.235183
19595.286885	8.395188
19723.360656	7.382004
19851.434426	6.225111
19979.508197	4.971431
20107.581967	3.695338
20235.655738	2.531088
20363.729508	1.779603
20491.803279	1.854136
20619.877049	2.475817
20747.950820	3.135514
20876.024590	3.628422
21004.098361	3.888945
21132.172131	3.909498
21260.245902	3.720189
21388.319672	3.383217
21516.393443	2.990241
21644.467213	2.653914
21772.540984	2.474148
21900.614754	2.473966
22028.688525	2.577415
22156.762295	2.674147
22284.836066	2.683605
22412.909836	2.574238
22540.983607	2.364170
22669.057377	2.122298
22797.131148	1.963516
22925.204918	1.996916
23053.278689	2.225341
23181.352459	2.543127
23309.426230	2.830415
23437.500000	3.001210
23565.573770	3.006534
23693.647541	2.830298
23821.721311	2.488122
23949.795082	2.032298
24077.868852	1.572915
24205.942623	1.319246
24334.016393	1.463914
24462.090164	1.876165
24590.163934	2.322162
24718.237705	2.670471
24846.311475	2.858752
24974.385246	2.864007
25102.459016	2.693574
25230.532787	2.384264
25358.606557	2.007321
25486.680328	1.679161
25614.754098	1.547835
25742.827869	1.673527
25870.901639	1.944306
25998.975410	2.210994
26127.049180	2.377715
26255.122951	2.397118
26383.196721	2.256032
26511.270492	1.968822
26639.344262	1.577597
26767.418033	1.166255
26895.491803	0.906870
27023.565574	0.999981
27151.639344	1.334397
27279.713115	1.694212
27407.786885	1.976506
27535.860656	2.141429
27663.934426	2.181500
27792.008197	2.112869
27920.081967	1.971958
28048.155738	1.811264
28176.229508	1.688096
28304.303279	1.640434
28432.377049	1.662607
28560.450820	1.711112
28688.524590	1.735869
28816.598361	1.704267
28944.672131	1.609998
29072.745902	1.475537
29200.819672	1.351914
29328.893443	1.305135
29456.967213	1.372305
29585.040984	1.524475
29713.114754	1.693972
29841.188525	1.818615
29969.262295	1.858062
30097.336066	1.795676
30225.409836	1.639781
30353.483607	1.429282
30481.557377	1.245071
30609.631148	1.203162
30737.704918	1.362276
30865.778689	1.651960
30993.852459	1.965029
31121.926230	2.224824
31250.000000	2.385663
31378.073770	2.425025
31506.147541	2.339895
31634.221311	2.145597
31762.295082	1.876081
31890.368852	1.585859
32018.442623	1.351006
32146.516393	1.249896
32274.590164	1.301253
32402.663934	1.439692
32530.737705	1.584671
32658.811475	1.689291
32786.885246	1.742790
32914.959016	1.762613
33043.032787	1.784464
33171.106557	1.845658
33299.180328	1.963369
33427.254098	2.123219
33555.327869	2.288066
33683.401639	2.415404
33811.475410	2.470034
33939.549180	2.430220
34067.622951	2.290352
34195.696721	2.062600
34323.770492	1.779363
34451.844262	1.498025
34579.918033	1.303040
34707.991803	1.273048
34836.065574	1.401605
34964.139344	1.601053
35092.213115	1.786779
35220.286885	1.908845
35348.360656	1.946354
35476.434426	1.899933
35604.508197	1.787264
35732.581967	1.639595
35860.655738	1.496373
35988.729508	1.394163
36116.803279	1.349556
36244.877049	1.349091
36372.950820	1.360229
36501.024590	1.352577
36629.098361	1.311547
36757.172131	1.242587
36885.245902	1.169959
37013.319672	1.128599
37141.393443	1.144225
37269.467213	1.211890
37397.540984	1.297961
37525.614754	1.361276
37653.688525	1.369189
37781.762295	1.303522
37909.836066	1.162712
38037.909836	0.965445
38165.983607	0.762229
38294.057377	0.656439
38422.131148	0.744126
38550.204918	0.963798
38678.278689	1.201763
38806.352459	1.389442
38934.426230	1.489706
39062.500000	1.483933
39190.573770	1.368126
39318.647541	1.152310
39446.721311	0.862835
39574.795082	0.558402
39702.868852	0.412331
39830.942623	0.600430
39959.016393	0.900637
40087.090164	1.166602
40215.163934	1.347595
40343.237705	1.420059
40471.311475	1.375554
40599.385246	1.218737
40727.459016	0.967619
40855.532787	0.658982
40983.606557	0.391246
41111.680328	0.440153
41239.754098	0.743965
41367.827869	1.063568
41495.901639	1.328763
41623.975410	1.513921
41752.049180	1.611098
41880.122951	1.626275
42008.196721	1.578268
42136.270492	1.496622
42264.344262	1.415968
42392.418033	1.364448
42520.491803	1.349441
42648.565574	1.352903
42776.639344	1.342497
42904.713115	1.287488
43032.786885	1.168863
43160.860656	0.984460
43288.934426	0.756440
43417.008197	0.559356
43545.081967	0.558660
43673.155738	0.792532
43801.229508	1.108873
43929.303279	1.413583
44057.377049	1.661349
44185.450820	1.826457
44313.524590	1.895536
44441.598361	1.865891
44569.672131	1.744700
44697.745902	1.547956
44825.819672	1.299004
44953.893443	1.026974
45081.967213	0.765867
45210.040984	0.554996
45338.114754	0.434625
45466.188525	0.412211
45594.262295	0.440913
45722.336066	0.482116
45850.409836	0.537009
45978.483607	0.624591
46106.557377	0.752343
46234.631148	0.905993
46362.704918	1.059172
46490.778689	1.184393
46618.852459	1.258876
46746.926230	1.267660
46875.000000	1.206016
47003.073770	1.082375
47131.147541	0.923581
47259.221311	0.784467
47387.295082	0.746099
47515.368852	0.847978
47643.442623	1.033926
47771.516393	1.225827
47899.590164	1.370074
48027.663934	1.434408
48155.737705	1.401707
48283.811475	1.267652
48411.885246	1.040706
48539.959016	0.746143
48668.032787	0.454852
48796.106557	0.414299
48924.180328	0.709158
49052.254098	1.070942
49180.327869	1.398951
49308.401639	1.653829
49436.475410	1.813317
49564.549180	1.866171
49692.622951	1.811207
49820.696721	1.656929
49948.770492	1.421054
50076.844262	1.130430
50204.918033	0.823646
50332.991803	0.564479
50461.065574	0.464678
50589.139344	0.559219
50717.213115	0.710030
50845.286885	0.822717
50973.360656	0.863844
51101.434426	0.824577
51229.508197	0.708620
51357.581967	0.527973
51485.655738	0.300706
51613.729508	0.058758
51741.803279	0.219542
51869.877049	0.459660
51997.950820	0.665408
52126.024590	0.821197
52254.098361	0.917501
52382.172131	0.950622
52510.245902	0.922644
52638.319672	0.841089
52766.393443	0.718548
52894.467213	0.573116
53022.540984	0.431956
53150.614754	0.340970
53278.688525	0.351480
53406.762295	0.445852
53534.836066	0.569347
53662.909836	0.693810
53790.983607	0.810570
53919.057377	0.918735
54047.131148	1.019734
54175.204918	1.114524
54303.278689	1.202229
54431.352459	1.279922
54559.426230	1.343197
54687.500000	1.387072
54815.573770	1.406855
54943.647541	1.398762
55071.721311	1.360256
55199.795082	1.290173
55327.868852	1.188763
55455.942623	1.057757
55584.016393	0.900650
55712.090164	0.723527
55840.163934	0.537698
55968.237705	0.369727
56096.311475	0.292253
56224.385246	0.375314
56352.459016	0.540995
56480.532787	0.717521
56608.606557	0.876988
56736.680328	1.005611
56864.754098	1.094926
56992.827869	1.139785
57120.901639	1.137828
57248.975410	1.089243
57377.049180	0.996486
57505.122951	0.863926
57633.196721	0.697453
57761.270492	0.504233
57889.344262	0.293338
58017.418033	0.092164
58145.491803	0.187871
58273.565574	0.406395
58401.639344	0.617333
58529.713115	0.807095
58657.786885	0.965764
58785.860656	1.084303
58913.934426	1.154778
59042.008197	1.171015
59170.081967	1.129379
59298.155738	1.029536
59426.229508	0.875140
59554.303279	0.674615
59682.377049	0.443485
59810.450820	0.223074
59938.524590	0.217717
60066.598361	0.431255
60194.672131	0.651296
60322.745902	0.832297
60450.819672	0.955391
60578.893443	1.009141
60706.967213	0.987930
60835.040984	0.891949
60963.114754	0.727129
61091.188525	0.504727
61219.262295	0.240772
61347.336066	0.055622
61475.409836	0.340931
61603.483607	0.614211
61731.557377	0.851909
61859.631148	1.038596
61987.704918	1.163653
62115.778689	1.222071
62243.852459	1.214933
62371.926230	1.149459
62500.000000	1.038684
62628.073770	0.900848
62756.147541	0.758453
62884.221311	0.636122
63012.295082	0.554259
63140.368852	0.517232
63268.442623	0.508987
63396.516393	0.508029
63524.590164	0.504508
63652.663934	0.505554
63780.737705	0.530296
63908.811475	0.594632
64036.885246	0.696505
64164.959016	0.818538
64293.032787	0.939610
64421.106557	1.041760
64549.180328	1.112541
64677.254098	1.145864
64805.327869	1.142399
64933.401639	1.109548
65061.475410	1.060565
65189.549180	1.011925
65317.622951	0.978107
65445.696721	0.964860
65573.770492	0.965532
65701.844262	0.964116
65829.918033	0.942201
65957.991803	0.884673
66086.065574	0.782402
66214.139344	0.632822
66342.213115	0.439460
66470.286885	0.211259
66598.360656	0.051582
66726.434426	0.306822
66854.508197	0.563533
66982.581967	0.802402
67110.655738	1.012348
67238.729508	1.185970
67366.803279	1.319867
67494.877049	1.414508
67622.950820	1.473487
67751.024590	1.502195
67879.098361	1.506147
68007.172131	1.489378
68135.245902	1.453452
68263.319672	1.397472
68391.393443	1.319105
68519.467213	1.216273
68647.540984	1.089003
68775.614754	0.941173
68903.688525	0.782294
69031.762295	0.630132
69159.836066	0.514261
69287.909836	0.470725
69415.983607	0.507453
69544.057377	0.588379
69672.131148	0.673777
69800.204918	0.740906
69928.278689	0.780231
70056.352459	0.790324
70184.426230	0.774729
70312.500000	0.739520
70440.573770	0.690869
70568.647541	0.632749
70696.721311	0.565501
70824.795082	0.486146
70952.868852	0.390803
71080.942623	0.279871
71209.016393	0.176011
71337.090164	0.184969
71465.163934	0.331774
71593.237705	0.519378
71721.311475	0.711005
71849.385246	0.887407
71977.459016	1.033067
72105.532787	1.135010
72233.606557	1.183440
72361.680328	1.172546
72489.754098	1.101067
72617.827869	0.972480
72745.901639	0.794787
72873.975410	0.579923
73002.049180	0.342994
73130.122951	0.104289
73258.196721	0.142507
73386.270492	0.346966
73514.344262	0.514897
73642.418033	0.634588
73770.491803	0.700478
73898.565574	0.712081
74026.639344	0.674215
74154.713115	0.597540
74282.786885	0.500240
74410.860656	0.412222
74538.934426	0.376383
74667.008197	0.418050
74795.081967	0.511828
74923.155738	0.619713
75051.229508	0.719207
75179.303279	0.800581
75307.377049	0.861830
75435.450820	0.905854
75563.524590	0.938441
75691.598361	0.966233
75819.672131	0.994608
75947.745902	1.025936
76075.819672	1.058823
76203.893443	1.088532
76331.967213	1.108167
76460.040984	1.109977
76588.114754	1.086415
76716.188525	1.030884
76844.262295	0.938304
76972.336066	0.805606
77100.409836	0.632230
77228.483607	0.420816
77356.557377	0.180468
77484.631148	0.120195
77612.704918	0.394548
77740.778689	0.680032
77868.852459	0.952410
77996.926230	1.195043
78125.000000	1.392571
78253.073770	1.531693
78381.147541	1.602300
78509.221311	1.598495
78637.295082	1.519339
78765.368852	1.369235
78893.442623	1.157892
79021.516393	0.899925
79149.590164	0.614382
79277.663934	0.326388
79405.737705	0.116117
79533.811475	0.259440
79661.885246	0.449936
79789.959016	0.584253
79918.032787	0.647812
80046.106557	0.637085
80174.180328	0.556389
80302.254098	0.419025
80430.327869	0.257987
80558.401639	0.199404
80686.475410	0.355134
80814.549180	0.564333
80942.622951	0.756892
81070.696721	0.906869
81198.770492	0.999237
81326.844262	1.025964
81454.918033	0.985526
81582.991803	0.882635
81711.065574	0.727712
81839.139344	0.536244
81967.213115	0.329488
82095.286885	0.151856
82223.360656	0.173433
82351.434426	0.318899
82479.508197	0.442707
82607.581967	0.522624
82735.655738	0.555541
82863.729508	0.546857
82991.803279	0.509019
83119.877049	0.460262
83247.950820	0.420754
83376.024590	0.403310
83504.098361	0.404188
83632.172131	0.407967
83760.245902	0.403011
83888.319672	0.394236
84016.393443	0.409588
84144.467213	0.485497
84272.540984	0.629819
84400.614754	0.819737
84528.688525	1.025507
84656.762295	1.219925
84784.836066	1.379491
84912.909836	1.485064
85040.983607	1.523062
85169.057377	1.486929
85297.131148	1.378840
85425.204918	1.212191
85553.278689	1.016558
85681.352459	0.847448
85809.426230	0.787269
85937.500000	0.880791
86065.573770	1.073200
86193.647541	1.284106
86321.721311	1.459830
86449.795082	1.569441
86577.868852	1.596723
86705.942623	1.536655
86834.016393	1.394081
86962.090164	1.183430
87090.163934	0.930148
87218.237705	0.678168
87346.311475	0.512768
87474.385246	0.537401
87602.459016	0.699080
87730.532787	0.877107
87858.606557	1.011610
87986.680328	1.078042
88114.754098	1.067780
88242.827869	0.981997
88370.901639	0.829131
88498.975410	0.623148
88627.049180	0.382191
88755.122951	0.132318
88883.196721	0.153136
89011.270492	0.384102
89139.344262	0.588266
89267.418033	0.751194
89395.491803	0.867878
89523.565574	0.938764
89651.639344	0.968743
89779.713115	0.965792
89907.786885	0.939140
90035.860656	0.897231
90163.934426	0.846077
90292.008197	0.788780
90420.081967	0.726713
90548.155738	0.662130
90676.229508	0.601259
90804.303279	0.556000
90932.377049	0.540658
91060.450820	0.561535
91188.524590	0.608793
91316.598361	0.661579
91444.672131	0.698068
91572.745902	0.700668
91700.819672	0.657458
91828.893443	0.562733
91956.967213	0.418375
92085.040984	0.243016
92213.114754	0.169625
92341.188525	0.367866
92469.262295	0.635593
92597.336066	0.907090
92725.409836	1.158024
92853.483607	1.370381
92981.557377	1.529957
93109.631148	1.626690
93237.704918	1.655185
93365.778689	1.614984
93493.852459	1.510475
93621.926230	1.350444
93750.000000	1.147336
93878.073770	0.916420
94006.147541	0.675290
94134.221311	0.445312
94262.295082	0.263293
94390.368852	0.215535
94518.442623	0.303594
94646.516393	0.407026
94774.590164	0.482269
94902.663934	0.520249
95030.737705	0.520682
95158.811475	0.486413
95286.885246	0.421422
95414.959016	0.329831
95543.032787	0.215470
95671.106557	0.081912
95799.180328	0.067139
95927.254098	0.227298
96055.327869	0.393023
96183.401639	0.557373
96311.475410	0.712120
96439.549180	0.848187
96567.622951	0.956358
96695.696721	1.028128
96823.770492	1.056590
96951.844262	1.037213
97079.918033	0.968449
97207.991803	0.852063
97336.065574	0.693187
97464.139344	0.500050
97592.213115	0.283454
97720.286885	0.056297
97848.360656	0.169461
97976.434426	0.378748
98104.508197	0.560369
98232.581967	0.704361
98360.655738	0.803704
98488.729508	0.854869
98616.803279	0.858213
98744.877049	0.818257
98872.950820	0.744041
99001.024590	0.649923
99129.098361	0.557135
99257.172131	0.494266
99385.245902	0.487235
99513.319672	0.536530
99641.393443	0.617140
99769.467213	0.702448
99897.540984	0.774928
100025.614754	0.824871
100153.688525	0.847685
100281.762295	0.842083
100409.836066	0.808912
100537.909836	0.750327
100665.983607	0.669200
100794.057377	0.568720
100922.131148	0.452211
101050.204918	0.323120
101178.278689	0.185210
101306.352459	0.044640
101434.426230	0.104590
101562.500000	0.243711
101690.573770	0.374245
101818.647541	0.490526
101946.721311	0.587668
102074.795082	0.661620
102202.868852	0.709572
102330.942623	0.730349
102459.016393	0.724733
102587.090164	0.695667
102715.163934	0.648327
102843.237705	0.589980
102971.311475	0.529445
103099.385246	0.475711
103227.459016	0.435233
103355.532787	0.408625
103483.606557	0.389615
103611.680328	0.368015
103739.754098	0.334177
103867.827869	0.282065
103995.901639	0.211635
104123.975410	0.137837
104252.049180	0.130484
104380.122951	0.229800
104508.196721	0.367508
104636.270492	0.513788
104764.344262	0.655700
104892.418033	0.784058
105020.491803	0.891672
105148.565574	0.973345
105276.639344	1.026143
105404.713115	1.049603
105532.786885	1.045786
105660.860656	1.019099
105788.934426	0.975843
105917.008197	0.923416
106045.081967	0.869118
106173.155738	0.818660
106301.229508	0.774748
106429.303279	0.736461
106557.377049	0.699881
106685.450820	0.659734
106813.524590	0.611178
106941.598361	0.551042
107069.672131	0.478326
107197.745902	0.394170
107325.819672	0.301582
107453.893443	0.205416
107581.967213	0.114853
107710.040984	0.068219
107838.114754	0.118277
107966.188525	0.189731
108094.262295	0.252768
108222.336066	0.300622
108350.409836	0.329664
108478.483607	0.337091
108606.557377	0.320607
108734.631148	0.278603
108862.704918	0.210714
108990.778689	0.119777
109118.852459	0.049440
109246.926230	0.157144
109375.000000	0.306592
109503.073770	0.464260
109631.147541	0.618853
109759.221311	0.759615
109887.295082	0.875967
110015.368852	0.958193
110143.442623	0.998291
110271.516393	0.990783
110399.590164	0.933402
110527.663934	0.827600
110655.737705	0.678934
110783.811475	0.497760
110911.885246	0.303181
111039.959016	0.160428
111168.032787	0.241390
111296.106557	0.415299
111424.180328	0.574256
111552.254098	0.693478
111680.327869	0.761649
111808.401639	0.773442
111936.475410	0.728640
112064.549180	0.631996
112192.622951	0.493241
112320.696721	0.328281
112448.770492	0.172011
112576.844262	0.160553
112704.918033	0.298526
112832.991803	0.437728
112961.065574	0.542862
113089.139344	0.602363
113217.213115	0.612911
113345.286885	0.578532
113473.360656	0.512239
113601.434426	0.440033
113729.508197	0.403618
113857.581967	0.437528
113985.655738	0.528001
114113.729508	0.634125
114241.803279	0.723348
114369.877049	0.775466
114497.950820	0.779154
114626.024590	0.730066
114754.098361	0.630028
114882.172131	0.486729
115010.245902	0.314835
115138.319672	0.152036
115266.393443	0.169990
115394.467213	0.332323
115522.540984	0.487534
115650.614754	0.605350
115778.688525	0.672941
115906.762295	0.683843
116034.836066	0.636891
116162.909836	0.535932
116290.983607	0.389486
116419.057377	0.210989
116547.131148	0.053523
116675.204918	0.210065
116803.278689	0.401015
116931.352459	0.568623
117059.426230	0.699570
117187.500000	0.785371
117315.573770	0.821838
117443.647541	0.809156
117571.721311	0.751716
117699.795082	0.657710
117827.868852	0.538662
117955.942623	0.409415
118084.016393	0.290139
118212.090164	0.212656
118340.163934	0.209250
118468.237705	0.255838
118596.311475	0.307332
118724.385246	0.344522
118852.459016	0.363633
118980.532787	0.367195
119108.606557	0.359959
119236.680328	0.346180
119364.754098	0.327642
119492.827869	0.303026
119620.901639	0.268948
119748.975410	0.221947
119877.049180	0.160460
120005.122951	0.087376
120133.196721	0.041575
120261.270492	0.114248
120389.344262	0.205694
120517.418033	0.291223
120645.491803	0.362705
120773.565574	0.415019
120901.639344	0.446205
121029.713115	0.458211
121157.786885	0.457348
121285.860656	0.453652
121413.934426	0.457885
121542.008197	0.476046
121670.081967	0.505257
121798.155738	0.535262
121926.229508	0.553492
122054.303279	0.549252
122182.377049	0.515996
122310.450820	0.452828
122438.524590	0.366965
122566.598361	0.281297
122694.672131	0.249574
122822.745902	0.314748
122950.819672	0.434572
123078.893443	0.560017
123206.967213	0.664790
123335.040984	0.733514
123463.114754	0.756999
123591.188525	0.731331
123719.262295	0.658002
123847.336066	0.544646
123975.409836	0.407847
124103.483607	0.285324
124231.557377	0.260303
124359.631148	0.360151
124487.704918	0.498741
124615.778689	0.624162
124743.852459	0.715233
124871.926230	0.762588
125000.000000	0.764186
125128.073770	0.724534
125256.147541	0.654927
125384.221311	0.574220
125512.295082	0.508794
125640.368852	0.485336
125768.442623	0.511428
125896.516393	0.568046
126024.590164	0.629003
126152.663934	0.676624
126280.737705	0.704077
126408.811475	0.713632
126536.885246	0.714263
126664.959016	0.717885
126793.032787	0.733615
126921.106557	0.762324
127049.180328	0.795662
127177.254098	0.820105
127305.327869	0.822268
127433.401639	0.792713
127561.475410	0.728259
127689.549180	0.634051
127817.622951	0.527279
127945.696721	0.444157
128073.770492	0.435694
128201.844262	0.515341
128329.918033	0.639461
128457.991803	0.762630
128586.065574	0.856389
128714.139344	0.903962
128842.213115	0.896437
128970.286885	0.831310
129098.360656	0.711819
129226.434426	0.546491
129354.508197	0.349497
129482.581967	0.152173
129610.655738	0.159552
129738.729508	0.353100
129866.803279	0.539452
129994.877049	0.692271
130122.950820	0.801636
130251.024590	0.863661
130379.098361	0.879578
130507.172131	0.855344
130635.245902	0.801021
130763.319672	0.729770
130891.393443	0.656281
131019.467213	0.594267
131147.540984	0.553059
131275.614754	0.535087
131403.688525	0.537286
131531.762295	0.555848
131659.836066	0.589509
131787.909836	0.638568
131915.983607	0.701452
132044.057377	0.772297
132172.131148	0.841229
132300.204918	0.896397
132428.278689	0.926282
132556.352459	0.921518
132684.426230	0.876137
132812.500000	0.788293
132940.573770	0.660534
133068.647541	0.499810
133196.721311	0.317994
133324.795082	0.142114
133452.868852	0.140212
133580.942623	0.304034
133709.016393	0.464793
133837.090164	0.601602
133965.163934	0.711811
134093.237705	0.800383
134221.311475	0.877941
134349.385246	0.957514
134477.459016	1.049399
134605.532787	1.156403
134733.606557	1.272502
134861.680328	1.385302
134989.754098	1.479990
135117.827869	1.542764
135245.901639	1.563113
135373.975410	1.535119
135502.049180	1.458018
135630.122951	1.336180
135758.196721	1.178587
135886.270492	0.997886
136014.344262	0.809054
136142.418033	0.627675
136270.491803	0.467689
136398.565574	0.338286
136526.639344	0.240575
136654.713115	0.169721
136782.786885	0.136350
136910.860656	0.180257
137038.934426	0.291319
137167.008197	0.435193
137295.081967	0.590265
137423.155738	0.738900
137551.229508	0.864806
137679.303279	0.953710
137807.377049	0.994656
137935.450820	0.981281
138063.524590	0.912981
138191.598361	0.796257
138319.672131	0.647404
138447.745902	0.500179
138575.819672	0.420300
138703.893443	0.469751
138831.967213	0.607857
138960.040984	0.760808
139088.114754	0.886594
139216.188525	0.963990
139344.262295	0.983017
139472.336066	0.942022
139600.409836	0.847132
139728.483607	0.713134
139856.557377	0.567117
139984.631148	0.457033
140112.704918	0.444124
140240.778689	0.530221
140368.852459	0.652394
140496.926230	0.760748
140625.000000	0.829867
140753.073770	0.848595
140881.147541	0.815141
141009.221311	0.735523
141137.295082	0.623670
141265.368852	0.503518
141393.442623	0.413065
141521.516393	0.394525
141649.590164	0.446816
141777.663934	0.523258
141905.737705	0.583534
142033.811475	0.605790
142161.885246	0.580288
142289.959016	0.505264
142418.032787	0.385128
142546.106557	0.230458
142674.180328	0.079536
142802.254098	0.179433
142930.327869	0.367170
143058.401639	0.544854
143186.475410	0.696354
143314.549180	0.811942
143442.622951	0.886103
143570.696721	0.917645
143698.770492	0.909823
143826.844262	0.870246
143954.918033	0.810453
144082.991803	0.744830
144211.065574	0.688134
144339.139344	0.650913
144467.213115	0.634431
144595.286885	0.629805
144723.360656	0.622927
144851.434426	0.600522
144979.508197	0.553399
145107.581967	0.477163
145235.655738	0.371877
145363.729508	0.241875
145491.803279	0.101034
145619.877049	0.103095
145747.950820	0.259347
145876.024590	0.418492
146004.098361	0.563088
146132.172131	0.683287
146260.245902	0.771301
146388.319672	0.821332
146516.393443	0.829886
146644.467213	0.796103
146772.540984	0.722063
146900.614754	0.613146
147028.688525	0.478854
147156.762295	0.335990
147284.836066	0.223076
147412.909836	0.219796
147540.983607	0.315721
147669.057377	0.424233
147797.131148	0.506968
147925.204918	0.547865
148053.278689	0.538937
148181.352459	0.477722
148309.426230	0.367885
148437.500000	0.226142
148565.573770	0.149609
148693.647541	0.299758
148821.721311	0.524639
148949.795082	0.756464
149077.868852	0.971989
149205.942623	1.154761
149334.016393	1.291911
149462.090164	1.374340
149590.163934	1.397266
149718.237705	1.360619
149846.311475	1.269170
149974.385246	1.132357
150102.459016	0.963934
150230.532787	0.781597
150358.606557	0.606876
150486.680328	0.464869
150614.754098	0.378626
150742.827869	0.348639
150870.901639	0.342400
150998.975410	0.323763
151127.049180	0.274163
151255.122951	0.193250
151383.196721	0.114977
151511.270492	0.164237
151639.344262	0.305911
151767.418033	0.458746
151895.491803	0.596186
152023.565574	0.701613
152151.639344	0.762642
152279.713115	0.771035
152407.786885	0.723163
152535.860656	0.620363
152663.934426	0.469243
152792.008197	0.283510
152920.081967	0.114746
153048.155738	0.219433
153176.229508	0.432798
153304.303279	0.635345
153432.377049	0.805262
153560.450820	0.929941
153688.524590	1.001790
153816.598361	1.018229
153944.672131	0.981984
154072.745902	0.901305
154200.819672	0.790264
154328.893443	0.669372
154456.967213	0.565894
154585.040984	0.508541
154713.114754	0.508095
154841.188525	0.543647
154969.262295	0.582113
155097.336066	0.599269
155225.409836	0.583127
155353.483607	0.531582
155481.557377	0.451141
155609.631148	0.358646
155737.704918	0.288150
155865.778689	0.286980
155993.852459	0.356831
156121.926230	0.451240
156250.000000	0.535489
156378.073770	0.591773
156506.147541	0.611456
156634.221311	0.591823
156762.295082	0.534928
156890.368852	0.447153
157018.442623	0.339605
157146.516393	0.231949
157274.590164	0.168579
157402.663934	0.201845
157530.737705	0.285631
157658.811475	0.367495
157786.885246	0.429129
157914.959016	0.464739
158043.032787	0.474146
158171.106557	0.460742
158299.180328	0.430187
158427.254098	0.388896
158555.327869	0.342178
158683.401639	0.292396
158811.475410	0.238241
158939.549180	0.176563
159067.622951	0.110755
159195.696721	0.094849
159323.770492	0.188801
159451.844262	0.329970
159579.918033	0.492504
159707.991803	0.664700
159836.065574	0.835731
159964.139344	0.994602
160092.213115	1.130712
160220.286885	1.234665
160348.360656	1.299057
160476.434426	1.319098
160604.508197	1.293037
160732.581967	1.222331
160860.655738	1.111577
160988.729508	0.968212
161116.803279	0.802046
161244.877049	0.624773
161372.950820	0.449815
161501.024590	0.293781
161629.098361	0.184166
161757.172131	0.162384
161885.245902	0.203565
162013.319672	0.245884
162141.393443	0.270844
162269.467213	0.283774
162397.540984	0.302182
162525.614754	0.346143
162653.688525	0.423634
162781.762295	0.527279
162909.836066	0.643716
163037.909836	0.760202
163165.983607	0.866330
163294.057377	0.954190
163422.131148	1.018311
163550.204918	1.055568
163678.278689	1.065018
163806.352459	1.047640
163934.426230	1.005962
164062.500000	0.943616
164190.573770	0.864852
164318.647541	0.774083
164446.721311	0.675529
164574.795082	0.573038
164702.868852	0.470186
164830.942623	0.370819
164959.016393	0.280454
165087.090164	0.209475
165215.163934	0.176294
165343.237705	0.191446
165471.311475	0.235603
165599.385246	0.285307
165727.459016	0.328130
165855.532787	0.358334
165983.606557	0.373753
166111.680328	0.374970
166239.754098	0.365354
166367.827869	0.351214
166495.901639	0.341214
166623.975410	0.343740
166752.049180	0.362377
166880.122951	0.393480
167008.196721	0.428687
167136.270492	0.459103
167264.344262	0.477916
167392.418033	0.481603
167520.491803	0.470729
167648.565574	0.450834
167776.639344	0.432977
167904.713115	0.431850
168032.786885	0.458594
168160.860656	0.512545
168288.934426	0.582014
168417.008197	0.651643
168545.081967	0.707417
168673.155738	0.738248
168801.229508	0.736296
168929.303279	0.697053
169057.377049	0.619397
169185.450820	0.505557
169313.524590	0.360992
169441.598361	0.194656
169569.672131	0.042816
169697.745902	0.180322
169825.819672	0.352036
169953.893443	0.504882
170081.967213	0.628183
170210.040984	0.714727
170338.114754	0.760674
170466.188525	0.766022
170594.262295	0.734999
170722.336066	0.676314
170850.409836	0.603175
170978.483607	0.532485
171106.557377	0.481195
171234.631148	0.457731
171362.704918	0.454330
171490.778689	0.451508
171618.852459	0.429493
171746.926230	0.374640
171875.000000	0.280728
172003.073770	0.150834
172131.147541	0.074048
172259.221311	0.246661
172387.295082	0.460050
172515.368852	0.678257
172643.442623	0.884830
172771.516393	1.065138
172899.590164	1.206470
173027.663934	1.298939
173155.737705	1.336320
173283.811475	1.316697
173411.885246	1.242895
173539.959016	1.122782
173668.032787	0.969687
173796.106557	0.803457
173924.180328	0.652735
174052.254098	0.555284
174180.327869	0.539749
174308.401639	0.591259
174436.475410	0.665280
174564.549180	0.726096
174692.622951	0.754670
174820.696721	0.743501
174948.770492	0.692555
175076.844262	0.606924
175204.918033	0.495247
175332.991803	0.368358
175461.065574	0.237987
175589.139344	0.115474
175717.213115	0.010527
175845.286885	0.070311
175973.360656	0.124795
176101.434426	0.157690
176229.508197	0.183018
176357.581967	0.221674
176485.655738	0.287507
176613.729508	0.377918
176741.803279	0.481216
176869.877049	0.584484
176997.950820	0.676242
177126.024590	0.747226
177254.098361	0.790826
177382.172131	0.803412
177510.245902	0.784490
177638.319672	0.736656
177766.393443	0.665360
177894.467213	0.578523
178022.540984	0.486049
178150.614754	0.399172
178278.688525	0.329059
178406.762295	0.283194
178534.836066	0.259917
178662.909836	0.248156
178790.983607	0.235336
178919.057377	0.213931
179047.131148	0.182607
179175.204918	0.145666
179303.278689	0.113857
179431.352459	0.104145
179559.426230	0.122209
179687.500000	0.152818
179815.573770	0.182740
179943.647541	0.207068
180071.721311	0.226019
180199.795082	0.242560
180327.868852	0.260216
180455.942623	0.280814
180584.016393	0.303293
180712.090164	0.324387
180840.163934	0.340572
180968.237705	0.350215
181096.311475	0.355472
181224.385246	0.363451
181352.459016	0.385086
181480.532787	0.429870
181608.606557	0.499573
181736.680328	0.587563
181864.754098	0.682918
181992.827869	0.774033
182120.901639	0.850359
182248.975410	0.903177
182377.049180	0.926081
182505.122951	0.915320
182633.196721	0.870019
182761.270492	0.792251
182889.344262	0.686996
183017.418033	0.562138
183145.491803	0.428987
183273.565574	0.305060
183401.639344	0.222760
183529.713115	0.222360
183657.786885	0.282712
183785.860656	0.352752
183913.934426	0.408729
184042.008197	0.443220
184170.081967	0.455753
184298.155738	0.449736
184426.229508	0.431147
184554.303279	0.407586
184682.377049	0.387191
184810.450820	0.377231
184938.524590	0.382636
185066.598361	0.405434
185194.672131	0.445535
185322.745902	0.501840
185450.819672	0.572499
185578.893443	0.654489
185706.967213	0.743258
185835.040984	0.832858
185963.114754	0.916484
186091.188525	0.987207
186219.262295	1.038748
186347.336066	1.066162
186475.409836	1.066397
186603.483607	1.038685
186731.557377	0.984766
186859.631148	0.908938
186987.704918	0.817963
187115.778689	0.720810
187243.852459	0.628053
187371.926230	0.550392
187500.000000	0.495464
187628.073770	0.463544
187756.147541	0.446084
187884.221311	0.429791
188012.295082	0.402233
188140.368852	0.354658
188268.442623	0.282228
188396.516393	0.183350
188524.590164	0.058951
188652.663934	0.088091
188780.737705	0.253334
188908.811475	0.431095
189036.885246	0.614665
189164.959016	0.796530
189293.032787	0.968613
189421.106557	1.122569
189549.180328	1.250161
189677.254098	1.343704
189805.327869	1.396575
189933.401639	1.403739
190061.475410	1.362255
190189.549180	1.271718
190317.622951	1.134614
190445.696721	0.956607
190573.770492	0.747024
190701.844262	0.520738
190829.918033	0.309397
190957.991803	0.224888
191086.065574	0.358022
191214.139344	0.544575
191342.213115	0.711952
191470.286885	0.839575
191598.360656	0.918437
191726.434426	0.945182
191854.508197	0.921074
191982.581967	0.851810
192110.655738	0.747606
192238.729508	0.623798
192366.803279	0.502550
192494.877049	0.414730
192622.950820	0.389788
192751.024590	0.423404
192879.098361	0.478574
193007.172131	0.522524
193135.245902	0.537418
193263.319672	0.516054
193391.393443	0.458562
193519.467213	0.371803
193647.540984	0.273344
193775.614754	0.209367
193903.688525	0.249995
194031.762295	0.369008
194159.836066	0.508107
194287.909836	0.642177
194415.983607	0.760327
194544.057377	0.857462
194672.131148	0.931950
194800.204918	0.984515
194928.278689	1.017250
195056.352459	1.032623
195184.426230	1.032569
195312.500000	1.017933
195440.573770	0.988420
195568.647541	0.943086
195696.721311	0.881201
195824.795082	0.803261
195952.868852	0.711961
196080.942623	0.613088
196209.016393	0.516373
196337.090164	0.435877
196465.163934	0.387250
196593.237705	0.377471
196721.311475	0.395514
196849.385246	0.420669
196977.459016	0.436004
197105.532787	0.432531
197233.606557	0.408675
197361.680328	0.369938
197489.754098	0.329723
197617.827869	0.308825
197745.901639	0.324759
197873.975410	0.374380
198002.049180	0.438584
198130.122951	0.498886
198258.196721	0.543051
198386.270492	0.564780
198514.344262	0.563114
198642.418033	0.542351
198770.491803	0.512050
198898.565574	0.486020
199026.639344	0.478089
199154.713115	0.494242
199282.786885	0.527952
199410.860656	0.564649
199538.934426	0.589204
199667.008197	0.589977
199795.081967	0.559848
199923.155738	0.496139
200051.229508	0.400244
200179.303279	0.277107
200307.377049	0.134575
200435.450820	0.018724
200563.524590	0.168708
200691.598361	0.307175
200819.672131	0.423315
200947.745902	0.509031
201075.819672	0.559068
201203.893443	0.571757
201331.967213	0.549761
201460.040984	0.501045
201588.114754	0.440505
201716.188525	0.391658
201844.262295	0.381563
201972.336066	0.419806
202100.409836	0.488249
202228.483607	0.561122
202356.557377	0.619457
202484.631148	0.652071
202612.704918	0.653940
202740.778689	0.625293
202868.852459	0.571485
202996.926230	0.503654
203125.000000	0.440145
203253.073770	0.405879
203381.147541	0.420387
203509.221311	0.479587
203637.295082	0.562295
203765.368852	0.649029
203893.442623	0.727674
204021.516393	0.791877
204149.590164	0.838920
204277.663934	0.868164
204405.737705	0.879896
204533.811475	0.874534
204661.885246	0.852253
204789.959016	0.813084
204918.032787	0.757495
205046.106557	0.687364
205174.180328	0.607340
205302.254098	0.526614
205430.327869	0.460648
205558.401639	0.429259
205686.475410	0.444183
205814.549180	0.496022
205942.622951	0.562590
206070.696721	0.623680
206198.770492	0.665496
206326.844262	0.679986
206454.918033	0.663897
206582.991803	0.618336
206711.065574	0.548735
206839.139344	0.465261
206967.213115	0.383875
207095.286885	0.326645
207223.360656	0.312751
207351.434426	0.337821
207479.508197	0.376868
207607.581967	0.407534
207735.655738	0.417853
207863.729508	0.404752
207991.803279	0.373078
208119.877049	0.336528
208247.950820	0.317830
208376.024590	0.337963
208504.098361	0.395729
208632.172131	0.470963
208760.245902	0.542862
208888.319672	0.596465
209016.393443	0.622264
209144.467213	0.615415
209272.540984	0.575512
209400.614754	0.506935
209528.688525	0.420275
209656.762295	0.336565
209784.836066	0.293327
209912.909836	0.323553
210040.983607	0.408584
210169.057377	0.509124
210297.131148	0.600266
210425.204918	0.668682
210553.278689	0.707333
210681.352459	0.713262
210809.426230	0.686627
210937.500000	0.630065
211065.573770	0.548117
211193.647541	0.446657
211321.721311	0.332434
211449.795082	0.213311
211577.868852	0.104274
211705.942623	0.087185
211834.016393	0.180460
211962.090164	0.283534
212090.163934	0.381030
212218.237705	0.470890
212346.311475	0.553233
212474.385246	0.628732
212602.459016	0.697972
212730.532787	0.761062
212858.606557	0.817408
212986.680328	0.865625
213114.754098	0.903569
213242.827869	0.928499
213370.901639	0.937332
213498.975410	0.926991
213627.049180	0.894817
213755.122951	0.839002
213883.196721	0.759015
214011.270492	0.655995
214139.344262	0.533152
214267.418033	0.396521
214395.491803	0.258008
214523.565574	0.154085
214651.639344	0.178014
214779.713115	0.289969
214907.786885	0.408638
215035.860656	0.512450
215163.934426	0.595108
215292.008197	0.656067
215420.081967	0.699045
215548.155738	0.731319
215676.229508	0.762289
215804.303279	0.800858
215932.377049	0.852327
216060.450820	0.916595
216188.524590	0.988894
216316.598361	1.062289
216444.672131	1.130291
216572.745902	1.188633
216700.819672	1.236025
216828.893443	1.274029
216956.967213	1.306137
217085.040984	1.336249
217213.114754	1.366954
217341.188525	1.398274
217469.262295	1.427415
217597.336066	1.449667
217725.409836	1.460015
217853.483607	1.454866
217981.557377	1.433385
218109.631148	1.398151
218237.704918	1.354883
218365.778689	1.311066
218493.852459	1.273458
218621.926230	1.245116
218750.000000	1.223333
218878.073770	1.199819
219006.147541	1.163059
219134.221311	1.101486
219262.295082	1.006132
219390.368852	0.872215
219518.442623	0.699792
219646.516393	0.493717
219774.590164	0.263327
219902.663934	0.035063
220030.737705	0.226776
220158.811475	0.451833
220286.885246	0.647140
220414.959016	0.800170
220543.032787	0.902211
220671.106557	0.949105
220799.180328	0.942155
220927.254098	0.889099
221055.327869	0.805390
221183.401639	0.715845
221311.475410	0.654034
221439.549180	0.650028
221567.622951	0.706285
221695.696721	0.795690
221823.770492	0.885480
221951.844262	0.951539
222079.918033	0.979596
222207.991803	0.963354
222336.065574	0.902891
222464.139344	0.803442
222592.213115	0.674336
222720.286885	0.528011
222848.360656	0.379405
222976.434426	0.246898
223104.508197	0.157937
223232.581967	0.141916
223360.655738	0.165643
223488.729508	0.178232
223616.803279	0.163540
223744.877049	0.123427
223872.950820	0.077767
224001.024590	0.092186
224129.098361	0.164764
224257.172131	0.242768
224385.245902	0.306330
224513.319672	0.344622
224641.393443	0.350950
224769.467213	0.322662
224897.540984	0.262250
225025.614754	0.182324
225153.688525	0.133531
225281.762295	0.201176
225409.836066	0.332206
225537.909836	0.473361
225665.983607	0.604553
225794.057377	0.713884
225922.131148	0.793237
226050.204918	0.837769
226178.278689	0.845953
226306.352459	0.819557
226434.426230	0.763456
226562.500000	0.685303
226690.573770	0.595143
226818.647541	0.505023
226946.721311	0.428323
227074.795082	0.377411
227202.868852	0.357972
227330.942623	0.364366
227459.016393	0.384220
227587.090164	0.406826
227715.163934	0.426170
227843.237705	0.439801
227971.311475	0.447068
228099.385246	0.448112
228227.459016	0.443860
228355.532787	0.436897
228483.606557	0.432657
228611.680328	0.439713
228739.754098	0.467302
228867.827869	0.520202
228995.901639	0.595481
229123.975410	0.684175
229252.049180	0.774927
229380.122951	0.856502
229508.196721	0.919051
229636.270492	0.954806
229764.344262	0.958577
229892.418033	0.928111
230020.491803	0.864306
230148.565574	0.771293
230276.639344	0.656480
230404.713115	0.530842
230532.786885	0.410148
230660.860656	0.317650
230788.934426	0.280750
230917.008197	0.301841
231045.081967	0.348377
231173.155738	0.391179
231301.229508	0.417081
231429.303279	0.423174
231557.377049	0.412540
231685.450820	0.391910
231813.524590	0.369415
231941.598361	0.351465
232069.672131	0.339415
232197.745902	0.328550
232325.819672	0.310591
232453.893443	0.277380
232581.967213	0.223296
232710.040984	0.146183
232838.114754	0.048613
232966.188525	0.074525
233094.262295	0.203291
233222.336066	0.337263
233350.409836	0.466946
233478.483607	0.583509
233606.557377	0.678889
233734.631148	0.746385
233862.704918	0.781178
233990.778689	0.780722
234118.852459	0.745006
234246.926230	0.676756
234375.000000	0.581758
234503.073770	0.469861
234631.147541	0.358383
234759.221311	0.280947
234887.295082	0.283120
235015.368852	0.359188
235143.442623	0.460821
235271.516393	0.556806
235399.590164	0.631971
235527.663934	0.678347
235655.737705	0.691959
235783.811475	0.671876
235911.885246	0.620027
236039.959016	0.541467
236168.032787	0.445406
236296.106557	0.348383
236424.180328	0.281304
236552.254098	0.283365
236680.327869	0.350791
236808.401639	0.442286
236936.475410	0.528348
237064.549180	0.593730
237192.622951	0.630542
237320.696721	0.635432
237448.770492	0.608715
237576.844262	0.554176
237704.918033	0.479245
237832.991803	0.395785
237961.065574	0.321803
238089.139344	0.281046
238217.213115	0.287536
238345.286885	0.326105
238473.360656	0.369885
238601.434426	0.400535
238729.508197	0.409008
238857.581967	0.392488
238985.655738	0.352750
239113.729508	0.295762
239241.803279	0.232723
239369.877049	0.183547
239497.950820	0.174948
239626.024590	0.208961
239754.098361	0.258215
239882.172131	0.301493
240010.245902	0.328690
240138.319672	0.335805
240266.393443	0.322489
240394.467213	0.290919
240522.540984	0.245058
240650.614754	0.190144
240778.688525	0.133096
240906.762295	0.087683
241034.836066	0.086991
241162.909836	0.135707
241290.983607	0.204699
241419.057377	0.283940
241547.131148	0.370640
241675.204918	0.462057
241803.278689	0.554014
241931.352459	0.641002
242059.426230	0.716847
242187.500000	0.775552
242315.573770	0.812124
242443.647541	0.823285
242571.721311	0.807996
242699.795082	0.767752
242827.868852	0.706617
242955.942623	0.630974
243084.016393	0.548922
243212.090164	0.469175
243340.163934	0.399208
243468.237705	0.342718
243596.311475	0.297870
243724.385246	0.259011
243852.459016	0.222664
243980.532787	0.196032
244108.606557	0.201709
244236.680328	0.255889
244364.754098	0.346102
244492.827869	0.452004
244620.901639	0.557709
244748.975410	0.650900
244877.049180	0.721775
245005.122951	0.763019
245133.196721	0.770124
245261.270492	0.741713
245389.344262	0.679749
245517.418033	0.589645
245645.491803	0.480540
245773.565574	0.366529
245901.639344	0.270870
246029.713115	0.229733
246157.786885	0.257968
246285.860656	0.317626
246413.934426	0.373177
246542.008197	0.409544
246670.081967	0.422854
246798.155738	0.415698
246926.229508	0.395440
247054.303279	0.372929
247182.377049	0.359688
247310.450820	0.362602
247438.524590	0.379625
247566.598361	0.401828
247694.672131	0.419209
247822.745902	0.424527
247950.819672	0.414351
248078.893443	0.388837
248206.967213	0.351071
248335.040984	0.306168
248463.114754	0.260038
248591.188525	0.217683
248719.262295	0.181333
248847.336066	0.149929
248975.409836	0.122512
249103.483607	0.107273
249231.557377	0.125986
249359.631148	0.184443
249487.704918	0.267803
249615.778689	0.363197
249743.852459	0.461064
249871.926230	0.553252
250000.000000	0.632782
250128.073770	0.694246
250256.147541	0.734266
250384.221311	0.751811
250512.295082	0.748255
250640.368852	0.727099
250768.442623	0.693330
250896.516393	0.652420
251024.590164	0.609171
251152.663934	0.566805
251280.737705	0.526949
251408.811475	0.490931
251536.885246	0.462150
251664.959016	0.448140
251793.032787	0.459445
251921.106557	0.503275
252049.180328	0.577231
252177.254098	0.670544
252305.327869	0.769460
252433.401639	0.860800
252561.475410	0.933346
252689.549180	0.978414
252817.622951	0.990230
252945.696721	0.966183
253073.770492	0.906888
253201.844262	0.816023
253329.918033	0.699892
253457.991803	0.566749
253586.065574	0.425902
253714.139344	0.286691
253842.213115	0.157493
253970.286885	0.046921
254098.360656	0.059901
254226.434426	0.138481
254354.508197	0.208538
254482.581967	0.275778
254610.655738	0.345669
254738.729508	0.419476
254866.803279	0.493699
254994.877049	0.561632
255122.950820	0.615537
255251.024590	0.648547
255379.098361	0.656121
255507.172131	0.637159
255635.245902	0.594949
255763.319672	0.538118
255891.393443	0.481421
256019.467213	0.444446
256147.540984	0.443263
256275.614754	0.477457
256403.688525	0.530853
256531.762295	0.585192
256659.836066	0.628523
256787.909836	0.656608
256915.983607	0.672172
257044.057377	0.683339
257172.131148	0.700514
257300.204918	0.731467
257428.278689	0.776861
257556.352459	0.829636
257684.426230	0.878386
257812.500000	0.911742
257940.573770	0.921662
258068.647541	0.905532
258196.721311	0.867564
258324.795082	0.819617
258452.868852	0.780291
258580.942623	0.769367
258709.016393	0.796638
258837.090164	0.854037
258965.163934	0.920518
259093.237705	0.972716
259221.311475	0.991615
259349.385246	0.964923
259477.459016	0.887958
259605.532787	0.764909
259733.606557	0.612738
259861.680328	0.473784
259989.754098	0.433733
260117.827869	0.543206
260245.901639	0.731564
260373.975410	0.926815
260502.049180	1.090368
260630.122951	1.199830
260758.196721	1.241644
260886.270492	1.209157
261014.344262	1.102114
261142.418033	0.926444
261270.491803	0.694321
261398.565574	0.426859
261526.639344	0.191876
261654.713115	0.292944
261782.786885	0.566775
261910.860656	0.830925
262038.934426	1.054008
262167.008197	1.221560
262295.081967	1.326011
262423.155738	1.365640
262551.229508	1.344324
262679.303279	1.271158
262807.377049	1.159850
262935.450820	1.027791
263063.524590	0.894563
263191.598361	0.779059
263319.672131	0.694127
263447.745902	0.640200
263575.819672	0.604401
263703.893443	0.568454
263831.967213	0.518300
263960.040984	0.449496
264088.114754	0.370971
264216.188525	0.312553
264344.262295	0.322879
264472.336066	0.413347
264600.409836	0.545294
264728.483607	0.684711
264856.557377	0.811728
264984.631148	0.914260
265112.704918	0.984904
265240.778689	1.019801
265368.852459	1.018080
265496.926230	0.981413
265625.000000	0.913552
265753.073770	0.819883
265881.147541	0.707099
266009.221311	0.583201
266137.295082	0.458380
266265.368852	0.348054
266393.442623	0.278805
266521.516393	0.279831
266649.590164	0.341030
266777.663934	0.426130
266905.737705	0.511846
267033.811475	0.587257
267161.885246	0.647064
267289.959016	0.688714
267418.032787	0.711366
267546.106557	0.715459
267674.180328	0.702441
267802.254098	0.674496
267930.327869	0.634238
268058.401639	0.584391
268186.475410	0.527539
268314.549180	0.466038
268442.622951	0.402205
268570.696721	0.338933
268698.770492	0.280850
268826.844262	0.235935
268954.918033	0.215240
269082.991803	0.224933
269211.065574	0.257583
269339.139344	0.299221
269467.213115	0.338647
269595.286885	0.368904
269723.360656	0.386461
269851.434426	0.390924
269979.508197	0.385302
270107.581967	0.376421
270235.655738	0.374463
270363.729508	0.389860
270491.803279	0.427704
270619.877049	0.484932
270747.950820	0.553359
270876.024590	0.624156
271004.098361	0.690275
271132.172131	0.747205
271260.245902	0.793093
271388.319672	0.828576
271516.393443	0.856341
271644.467213	0.880321
271772.540984	0.904529
271900.614754	0.931770
272028.688525	0.962661
272156.762295	0.995404
272284.836066	1.026341
272412.909836	1.051000
272540.983607	1.065169
272669.057377	1.065737
272797.131148	1.051207
272925.204918	1.021902
273053.278689	0.979940
273181.352459	0.929004
273309.426230	0.873932
273437.500000	0.820112
273565.573770	0.772650
273693.647541	0.735385
273821.721311	0.709985
273949.795082	0.695582
274077.868852	0.689194
274205.942623	0.686726
274334.016393	0.684016
274462.090164	0.677531
274590.163934	0.664680
274718.237705	0.643891
274846.311475	0.614604
274974.385246	0.577307
275102.459016	0.533650
275230.532787	0.486637
275358.606557	0.440838
275486.680328	0.402345
275614.754098	0.377797
275742.827869	0.371806
275870.901639	0.384029
275998.975410	0.409017
276127.049180	0.439149
276255.122951	0.467460
276383.196721	0.488836
276511.270492	0.500180
276639.344262	0.500306
276767.418033	0.489870
276895.491803	0.471420
277023.565574	0.449535
277151.639344	0.430827
277279.713115	0.423191
277407.786885	0.433552
277535.860656	0.464756
277663.934426	0.514362
277792.008197	0.576417
277920.081967	0.643982
278048.155738	0.710561
278176.229508	0.770532
278304.303279	0.819179
278432.377049	0.852692
278560.450820	0.868204
278688.524590	0.863879
278816.598361	0.839022
278944.672131	0.794169
279072.745902	0.731156
279200.819672	0.653147
279328.893443	0.564644
279456.967213	0.471533
279585.040984	0.381247
279713.114754	0.303041
279841.188525	0.247442
279969.262295	0.221419
280097.336066	0.219687
280225.409836	0.226784
280353.483607	0.228872
280481.557377	0.218362
280609.631148	0.192641
280737.704918	0.152338
280865.778689	0.100249
280993.852459	0.040964
281121.926230	0.025868
281250.000000	0.085621
281378.073770	0.140589
281506.147541	0.186478
281634.221311	0.222007
281762.295082	0.248597
281890.368852	0.270686
282018.442623	0.295084
282146.516393	0.328536
282274.590164	0.374279
282402.663934	0.430365
282530.737705	0.490867
282658.811475	0.548144
282786.885246	0.594583
282914.959016	0.623659
283043.032787	0.630647
283171.106557	0.613207
283299.180328	0.572031
283427.254098	0.511748
283555.327869	0.442574
283683.401639	0.382896
283811.475410	0.358668
283939.549180	0.386741
284067.622951	0.455610
284195.696721	0.539818
284323.770492	0.618659
284451.844262	0.678717
284579.918033	0.711862
284707.991803	0.713903
284836.065574	0.683927
284964.139344	0.623882
285092.213115	0.538166
285220.286885	0.433165
285348.360656	0.316749
285476.434426	0.198073
285604.508197	0.090646
285732.581967	0.060968
285860.655738	0.130135
285988.729508	0.192799
286116.803279	0.234848
286244.877049	0.255607
286372.950820	0.258043
286501.024590	0.247619
286629.098361	0.231495
286757.172131	0.217148
286885.245902	0.210092
287013.319672	0.212054
287141.393443	0.222102
287269.467213	0.240192
287397.540984	0.269255
287525.614754	0.313560
287653.688525	0.375017
287781.762295	0.451120
287909.836066	0.535641
288037.909836	0.620347
288165.983607	0.696447
288294.057377	0.755652
288422.131148	0.791007
288550.204918	0.797588
288678.278689	0.773096
288806.352459	0.718350
288934.426230	0.637810
289062.500000	0.540431
289190.573770	0.441535
289318.647541	0.365829
289446.721311	0.343108
289574.795082	0.379973
289702.868852	0.448947
289830.942623	0.520633
289959.016393	0.578199
290087.090164	0.614509
290215.163934	0.628913
290343.237705	0.625568
290471.311475	0.612073
290599.385246	0.597461
290727.459016	0.589091
290855.532787	0.589312
290983.606557	0.594137
291111.680328	0.595103
291239.754098	0.582695
291367.827869	0.549160
291495.901639	0.490031
291623.975410	0.404827
291752.049180	0.297882
291880.122951	0.183035
292008.196721	0.119706
292136.270492	0.198707
292264.344262	0.326036
292392.418033	0.448637
292520.491803	0.550833
292648.565574	0.624394
292776.639344	0.664955
292904.713115	0.671784
293032.786885	0.648096
293160.860656	0.601614
293288.934426	0.545329
293417.008197	0.497703
293545.081967	0.478907
293673.155738	0.499508
293801.229508	0.551803
293929.303279	0.617320
294057.377049	0.678541
294185.450820	0.723208
294313.524590	0.744172
294441.598361	0.738476
294569.672131	0.706610
294697.745902	0.651987
294825.819672	0.580583
294953.893443	0.500821
295081.967213	0.423744
295210.040984	0.363004
295338.114754	0.332015
295466.188525	0.335461
295594.262295	0.364182
295722.336066	0.403525
295850.409836	0.442294
295978.483607	0.474202
296106.557377	0.496278
296234.631148	0.507324
296362.704918	0.506893
296490.778689	0.494754
296618.852459	0.470808
296746.926230	0.435498
296875.000000	0.390907
297003.073770	0.343000
297131.147541	0.305504
297259.221311	0.301560
297387.295082	0.349071
297515.368852	0.441966
297643.442623	0.561911
297771.516393	0.692851
297899.590164	0.822418
298027.663934	0.940398
298155.737705	1.037971
298283.811475	1.107645
298411.885246	1.143504
298539.959016	1.141557
298668.032787	1.100073
298796.106557	1.019840
298924.180328	0.904340
299052.254098	0.759911
299180.327869	0.596180
299308.401639	0.428036
299436.475410	0.284532
299564.549180	0.231828
299692.622951	0.302517
299820.696721	0.415543
299948.770492	0.519978
300076.844262	0.599836
300204.918033	0.651461
300332.991803	0.677757
300461.065574	0.686555
300589.139344	0.689103
300717.213115	0.697164
300845.286885	0.718545
300973.360656	0.753374
301101.434426	0.794110
301229.508197	0.828999
301357.581967	0.845973
301485.655738	0.835144
301613.729508	0.789951
301741.803279	0.707553
301869.877049	0.588890
301997.950820	0.438872
302126.024590	0.268605
302254.098361	0.124496
302382.172131	0.203903
302510.245902	0.391769
302638.319672	0.580931
302766.393443	0.752124
302894.467213	0.895386
303022.540984	1.003882
303150.614754	1.073195
303278.688525	1.101220
303406.762295	1.088122
303534.836066	1.036319
303662.909836	0.950578
303790.983607	0.838429
303919.057377	0.711327
304047.131148	0.587405
304175.204918	0.495749
304303.278689	0.472001
304431.352459	0.526371
304559.426230	0.628787
304687.500000	0.743101
304815.573770	0.845085
304943.647541	0.919980
305071.721311	0.958892
305199.795082	0.957246
305327.868852	0.914391
305455.942623	0.833810
305584.016393	0.723939
305712.090164	0.600288
305840.163934	0.490220
305968.237705	0.436268
306096.311475	0.469542
306224.385246	0.567690
306352.459016	0.686324
306480.532787	0.795073
306608.606557	0.877225
306736.680328	0.924221
306864.754098	0.932900
306992.827869	0.904207
307120.901639	0.842353
307248.975410	0.754046
307377.049180	0.647729
307505.122951	0.533000
307633.196721	0.420709
307761.270492	0.324906
307889.344262	0.267135
308017.418033	0.270699
308145.491803	0.332026
308273.565574	0.426980
308401.639344	0.538227
308529.713115	0.655797
308657.786885	0.771799
308785.860656	0.878308
308913.934426	0.967247
309042.008197	1.031047
309170.081967	1.063503
309298.155738	1.060581
309426.229508	1.021025
309554.303279	0.946731
309682.377049	0.842878
309810.450820	0.717895
309938.524590	0.583446
310066.598361	0.454745
310194.672131	0.351053
310322.745902	0.292055
310450.819672	0.280299
310578.893443	0.290856
310706.967213	0.295716
310835.040984	0.280680
310963.114754	0.244699
311091.188525	0.200275
311219.262295	0.180597
311347.336066	0.221030
311475.409836	0.306704
311603.483607	0.406500
311731.557377	0.502250
311859.631148	0.584527
311987.704918	0.649404
312115.778689	0.697548
312243.852459	0.733606
312371.926230	0.764903
312500.000000	0.798998
312628.073770	0.840571
312756.147541	0.889140
312884.221311	0.939012
313012.295082	0.981228
313140.368852	1.006123
313268.442623	1.005381
313396.516393	0.973326
313524.590164	0.907556
313652.663934	0.809119
313780.737705	0.682408
313908.811475	0.534959
314036.885246	0.377818
314164.959016	0.229797
314293.032787	0.145507
314421.106557	0.200416
314549.180328	0.305154
314677.254098	0.399979
314805.327869	0.472508
314933.401639	0.522013
315061.475410	0.553246
315189.549180	0.574603
315317.622951	0.596039
315445.696721	0.625924
315573.770492	0.667885
315701.844262	0.719762
315829.918033	0.775302
315957.991803	0.826940
316086.065574	0.867964
316214.139344	0.893628
316342.213115	0.901496
316470.286885	0.891351
316598.360656	0.864848
316726.434426	0.825042
316854.508197	0.775842
316982.581967	0.721459
317110.655738	0.665907
317238.729508	0.612592
317366.803279	0.564037
317494.877049	0.521743
317622.950820	0.486181
317751.024590	0.456888
317879.098361	0.432635
318007.172131	0.411670
318135.245902	0.392026
318263.319672	0.371852
318391.393443	0.349751
318519.467213	0.325026
318647.540984	0.297838
318775.614754	0.269207
318903.688525	0.240896
319031.762295	0.215151
319159.836066	0.194347
319287.909836	0.180599
319415.983607	0.175462
319544.057377	0.179805
319672.131148	0.193791
319800.204918	0.216758
319928.278689	0.247083
320056.352459	0.282239
320184.426230	0.319124
320312.500000	0.354581
320440.573770	0.386011
320568.647541	0.412006
320696.721311	0.432913
320824.795082	0.451127
320952.868852	0.470788
321080.942623	0.496560
321209.016393	0.531628
321337.090164	0.575957
321465.163934	0.625935
321593.237705	0.675472
321721.311475	0.717651
321849.385246	0.746197
321977.459016	0.756590
322105.532787	0.746890
322233.606557	0.718405
322361.680328	0.676203
322489.754098	0.629314
322617.827869	0.589868
322745.901639	0.569746
322873.975410	0.574527
323002.049180	0.599303
323130.122951	0.631308
323258.196721	0.656153
323386.270492	0.662048
323514.344262	0.641251
323642.418033	0.590172
323770.491803	0.509059
323898.565574	0.401541
324026.639344	0.274067
324154.713115	0.135376
324282.786885	0.018040
324410.860656	0.140593
324538.934426	0.255197
324667.008197	0.344104
324795.081967	0.400961
324923.155738	0.422237
325051.229508	0.407454
325179.303279	0.359408
325307.377049	0.284588
325435.450820	0.195337
325563.524590	0.123569
325691.598361	0.141981
325819.672131	0.227109
325947.745902	0.316183
326075.819672	0.388569
326203.893443	0.436501
326331.967213	0.457918
326460.040984	0.455850
326588.114754	0.439067
326716.188525	0.422489
326844.262295	0.424354
326972.336066	0.456787
327100.409836	0.516944
327228.483607	0.590729
327356.557377	0.662138
327484.631148	0.718022
327612.704918	0.749023
327740.778689	0.749442
327868.852459	0.717045
327996.926230	0.652970
328125.000000	0.561883
328253.073770	0.452979
328381.147541	0.343882
328509.221311	0.271528
328637.295082	0.286379
328765.368852	0.378638
328893.442623	0.498391
329021.516393	0.616788
329149.590164	0.720453
329277.663934	0.802441
329405.737705	0.859075
329533.811475	0.888822
329661.885246	0.891765
329789.959016	0.869268
329918.032787	0.823713
330046.106557	0.758282
330174.180328	0.676759
330302.254098	0.583347
330430.327869	0.482500
330558.401639	0.378741
330686.475410	0.276468
330814.549180	0.179774
330942.622951	0.092376
331070.696721	0.020876
331198.770492	0.050564
331326.844262	0.098986
331454.918033	0.135375
331582.991803	0.161186
331711.065574	0.179364
331839.139344	0.193277
331967.213115	0.205732
332095.286885	0.218048
332223.360656	0.229697
332351.434426	0.238727
332479.508197	0.242593
332607.581967	0.238938
332735.655738	0.226082
332863.729508	0.203240
332991.803279	0.170539
333119.877049	0.128892
333247.950820	0.079803
333376.024590	0.025169
333504.098361	0.033451
333632.172131	0.093646
333760.245902	0.154146
333888.319672	0.213571
334016.393443	0.270762
334144.467213	0.324606
334272.540984	0.373863
334400.614754	0.417032
334528.688525	0.452303
334656.762295	0.477601
334784.836066	0.490744
334912.909836	0.489664
335040.983607	0.472675
335169.057377	0.438765
335297.131148	0.387933
335425.204918	0.321716
335553.278689	0.244554
335681.352459	0.169192
335809.426230	0.136165
335937.500000	0.189074
336065.573770	0.287213
336193.647541	0.394988
336321.721311	0.498360
336449.795082	0.589201
336577.868852	0.661354
336705.942623	0.709901
336834.016393	0.731151
336962.090164	0.722800
337090.163934	0.684119
337218.237705	0.616098
337346.311475	0.521524
337474.385246	0.405027
337602.459016	0.273339
337730.532787	0.138131
337858.606557	0.070848
337986.680328	0.177176
338114.754098	0.297188
338242.827869	0.399486
338370.901639	0.476025
338498.975410	0.522411
338627.049180	0.536830
338755.122951	0.520034
338883.196721	0.475419
339011.270492	0.409154
339139.344262	0.330634
339267.418033	0.254012
339395.491803	0.201037
339523.565574	0.193513
339651.639344	0.223073
339779.713115	0.260324
339907.786885	0.285865
340035.860656	0.291665
340163.934426	0.276613
340292.008197	0.245052
340420.081967	0.207592
340548.155738	0.182787
340676.229508	0.189624
340804.303279	0.225439
340932.377049	0.270227
341060.450820	0.306986
341188.524590	0.325430
341316.598361	0.320114
341444.672131	0.289323
341572.745902	0.234624
341700.819672	0.160856
341828.893443	0.078864
341956.967213	0.055560
342085.040984	0.133140
342213.114754	0.211964
342341.188525	0.273352
342469.262295	0.309807
342597.336066	0.317430
342725.409836	0.296334
342853.483607	0.252868
342981.557377	0.206311
343109.631148	0.199347
343237.704918	0.262382
343365.778689	0.368236
343493.852459	0.484874
343621.926230	0.593298
343750.000000	0.681080
343878.073770	0.739551
344006.147541	0.763190
344134.221311	0.749583
344262.295082	0.699391
344390.368852	0.616163
344518.442623	0.505970
344646.516393	0.376852
344774.590164	0.238219
344902.663934	0.101082
345030.737705	0.044266
345158.811475	0.150328
345286.885246	0.240204
345414.959016	0.304156
345543.032787	0.340750
345671.106557	0.351731
345799.180328	0.341653
345927.254098	0.317487
346055.327869	0.287841
346183.401639	0.261214
346311.475410	0.242888
346439.549180	0.231999
346567.622951	0.222356
346695.696721	0.206953
346823.770492	0.182524
346951.844262	0.154006
347079.918033	0.141702
347207.991803	0.173387
347336.065574	0.246095
347464.139344	0.339575
347592.213115	0.439598
347720.286885	0.536766
347848.360656	0.624028
347976.434426	0.695897
348104.508197	0.748260
348232.581967	0.778298
348360.655738	0.784391
348488.729508	0.765977
348616.803279	0.723406
348744.877049	0.657801
348872.950820	0.570981
349001.024590	0.465441
349129.098361	0.344372
349257.172131	0.211733
349385.245902	0.072672
349513.319672	0.071292
349641.393443	0.208133
349769.467213	0.335678
349897.540984	0.447593
350025.614754	0.538600
350153.688525	0.604468
350281.762295	0.642351
350409.836066	0.651077
350537.909836	0.631284
350665.983607	0.585412
350794.057377	0.517512
350922.131148	0.432895
351050.204918	0.337643
351178.278689	0.238035
351306.352459	0.139962
351434.426230	0.048747
351562.500000	0.036388
351690.573770	0.106411
351818.647541	0.165892
351946.721311	0.215019
352074.795082	0.254873
352202.868852	0.285897
352330.942623	0.307248
352459.016393	0.316751
352587.090164	0.311434
352715.163934	0.288443
352843.237705	0.246144
352971.311475	0.185793
353099.385246	0.117438
353227.459016	0.094002
353355.532787	0.169493
353483.606557	0.279026
353611.680328	0.391670
353739.754098	0.494688
353867.827869	0.578827
353995.901639	0.636784
354123.975410	0.663442
354252.049180	0.656375
354380.122951	0.616350
354508.196721	0.547893
354636.270492	0.460281
354764.344262	0.369912
354892.418033	0.304463
355020.491803	0.296186
355148.565574	0.344513
355276.639344	0.414811
355404.713115	0.477856
355532.786885	0.517679
355660.860656	0.526571
355788.934426	0.502123
355917.008197	0.445952
356045.081967	0.363039
356173.155738	0.261551
356301.229508	0.155037
356429.303279	0.086669
356557.377049	0.138650
356685.450820	0.228037
356813.524590	0.307054
356941.598361	0.366531
357069.672131	0.405055
357197.745902	0.425491
357325.819672	0.434107
357453.893443	0.439398
357581.967213	0.449820
357710.040984	0.470784
357838.114754	0.502869
357966.188525	0.542848
358094.262295	0.586457
358222.336066	0.630662
358350.409836	0.674446
358478.483607	0.718283
358606.557377	0.762835
358734.631148	0.807507
358862.704918	0.849536
358990.778689	0.883981
359118.852459	0.904514
359246.926230	0.904610
359375.000000	0.878733
359503.073770	0.823300
359631.147541	0.737353
359759.221311	0.622993
359887.295082	0.485824
360015.368852	0.336530
360143.442623	0.200633
360271.516393	0.163913
360399.590164	0.264197
360527.663934	0.391874
360655.737705	0.504603
360783.811475	0.589481
360911.885246	0.641103
361039.959016	0.658124
361168.032787	0.642472
361296.106557	0.598969
361424.180328	0.535008
361552.254098	0.460296
361680.327869	0.386717
361808.401639	0.327809
361936.475410	0.295566
362064.549180	0.292839
362192.622951	0.310257
362320.696721	0.334929
362448.770492	0.358414
362576.844262	0.377649
362704.918033	0.393215
362832.991803	0.407632
362961.065574	0.424100
363089.139344	0.445635
363217.213115	0.474511
363345.286885	0.511867
363473.360656	0.557375
363601.434426	0.608965
363729.508197	0.662753
363857.581967	0.713255
363985.655738	0.753899
364113.729508	0.777754
364241.803279	0.778375
364369.877049	0.750698
364497.950820	0.691968
364626.024590	0.602867
364754.098361	0.489510
364882.172131	0.369198
365010.245902	0.287999
365138.319672	0.319264
365266.393443	0.449504
365394.467213	0.612280
365522.540984	0.771670
365650.614754	0.909665
365778.688525	1.015659
365906.762295	1.083783
366034.836066	1.112349
366162.909836	1.103699
366290.983607	1.063934
366419.057377	1.002289
366547.131148	0.929916
366675.204918	0.857865
366803.278689	0.794253
366931.352459	0.741553
367059.426230	0.695795
367187.500000	0.648804
367315.573770	0.592265
367443.647541	0.521512
367571.721311	0.438457
367699.795082	0.355135
367827.868852	0.299023
367955.942623	0.304490
368084.016393	0.369240
368212.090164	0.456839
368340.163934	0.537428
368468.237705	0.593551
368596.311475	0.615402
368724.385246	0.598449
368852.459016	0.542544
368980.532787	0.451445
369108.606557	0.332435
369236.680328	0.196671
369364.754098	0.073080
369492.827869	0.124633
369620.901639	0.247840
369748.975410	0.354374
369877.049180	0.432604
370005.122951	0.478302
370133.196721	0.491897
370261.270492	0.478674
370389.344262	0.449263
370517.418033	0.419562
370645.491803	0.407464
370773.565574	0.423557
370901.639344	0.463127
371029.713115	0.511086
371157.786885	0.552062
371285.860656	0.575136
371413.934426	0.574400
371542.008197	0.548372
371670.081967	0.499253
371798.155738	0.432150
371926.229508	0.354209
372054.303279	0.273681
372182.377049	0.198964
372310.450820	0.137778
372438.524590	0.096719
372566.598361	0.080841
372694.672131	0.090958
372822.745902	0.122809
372950.819672	0.170988
373078.893443	0.228981
373206.967213	0.288609
373335.040984	0.340775
373463.114754	0.376638
373591.188525	0.388945
373719.262295	0.373726
373847.336066	0.333276
373975.409836	0.283443
374103.483607	0.267630
374231.557377	0.336230
374359.631148	0.478181
374487.704918	0.655661
374615.778689	0.842198
374743.852459	1.019175
374871.926230	1.171799
375000.000000	1.288196
375128.073770	1.359600
375256.147541	1.380780
375384.221311	1.350366
375512.295082	1.270963
375640.368852	1.149022
375768.442623	0.994498
375896.516393	0.820427
376024.590164	0.642684
376152.663934	0.480413
376280.737705	0.357066
376408.811475	0.294984
376536.885246	0.289415
376664.959016	0.303373
376793.032787	0.306668
376921.106557	0.290272
377049.180328	0.262886
377177.254098	0.250205
377305.327869	0.282129
377433.401639	0.359423
377561.475410	0.458680
377689.549180	0.558096
377817.622951	0.642620
377945.696721	0.702274
378073.770492	0.731101
378201.844262	0.726736
378329.918033	0.690110
378457.991803	0.625069
378586.065574	0.537830
378714.139344	0.436299
378842.213115	0.329284
378970.286885	0.225717
379098.360656	0.134091
379226.434426	0.063543
379354.508197	0.036282
379482.581967	0.055111
379610.655738	0.075645
379738.729508	0.098701
379866.803279	0.134789
379994.877049	0.185986
380122.950820	0.246791
380251.024590	0.309880
380379.098361	0.368872
380507.172131	0.419466
380635.245902	0.460219
380763.319672	0.493091
380891.393443	0.523411
381019.467213	0.558653
381147.540984	0.605699
381275.614754	0.667637
381403.688525	0.742212
381531.762295	0.822793
381659.836066	0.900593
381787.909836	0.966687
381915.983607	1.013358
382044.057377	1.034912
382172.131148	1.028146
382300.204918	0.992615
382428.278689	0.930738
382556.352459	0.847808
382684.426230	0.751944
382812.500000	0.653961
382940.573770	0.566826
383068.647541	0.503452
383196.721311	0.471291
383324.795082	0.466522
383452.868852	0.475729
383580.942623	0.484124
383709.016393	0.481299
383837.090164	0.462377
383965.163934	0.427369
384093.237705	0.380493
384221.311475	0.329928
384349.385246	0.287565
384477.459016	0.266339
384605.532787	0.272011
384733.606557	0.297487
384861.680328	0.330251
384989.754098	0.361381
385117.827869	0.387854
385245.901639	0.411758
385373.975410	0.438605
385502.049180	0.474650
385630.122951	0.523618
385758.196721	0.584651
385886.270492	0.652695
386014.344262	0.720389
386142.418033	0.779925
386270.491803	0.824282
386398.565574	0.847930
386526.639344	0.847215
386654.713115	0.820549
386782.786885	0.768438
386910.860656	0.693379
387038.934426	0.599633
387167.008197	0.492898
387295.081967	0.379925
387423.155738	0.268177
387551.229508	0.165897
387679.303279	0.084870
387807.377049	0.056177
387935.450820	0.080324
388063.524590	0.098952
388191.598361	0.097494
388319.672131	0.079312
388447.745902	0.067276
388575.819672	0.102080
388703.893443	0.171935
388831.967213	0.254181
388960.040984	0.337346
389088.114754	0.413242
389216.188525	0.475076
389344.262295	0.517319
389472.336066	0.535917
389600.409836	0.528506
389728.483607	0.494580
389856.557377	0.435568
389984.631148	0.354874
390112.704918	0.258099
390240.778689	0.154911
390368.852459	0.078859
390496.926230	0.123746
390625.000000	0.216207
390753.073770	0.301057
390881.147541	0.366581
391009.221311	0.407438
391137.295082	0.421110
391265.368852	0.407593
391393.442623	0.369603
391521.516393	0.313217
391649.590164	0.249716
391777.663934	0.200106
391905.737705	0.194016
392033.811475	0.235656
392161.885246	0.296425
392289.959016	0.352588
392418.032787	0.391394
392546.106557	0.406161
392674.180328	0.393999
392802.254098	0.355052
392930.327869	0.292215
393058.401639	0.211209
393186.475410	0.122628
393314.549180	0.066329
393442.622951	0.120099
393570.696721	0.200836
393698.770492	0.269126
393826.844262	0.315038
393954.918033	0.333703
394082.991803	0.323227
394211.065574	0.284520
394339.139344	0.221455
394467.213115	0.142126
394595.286885	0.072298
394723.360656	0.102750
394851.434426	0.189494
394979.508197	0.272269
395107.581967	0.336716
395235.655738	0.375405
395363.729508	0.383981
395491.803279	0.360875
395619.877049	0.307314
395747.950820	0.227282
395876.024590	0.127730
396004.098361	0.032537
396132.172131	0.111865
396260.245902	0.221132
396388.319672	0.316725
396516.393443	0.389464
396644.467213	0.432970
396772.540984	0.443446
396900.614754	0.420001
397028.688525	0.364965
397156.762295	0.284494
397284.836066	0.191497
397412.909836	0.123534
397540.983607	0.156968
397669.057377	0.251490
397797.131148	0.347098
397925.204918	0.424282
398053.278689	0.474381
398181.352459	0.493542
398309.426230	0.482063
398437.500000	0.444822
398565.573770	0.392411
398693.647541	0.342871
398821.721311	0.320276
398949.795082	0.339622
399077.868852	0.389990
399205.942623	0.447099
399334.016393	0.490630
399462.090164	0.507329
399590.163934	0.489552
399718.237705	0.434140
399846.311475	0.341828
399974.385246	0.216931
400102.459016	0.069172
400230.532787	0.108181
400358.606557	0.280652
400486.680328	0.449526
400614.754098	0.602213
400742.827869	0.728263
400870.901639	0.819077
400998.975410	0.868415
401127.049180	0.872816
401255.122951	0.831835
401383.196721	0.748111
401511.270492	0.627306
401639.344262	0.478191
401767.418033	0.314182
401895.491803	0.167283
402023.565574	0.162650
402151.639344	0.297036
402279.713115	0.440320
402407.786885	0.561973
402535.860656	0.652050
402663.934426	0.706053
402792.008197	0.722954
402920.081967	0.704787
403048.155738	0.656519
403176.229508	0.586099
403304.303279	0.504851
403432.377049	0.428310
403560.450820	0.376044
403688.524590	0.364463
403816.598361	0.392309
403944.672131	0.441454
404072.745902	0.493016
404200.819672	0.534730
404328.893443	0.560056
404456.967213	0.566184
404585.040984	0.552646
404713.114754	0.520447
404841.188525	0.471483
404969.262295	0.408161
405097.336066	0.333228
405225.409836	0.249835
405353.483607	0.162143
405481.557377	0.079696
405609.631148	0.061623
405737.704918	0.129851
405865.778689	0.201839
405993.852459	0.261107
406121.926230	0.301461
406250.000000	0.318765
406378.073770	0.310787
406506.147541	0.278266
406634.221311	0.227922
406762.295082	0.182073
406890.368852	0.190754
407018.442623	0.273977
407146.516393	0.394958
407274.590164	0.525109
407402.663934	0.647541
407530.737705	0.749655
407658.811475	0.821160
407786.885246	0.853976
407914.959016	0.842603
408043.032787	0.784555
408171.106557	0.680741
408299.180328	0.535951
408427.254098	0.360579
408555.327869	0.185114
408683.401639	0.177768
408811.475410	0.366457
408939.549180	0.575543
409067.622951	0.767886
409195.696721	0.928387
409323.770492	1.047071
409451.844262	1.117571
409579.918033	1.137095
409707.991803	1.106490
409836.065574	1.030173
409964.139344	0.915938
410092.213115	0.774795
410220.286885	0.621219
410348.360656	0.474794
410476.434426	0.364269
410604.508197	0.324373
410732.581967	0.357357
410860.655738	0.421960
410988.729508	0.483630
411116.803279	0.527116
411244.877049	0.547913
411372.950820	0.546794
411501.024590	0.527118
411629.098361	0.493172
411757.172131	0.449006
411885.245902	0.397777
412013.319672	0.341908
412141.393443	0.284453
412269.467213	0.232401
412397.540984	0.201891
412525.614754	0.214182
412653.688525	0.269460
412781.762295	0.347690
412909.836066	0.431276
413037.909836	0.508510
413165.983607	0.571155
413294.057377	0.613391
413422.131148	0.631688
413550.204918	0.624917
413678.278689	0.594422
413806.352459	0.543927
413934.426230	0.479240
414062.500000	0.407750
414190.573770	0.337665
414318.647541	0.276857
414446.721311	0.231120
414574.795082	0.202514
414702.868852	0.190335
414830.942623	0.195558
414959.016393	0.222530
415087.090164	0.273532
415215.163934	0.344444
415343.237705	0.426665
415471.311475	0.510094
415599.385246	0.584689
415727.459016	0.641362
415855.532787	0.672768
415983.606557	0.674086
416111.680328	0.643818
416239.754098	0.584736
416367.827869	0.505446
416495.901639	0.423525
416623.975410	0.369586
416752.049180	0.377134
416880.122951	0.445862
417008.196721	0.543223
417136.270492	0.639677
417264.344262	0.717371
417392.418033	0.766868
417520.491803	0.784940
417648.565574	0.773844
417776.639344	0.741115
417904.713115	0.699148
418032.786885	0.663405
418160.860656	0.647647
418288.934426	0.656876
418417.008197	0.683918
418545.081967	0.713778
418673.155738	0.730771
418801.229508	0.722883
418929.303279	0.683252
419057.377049	0.610484
419185.450820	0.509142
419313.524590	0.392122
419441.598361	0.290125
419569.672131	0.266186
419697.745902	0.347437
419825.819672	0.474272
419953.893443	0.600948
420081.967213	0.706520
420210.040984	0.780254
420338.114754	0.816757
420466.188525	0.814560
420594.262295	0.775494
420722.336066	0.704168
420850.409836	0.607367
420978.483607	0.493358
421106.557377	0.371162
421234.631148	0.249936
421362.704918	0.139074
421490.778689	0.056080
421618.852459	0.068587
421746.926230	0.119818
421875.000000	0.156979
422003.073770	0.177782
422131.147541	0.186082
422259.221311	0.187647
422387.295082	0.188275
422515.368852	0.191768
422643.442623	0.198725
422771.516393	0.207386
422899.590164	0.215788
423027.663934	0.223436
423155.737705	0.231673
423283.811475	0.242752
423411.885246	0.258075
423539.959016	0.276717
423668.032787	0.295290
423796.106557	0.309020
423924.180328	0.313077
424052.254098	0.303582
424180.327869	0.278223
424308.401639	0.236596
424436.475410	0.180381
424564.549180	0.113644
424692.622951	0.046742
424820.696721	0.052546
424948.770492	0.114997
425076.844262	0.168641
425204.918033	0.202833
425332.991803	0.211334
425461.065574	0.189892
425589.139344	0.136489
425717.213115	0.053717
425845.286885	0.073480
425973.360656	0.213329
426101.434426	0.374855
426229.508197	0.548179
426357.581967	0.723967
426485.655738	0.892566
426613.729508	1.044516
426741.803279	1.171155
426869.877049	1.265211
426997.950820	1.321290
427126.024590	1.336257
427254.098361	1.309452
427382.172131	1.242747
427510.245902	1.140418
427638.319672	1.008860
427766.393443	0.856160
427894.467213	0.691568
428022.540984	0.524922
428150.614754	0.366175
428278.688525	0.225429
428406.762295	0.115909
428534.836066	0.071277
428662.909836	0.096463
428790.983607	0.118219
428919.057377	0.115224
429047.131148	0.086920
429175.204918	0.037555
429303.278689	0.029786
429431.352459	0.103927
429559.426230	0.181759
429687.500000	0.257359
429815.573770	0.326709
429943.647541	0.387631
430071.721311	0.439828
430199.795082	0.484532
430327.868852	0.523708
430455.942623	0.558969
430584.016393	0.590538
430712.090164	0.616740
430840.163934	0.634200
430968.237705	0.638641
431096.311475	0.625914
431224.385246	0.592967
431352.459016	0.538626
431480.532787	0.464160
431608.606557	0.373864
431736.680328	0.276381
431864.754098	0.189766
431992.827869	0.153725
432120.901639	0.191963
432248.975410	0.257849
432377.049180	0.315229
432505.122951	0.350055
432633.196721	0.357140
432761.270492	0.336840
432889.344262	0.295756
433017.418033	0.250724
433145.491803	0.234149
433273.565574	0.274670
433401.639344	0.359740
433529.713115	0.460343
433657.786885	0.556205
433785.860656	0.634697
433913.934426	0.687887
434042.008197	0.711465
434170.081967	0.704423
434298.155738	0.668869
434426.229508	0.609805
434554.303279	0.534840
434682.377049	0.453917
434810.450820	0.379033
434938.524590	0.323226
435066.598361	0.296523
435194.672131	0.299092
435322.745902	0.321533
435450.819672	0.354091
435578.893443	0.391847
435706.967213	0.433294
435835.040984	0.477171
435963.114754	0.520358
436091.188525	0.557502
436219.262295	0.581915
436347.336066	0.586947
436475.409836	0.567296
436603.483607	0.520078
436731.557377	0.445742
436859.631148	0.349325
436987.704918	0.244350
437115.778689	0.169932
437243.852459	0.197129
437371.926230	0.295410
437500.000000	0.399531
437628.073770	0.482724
437756.147541	0.531948
437884.221311	0.539859
438012.295082	0.503568
438140.368852	0.424915
438268.442623	0.312258
438396.516393	0.191531
438524.590164	0.166453
438652.663934	0.296374
438780.737705	0.464101
438908.811475	0.623289
439036.885246	0.754921
439164.959016	0.846615
439293.032787	0.890147
439421.106557	0.881334
439549.180328	0.820175
439677.254098	0.710873
439805.327869	0.561802
439933.401639	0.386171
440061.475410	0.209490
440189.549180	0.142919
440317.622951	0.277476
440445.696721	0.437131
440573.770492	0.571530
440701.844262	0.666811
440829.918033	0.716767
440957.991803	0.719938
441086.065574	0.679101
441214.139344	0.601135
441342.213115	0.497331
441470.286885	0.385228
441598.360656	0.294488
441726.434426	0.268870
441854.508197	0.319101
441982.581967	0.401881
442110.655738	0.481871
442238.729508	0.543377
442366.803279	0.580670
442494.877049	0.593178
442622.950820	0.583363
442751.024590	0.555333
442879.098361	0.513604
443007.172131	0.461990
443135.245902	0.402771
443263.319672	0.336431
443391.393443	0.262064
443519.467213	0.178322
443647.540984	0.084608
443775.614754	0.022547
443903.688525	0.131325
444031.762295	0.245598
444159.836066	0.358225
444287.909836	0.463281
444415.983607	0.554904
444544.057377	0.627859
444672.131148	0.678046
444800.204918	0.702883
444928.278689	0.701510
445056.352459	0.674832
445184.426230	0.625395
445312.500000	0.557144
445440.573770	0.475129
445568.647541	0.385283
445696.721311	0.294583
445824.795082	0.212517
445952.868852	0.155878
446080.942623	0.148795
446209.016393	0.187772
446337.090164	0.245303
446465.163934	0.307198
446593.237705	0.369863
446721.311475	0.433382
446849.385246	0.498648
446977.459016	0.566057
447105.532787	0.634865
447233.606557	0.702966
447361.680328	0.767003
447489.754098	0.822688
447617.827869	0.865249
447745.901639	0.889951
447873.975410	0.892635
448002.049180	0.870259
448130.122951	0.821406
448258.196721	0.746765
448386.270492	0.649640
448514.344262	0.536729
448642.418033	0.419958
448770.491803	0.321183
448898.565574	0.276609
449026.639344	0.307033
449154.713115	0.380393
449282.786885	0.457991
449410.860656	0.519743
449538.934426	0.557373
449667.008197	0.569605
449795.081967	0.560686
449923.155738	0.539892
450051.229508	0.520345
450179.303279	0.515267
450307.377049	0.531344
450435.450820	0.564286
450563.524590	0.601722
450691.598361	0.629654
450819.672131	0.636812
450947.745902	0.616363
451075.819672	0.566546
451203.893443	0.491402
451331.967213	0.402803
451460.040984	0.325661
451588.114754	0.300565
451716.188525	0.348319
451844.262295	0.437505
451972.336066	0.529952
452100.409836	0.602777
452228.483607	0.643302
452356.557377	0.645086
452484.631148	0.606520
452612.704918	0.530364
452740.778689	0.423833
452868.852459	0.300346
452996.926230	0.190700
453125.000000	0.175999
453253.073770	0.270689
453381.147541	0.387317
453509.221311	0.490244
453637.295082	0.567987
453765.368852	0.617193
453893.442623	0.639706
454021.516393	0.641678
454149.590164	0.632489
454277.663934	0.622605
454405.737705	0.620108
454533.811475	0.627199
454661.885246	0.639266
454789.959016	0.647388
454918.032787	0.642112
455046.106557	0.616281
455174.180328	0.566440
455302.254098	0.493433
455430.327869	0.403004
455558.401639	0.307864
455686.475410	0.234292
455814.549180	0.223605
455942.622951	0.279867
456070.696721	0.360458
456198.770492	0.435816
456326.844262	0.492857
456454.918033	0.526212
456582.991803	0.534699
456711.065574	0.519801
456839.139344	0.484596
456967.213115	0.432754
457095.286885	0.367710
457223.360656	0.292413
457351.434426	0.210877
457479.508197	0.137569
457607.581967	0.130794
457735.655738	0.219896
457863.729508	0.347970
457991.803279	0.489190
458119.877049	0.631516
458247.950820	0.764599
458376.024590	0.878158
458504.098361	0.962366
458632.172131	1.008672
458760.245902	1.010697
458888.319672	0.965036
459016.393443	0.871936
459144.467213	0.736004
459272.540984	0.567636
459400.614754	0.388879
459528.688525	0.262419
459656.762295	0.309240
459784.836066	0.476338
459912.909836	0.658672
460040.983607	0.818964
460169.057377	0.941425
460297.131148	1.018170
460425.204918	1.046624
460553.278689	1.028882
460681.352459	0.971333
460809.426230	0.884166
460937.500000	0.780615
461065.573770	0.675688
461193.647541	0.583758
461321.721311	0.514272
461449.795082	0.466935
461577.868852	0.431550
461705.942623	0.394940
461834.016393	0.349556
461962.090164	0.300289
462090.163934	0.271210
462218.237705	0.297938
462346.311475	0.384875
462474.385246	0.504014
462602.459016	0.629551
462730.532787	0.744297
462858.606557	0.836838
462986.680328	0.900212
463114.754098	0.931689
463242.827869	0.932845
463370.901639	0.909535
463498.975410	0.871480
463627.049180	0.831026
463755.122951	0.800460
463883.196721	0.787919
464011.270492	0.793905
464139.344262	0.811472
464267.418033	0.830130
464395.491803	0.840268
464523.565574	0.835812
464651.639344	0.815075
464779.713115	0.780492
464907.786885	0.737597
465035.860656	0.693287
465163.934426	0.653358
465292.008197	0.619915
465420.081967	0.590050
465548.155738	0.556844
465676.229508	0.512096
465804.303279	0.449080
465932.377049	0.364454
466060.450820	0.259928
466188.524590	0.149324
466316.598361	0.114746
466444.672131	0.225195
466572.745902	0.368531
466700.819672	0.508140
466828.893443	0.630972
466956.967213	0.728492
467085.040984	0.794864
467213.114754	0.826881
467341.188525	0.824044
467469.262295	0.788497
467597.336066	0.724778
467725.409836	0.639379
467853.483607	0.540155
467981.557377	0.435624
468109.631148	0.334182
468237.704918	0.243231
468365.778689	0.168078
468493.852459	0.110369
468621.926230	0.066442
468750.000000	0.028696
468878.073770	0.021539
469006.147541	0.069922
469134.221311	0.128457
469262.295082	0.191641
469390.368852	0.254527
469518.442623	0.312306
469646.516393	0.361142
469774.590164	0.398873
469902.663934	0.425489
470030.737705	0.443271
470158.811475	0.456395
470286.885246	0.469764
470414.959016	0.487167
470543.032787	0.509509
470671.106557	0.534238
470799.180328	0.556282
470927.254098	0.569720
471055.327869	0.569299
471183.401639	0.551422
471311.475410	0.514665
471439.549180	0.459964
471567.622951	0.390606
471695.696721	0.312174
471823.770492	0.232779
471951.844262	0.164405
472079.918033	0.124966
472207.991803	0.125064
472336.065574	0.144457
472464.139344	0.160582
472592.213115	0.167200
472720.286885	0.170780
472848.360656	0.186940
472976.434426	0.229139
473104.508197	0.296208
473232.581967	0.377298
473360.655738	0.460537
473488.729508	0.535577
473616.803279	0.593871
473744.877049	0.628831
473872.950820	0.636066
474001.024590	0.613590
474129.098361	0.561900
474257.172131	0.483887
474385.245902	0.384576
474513.319672	0.270710
474641.393443	0.150408
474769.467213	0.037614
474897.540984	0.087012
475025.614754	0.181247
475153.688525	0.256793
475281.762295	0.310039
475409.836066	0.340998
475537.909836	0.352639
475665.983607	0.350546
475794.057377	0.341948
475922.131148	0.333674
476050.204918	0.329273
476178.278689	0.327120
476306.352459	0.321394
476434.426230	0.305239
476562.500000	0.274104
476690.573770	0.229275
476818.647541	0.185305
476946.721311	0.182082
477074.795082	0.248922
477202.868852	0.359721
477330.942623	0.485548
477459.016393	0.609035
477587.090164	0.717811
477715.163934	0.802125
477843.237705	0.854569
477971.311475	0.870330
478099.385246	0.847485
478227.459016	0.787152
478355.532787	0.693463
478483.606557	0.573391
478611.680328	0.436589
478739.754098	0.296018
478867.827869	0.173636
478995.901639	0.126658
479123.975410	0.181008
479252.049180	0.249488
479380.122951	0.294894
479508.196721	0.308713
479636.270492	0.290800
479764.344262	0.246575
479892.418033	0.189099
480020.491803	0.148670
480148.565574	0.169194
480276.639344	0.239040
480404.713115	0.319448
480532.786885	0.390745
480660.860656	0.444395
480788.934426	0.477964
480917.008197	0.494089
481045.081967	0.500049
481173.155738	0.506271
481301.229508	0.522549
481429.303279	0.552795
481557.377049	0.592342
481685.450820	0.630170
481813.524590	0.653296
481941.598361	0.650115
482069.672131	0.612209
482197.745902	0.535456
482325.819672	0.421620
482453.893443	0.284686
482581.967213	0.190967
482710.040984	0.283905
482838.114754	0.485720
482966.188525	0.708871
483094.262295	0.924481
483222.336066	1.115402
483350.409836	1.268457
483478.483607	1.373634
483606.557377	1.424340
483734.631148	1.417763
483862.704918	1.355082
483990.778689	1.241484
484118.852459	1.086041
484246.926230	0.901613
484375.000000	0.705312
484503.073770	0.520913
484631.147541	0.385356
484759.221311	0.344207
484887.295082	0.390356
485015.368852	0.461189
485143.442623	0.514083
485271.516393	0.532271
485399.590164	0.511859
485527.663934	0.456248
485655.737705	0.374537
485783.811475	0.282708
485911.885246	0.210079
486039.959016	0.200048
486168.032787	0.251351
486296.106557	0.316329
486424.180328	0.365130
486552.254098	0.384843
486680.327869	0.370520
486808.401639	0.322202
486936.475410	0.244081
487064.549180	0.145608
487192.622951	0.065638
487320.696721	0.134529
487448.770492	0.249202
487576.844262	0.355116
487704.918033	0.439607
487832.991803	0.495238
487961.065574	0.517755
488089.139344	0.506085
488217.213115	0.462538
488345.286885	0.393220
488473.360656	0.309536
488601.434426	0.233593
488729.508197	0.206683
488857.581967	0.253381
488985.655738	0.339089
489113.729508	0.430552
489241.803279	0.513570
489369.877049	0.583261
489497.950820	0.639360
489626.024590	0.684012
489754.098361	0.720001
489882.172131	0.749083
490010.245902	0.770785
490138.319672	0.782089
490266.393443	0.778085
490394.467213	0.753214
490522.540984	0.702626
490650.614754	0.623312
490778.688525	0.514898
490906.762295	0.380297
491034.836066	0.227582
491162.909836	0.094744
491290.983607	0.173201
491419.057377	0.340320
491547.131148	0.503381
491675.204918	0.646715
491803.278689	0.761620
491931.352459	0.842541
492059.426230	0.886903
492187.500000	0.895179
492315.573770	0.870789
492443.647541	0.819764
492571.721311	0.750130
492699.795082	0.671027
492827.868852	0.591506
492955.942623	0.519076
493084.016393	0.458273
493212.090164	0.410104
493340.163934	0.373288
493468.237705	0.347001
493596.311475	0.333115
493724.385246	0.335409
493852.459016	0.355332
493980.532787	0.388430
494108.606557	0.425397
494236.680328	0.455608
494364.754098	0.469761
494492.827869	0.461236
494620.901639	0.426977
494748.975410	0.368665
494877.049180	0.295617
495005.122951	0.233400
495133.196721	0.231363
495261.270492	0.306581
495389.344262	0.417705
495517.418033	0.530968
495645.491803	0.627986
495773.565574	0.697586
495901.639344	0.733052
496029.713115	0.731626
496157.786885	0.694631
496285.860656	0.627890
496413.934426	0.542620
496542.008197	0.457295
496670.081967	0.399055
496798.155738	0.394020
496926.229508	0.441505
497054.303279	0.514824
497182.377049	0.588291
497310.450820	0.646827
497438.524590	0.683882
497566.598361	0.698929
497694.672131	0.695874
497822.745902	0.681644
497950.819672	0.664344
498078.893443	0.650808
498206.967213	0.644161
498335.040984	0.642776
498463.114754	0.641439
498591.188525	0.633899
498719.262295	0.615198
498847.336066	0.582982
498975.409836	0.537810
499103.483607	0.482726
499231.557377	0.422274
499359.631148	0.361011
499487.704918	0.301700
499615.778689	0.243793
499743.852459	0.183318
499871.926230	0.115068
500000.000000	0.043910
500128.073770	0.088327
500256.147541	0.205174
500384.221311	0.340330
500512.295082	0.485337
500640.368852	0.632206
500768.442623	0.772411
500896.516393	0.897546
501024.590164	1.000106
501152.663934	1.074171
501280.737705	1.115939
501408.811475	1.124048
501536.885246	1.099679
501664.959016	1.046441
501793.032787	0.970063
501921.106557	0.877967
502049.180328	0.778755
502177.254098	0.681699
502305.327869	0.596165
502433.401639	0.530721
502561.475410	0.491500
502689.549180	0.480130
502817.622951	0.493153
502945.696721	0.524109
503073.770492	0.566238
503201.844262	0.613651
503329.918033	0.661227
503457.991803	0.704262
503586.065574	0.738351
503714.139344	0.759519
503842.213115	0.764433
503970.286885	0.750601
504098.360656	0.716486
504226.434426	0.661535
504354.508197	0.586190
504482.581967	0.491965
504610.655738	0.381808
504738.729508	0.261728
504866.803279	0.150650
504994.877049	0.132468
505122.950820	0.238145
505251.024590	0.369416
505379.098361	0.494879
505507.172131	0.602343
505635.245902	0.683124
505763.319672	0.730357
505891.393443	0.739309
506019.467213	0.708211
506147.540984	0.639580
506275.614754	0.542781
506403.688525	0.440250
506531.762295	0.379315
506659.836066	0.416197
506787.909836	0.540504
506915.983607	0.698147
507044.057377	0.850230
507172.131148	0.973111
507300.204918	1.051204
507428.278689	1.074459
507556.352459	1.037872
507684.426230	0.941598
507812.500000	0.791350
507940.573770	0.599759
508068.647541	0.393498
508196.721311	0.256479
508324.795082	0.344099
508452.868852	0.550518
508580.942623	0.759599
508709.016393	0.935722
508837.090164	1.062805
508965.163934	1.132678
509093.237705	1.143188
509221.311475	1.097815
509349.385246	1.005506
509477.459016	0.880550
509605.532787	0.742647
509733.606557	0.616875
509861.680328	0.530509
509989.754098	0.499179
510117.827869	0.509929
510245.901639	0.531201
510373.975410	0.536300
510502.049180	0.511232
510630.122951	0.452879
510758.196721	0.367032
510886.270492	0.269932
511014.344262	0.199532
511142.418033	0.214001
511270.491803	0.295996
511398.565574	0.387821
511526.639344	0.462205
511654.713115	0.508742
511782.786885	0.525405
511910.860656	0.516603
512038.934426	0.492594
512167.008197	0.468101
