# Time(us) Voltage(mV)
0.000000	-103.915525
0.976000	-75.991089
1.952000	-97.811823
2.928000	-88.198492
3.904000	-84.688864
4.880000	-80.721458
5.856000	-70.802942
6.832000	-68.514054
7.808000	-68.208869
8.784000	-53.865169
9.760000	-56.764428
10.736000	-44.557024
11.712000	-36.164434
12.688000	-43.488876
13.664000	-34.791101
14.640000	-31.739250
15.616000	-18.768883
16.592000	-33.417768
17.568000	-2.136296
18.544000	4.425184
19.520000	2.441481
20.496000	3.967406
21.472000	17.242958
22.448000	7.477035
23.424000	10.986663
24.400000	5.188147
25.376000	26.856288
26.352000	26.551103
27.328000	12.207404
28.304000	23.957030
29.280000	17.090365
30.256000	8.392590
31.232000	6.408887
32.208000	20.752586
33.184000	18.921476
34.160000	19.989624
35.136000	11.444441
36.112000	28.382214
37.088000	5.951109
38.064000	16.479995
39.040000	8.392590
40.016000	5.035554
40.992000	2.899258
41.968000	14.801477
42.944000	-3.814814
43.920000	-3.204443
44.896000	10.528886
45.872000	-14.343699
46.848000	-9.613330
47.824000	-12.817774
48.800000	-22.431104
49.776000	-19.379254
50.752000	-16.937773
51.728000	-9.155553
52.704000	-19.684439
53.680000	-19.531846
54.656000	-32.654805
55.632000	-22.431104
56.608000	-16.937773
57.584000	-29.297769
58.560000	-32.654805
59.536000	-36.469619
60.512000	-32.959990
61.488000	-36.622211
62.464000	-39.979247
63.440000	-40.131840
64.416000	-50.965911
65.392000	-28.839991
66.368000	-31.891842
67.344000	-29.908139
68.320000	-34.791101
69.296000	-38.148137
70.272000	-44.404431
71.248000	-25.177770
72.224000	-17.853328
73.200000	-33.722953
74.176000	-33.875546
75.152000	-17.853328
76.128000	-24.109622
77.104000	-18.311106
78.080000	-16.479995
79.056000	-8.697775
80.032000	-15.411847
81.008000	-15.411847
81.984000	-20.294809
82.960000	-18.921476
83.936000	-16.174810
84.912000	-9.918516
85.888000	-4.577776
86.864000	-14.191107
87.840000	0.305185
88.816000	-8.545183
89.792000	-13.275552
90.768000	-6.561480
91.744000	-10.223701
92.720000	-21.668142
93.696000	-23.957030
94.672000	-13.275552
95.648000	-20.752586
96.624000	-5.188147
97.600000	-16.479995
98.576000	-20.447401
99.552000	-10.528886
100.528000	-13.275552
101.504000	3.509629
102.480000	-7.782220
103.456000	-9.613330
104.432000	-2.899258
105.408000	-30.213324
106.384000	-31.891842
107.360000	-16.174810
108.336000	-4.425184
109.312000	-10.223701
110.288000	-19.989624
111.264000	-7.934812
112.240000	-17.853328
113.216000	-3.967406
114.192000	-13.428144
115.168000	-20.752586
116.144000	-10.223701
117.120000	-29.755547
118.096000	-25.177770
119.072000	-10.681478
120.048000	-26.551103
121.024000	-7.477035
122.000000	-39.674062
122.976000	-18.158513
123.952000	-25.330363
124.928000	-9.002960
125.904000	-16.174810
126.880000	-16.632588
127.856000	-16.174810
128.832000	-18.921476
129.808000	-29.297769
130.784000	-32.197027
131.760000	-21.668142
132.736000	-18.768883
133.712000	-15.259255
134.688000	-6.866665
135.664000	-15.717032
136.640000	-11.139256
137.616000	-15.717032
138.592000	-14.954070
139.568000	-12.817774
140.544000	-13.733329
141.520000	-19.989624
142.496000	-10.681478
143.472000	-25.330363
144.448000	-19.074068
145.424000	-15.259255
146.400000	-20.294809
147.376000	-21.973327
148.352000	-18.005921
149.328000	-18.616291
150.304000	-10.681478
151.280000	-18.616291
152.256000	-23.041475
153.232000	-25.788141
154.208000	-13.580737
155.184000	-29.755547
156.160000	-1.831111
157.136000	-24.109622
158.112000	-4.425184
159.088000	-13.428144
160.064000	-8.087405
161.040000	-17.090365
162.016000	-12.665181
162.992000	-23.194067
163.968000	-25.788141
164.944000	-17.090365
165.920000	-16.937773
166.896000	-16.632588
167.872000	-18.616291
168.848000	-18.158513
169.824000	-9.308145
170.800000	-13.122959
171.776000	-21.057772
172.752000	-17.853328
173.728000	-28.992584
174.704000	-19.989624
175.680000	-15.259255
176.656000	-8.392590
177.632000	-18.311106
178.608000	0.305185
179.584000	-26.245918
180.560000	-15.564440
181.536000	-15.259255
182.512000	-16.479995
183.488000	-19.684439
184.464000	-6.408887
185.440000	-29.908139
186.416000	-25.025178
187.392000	-13.275552
188.368000	-25.788141
189.344000	-34.485916
190.320000	-12.207404
191.296000	-32.959990
192.272000	-22.431104
193.248000	-27.771844
194.224000	-17.395550
195.200000	-21.515549
196.176000	-32.197027
197.152000	-27.314066
198.128000	-8.087405
199.104000	-24.719993
200.080000	-25.177770
201.056000	-27.771844
202.032000	-13.580737
203.008000	-31.128880
203.984000	-32.654805
204.960000	-31.586657
205.936000	-14.191107
206.912000	-25.177770
207.888000	-30.365917
208.864000	-30.823695
209.840000	-35.401471
210.816000	-43.031098
211.792000	-18.005921
212.768000	-14.343699
213.744000	-17.395550
214.720000	-16.937773
215.696000	-21.362957
216.672000	-14.954070
217.648000	-22.583697
218.624000	-18.311106
219.600000	-12.665181
220.576000	-11.291849
221.552000	-5.188147
222.528000	-11.139256
223.504000	-7.782220
224.480000	-16.174810
225.456000	-10.528886
226.432000	-15.106662
227.408000	-5.645924
228.384000	12.512589
229.360000	-7.934812
230.336000	-6.866665
231.312000	5.340739
232.288000	1.068148
233.264000	6.561480
234.240000	1.678518
235.216000	-3.357036
236.192000	3.967406
237.168000	-5.951109
238.144000	-11.749626
239.120000	-5.798517
240.096000	-3.051851
241.072000	7.477035
242.048000	-1.831111
243.024000	-7.019257
244.000000	-9.308145
244.976000	-3.357036
245.952000	-13.275552
246.928000	-8.545183
247.904000	-21.820734
248.880000	-33.722953
249.856000	-21.362957
250.832000	-9.918516
251.808000	-12.207404
252.784000	-37.079989
253.760000	-35.401471
254.736000	-26.398511
255.712000	-18.921476
256.688000	-49.592578
257.664000	-45.930357
258.640000	-41.505173
259.616000	-43.946654
260.592000	-50.508133
261.568000	-52.644429
262.544000	-44.709616
263.520000	-65.157018
264.496000	-57.374798
265.472000	-53.559984
266.448000	-48.524430
267.424000	-67.445906
268.400000	-63.783685
269.376000	-63.325907
270.352000	-46.540727
271.328000	-55.696280
272.304000	-55.238502
273.280000	-47.151097
274.256000	-52.034059
275.232000	-50.660726
276.208000	-45.319987
277.184000	-37.079989
278.160000	-39.216285
279.136000	-36.317026
280.112000	-23.194067
281.088000	-45.777764
282.064000	-25.330363
283.040000	-28.839991
284.016000	-12.054811
284.992000	-17.090365
285.968000	14.954070
286.944000	17.090365
287.920000	18.463698
288.896000	16.479995
289.872000	30.213324
290.848000	14.648885
291.824000	29.908139
292.800000	45.930357
293.776000	43.183691
294.752000	29.297769
295.728000	43.488876
296.704000	49.439985
297.680000	60.579241
298.656000	72.481460
299.632000	64.699240
300.608000	56.306650
301.584000	61.952574
302.560000	86.214789
303.536000	63.325907
304.512000	50.050356
305.488000	55.238502
306.464000	57.679983
307.440000	45.014801
308.416000	59.511093
309.392000	53.102206
310.368000	45.167394
311.344000	26.856288
312.320000	7.019257
313.296000	1.525925
314.272000	9.308145
315.248000	8.239998
316.224000	-11.902219
317.200000	-23.499252
318.176000	-31.739250
319.152000	-43.488876
320.128000	-50.965911
321.104000	-71.108127
322.080000	-82.094790
323.056000	-102.389599
324.032000	-95.675527
325.008000	-103.305155
325.984000	-114.597003
326.960000	-129.398480
327.936000	-137.638478
328.912000	-149.388104
329.888000	-137.180700
330.864000	-147.709586
331.840000	-146.336253
332.816000	-174.718467
333.792000	-159.611805
334.768000	-161.290323
335.744000	-174.718467
336.720000	-169.988098
337.696000	-151.982177
338.672000	-142.216254
339.648000	-141.453291
340.624000	-134.586627
341.600000	-141.758477
342.576000	-126.499222
343.552000	-117.954039
344.528000	-98.574786
345.504000	-84.383679
346.480000	-66.682943
347.456000	-47.456282
348.432000	-42.420728
349.408000	-22.431104
350.384000	-6.408887
351.360000	5.798517
352.336000	33.875546
353.312000	54.628132
354.288000	71.260720
355.264000	67.751091
356.240000	96.438490
357.216000	114.139225
358.192000	135.654775
359.168000	143.894772
360.144000	163.579211
361.120000	170.140690
362.096000	185.552538
363.072000	191.503647
364.048000	200.659200
365.024000	217.291787
366.000000	224.616230
366.976000	224.616230
367.952000	206.457717
368.928000	217.139195
369.904000	205.542161
370.880000	214.392529
371.856000	195.928831
372.832000	190.740684
373.808000	177.922910
374.784000	171.514023
375.760000	163.274026
376.736000	145.420698
377.712000	124.515519
378.688000	100.253304
379.664000	80.874050
380.640000	67.751091
381.616000	20.752586
382.592000	-10.376293
383.568000	-31.128880
384.544000	-52.491836
385.520000	-83.773309
386.496000	-125.278481
387.472000	-143.436995
388.448000	-170.140690
389.424000	-190.588092
390.400000	-208.136235
391.376000	-247.810297
392.352000	-269.173254
393.328000	-272.377697
394.304000	-290.536210
395.280000	-310.678426
396.256000	-323.496200
397.232000	-336.313974
398.208000	-349.284341
399.184000	-346.232490
400.160000	-371.105075
401.136000	-362.407300
402.112000	-348.826563
403.088000	-352.488784
404.064000	-348.063601
405.040000	-345.164342
406.016000	-315.561388
406.992000	-289.620655
407.968000	-291.909543
408.944000	-260.017701
409.920000	-238.502152
410.896000	-210.119938
411.872000	-181.279946
412.848000	-143.742180
413.824000	-100.711081
414.800000	-72.634053
415.776000	-53.102206
416.752000	-7.171850
417.728000	37.690359
418.704000	62.868130
419.680000	98.117008
420.656000	144.199957
421.632000	175.023652
422.608000	204.779199
423.584000	222.785119
424.560000	264.900662
425.536000	297.250282
426.512000	322.122868
427.488000	359.050264
428.464000	351.878414
429.440000	380.413221
430.416000	385.906552
431.392000	409.405805
432.368000	419.019135
433.344000	420.239875
434.320000	422.223579
435.296000	424.359874
436.272000	401.776177
437.248000	388.195441
438.224000	397.045808
439.200000	361.796930
440.176000	337.839900
441.152000	330.210273
442.128000	288.705100
443.104000	263.679922
444.080000	225.836970
445.056000	175.481429
446.032000	151.219214
447.008000	93.386639
447.984000	64.699240
448.960000	34.028138
449.936000	-25.025178
450.912000	-58.290353
451.888000	-105.746635
452.864000	-140.385144
453.840000	-178.380688
454.816000	-236.213263
455.792000	-280.007324
456.768000	-303.353984
457.744000	-330.362865
458.720000	-388.653218
459.696000	-408.185064
460.672000	-431.989502
461.648000	-473.647267
462.624000	-472.273934
463.600000	-484.786523
464.576000	-500.350963
465.552000	-505.386517
466.528000	-502.639851
467.504000	-489.669485
468.480000	-498.519852
469.456000	-497.146519
470.432000	-479.598376
471.408000	-460.219123
472.384000	-430.616169
473.360000	-428.022095
474.336000	-401.013215
475.312000	-361.491745
476.288000	-321.207312
477.264000	-289.315470
478.240000	-245.826594
479.216000	-217.291787
480.192000	-153.813288
481.168000	-107.119968
482.144000	-73.702200
483.120000	-25.482955
484.096000	18.768883
485.072000	67.751091
486.048000	105.746635
487.024000	175.939207
488.000000	199.743645
488.976000	243.995483
489.952000	290.841395
490.928000	318.613239
491.904000	336.771752
492.880000	380.870998
493.856000	418.408765
494.832000	431.531724
495.808000	432.142094
496.784000	462.660604
497.760000	469.832453
498.736000	468.153935
499.712000	476.393933
500.688000	482.955412
501.664000	466.017640
502.640000	450.758385
503.616000	449.995422
504.592000	427.869503
505.568000	391.857662
506.544000	370.952483
507.520000	366.222114
508.496000	311.899167
509.472000	279.244362
510.448000	237.739189
511.424000	211.340678
512.400000	160.985137
513.376000	126.956999
514.352000	66.682943
515.328000	25.025178
516.304000	-16.174810
517.280000	-55.391095
518.256000	-98.269601
519.232000	-132.908109
520.208000	-171.056246
521.184000	-220.954009
522.160000	-257.576220
523.136000	-272.225105
524.112000	-301.217689
525.088000	-349.742119
526.064000	-375.988037
527.040000	-402.081362
528.016000	-422.223579
528.992000	-442.670980
529.968000	-434.736167
530.944000	-457.930235
531.920000	-451.979125
532.896000	-448.316904
533.872000	-448.316904
534.848000	-439.466536
535.824000	-428.022095
536.800000	-419.629505
537.776000	-400.708029
538.752000	-383.312479
539.728000	-361.949522
540.704000	-330.210273
541.680000	-291.299173
542.656000	-284.279916
543.632000	-258.186590
544.608000	-218.512528
545.584000	-155.796991
546.560000	-141.911069
547.536000	-112.308115
548.512000	-88.961455
549.488000	-36.469619
550.464000	0.915555
551.440000	43.183691
552.416000	81.789605
553.392000	110.782189
554.368000	138.706626
555.344000	191.503647
556.320000	197.454756
557.296000	219.122898
558.272000	245.368816
559.248000	270.851772
560.224000	278.786584
561.200000	302.591021
562.176000	299.996948
563.152000	321.665090
564.128000	321.054720
565.104000	326.242866
566.080000	322.885830
567.056000	318.155461
568.032000	307.016205
569.008000	289.010285
569.984000	294.961394
570.960000	264.290292
571.936000	266.731773
572.912000	246.131779
573.888000	231.330302
574.864000	209.967345
575.840000	161.442915
576.816000	162.968841
577.792000	137.333293
578.768000	101.016266
579.744000	71.718497
580.720000	30.823695
581.696000	17.548143
582.672000	6.256294
583.648000	-38.605914
584.624000	-50.813318
585.600000	-70.345164
586.576000	-102.237007
587.552000	-113.071078
588.528000	-142.979217
589.504000	-165.410321
590.480000	-193.334758
591.456000	-215.308084
592.432000	-217.749565
593.408000	-230.414747
594.384000	-241.859188
595.360000	-243.079928
596.336000	-234.687338
597.312000	-254.829554
598.288000	-265.511032
599.264000	-253.151036
600.240000	-252.693258
601.216000	-246.284371
602.192000	-244.605853
603.168000	-238.959929
604.144000	-232.398450
605.120000	-207.525864
606.096000	-193.182165
607.072000	-186.468093
608.048000	-165.410321
609.024000	-146.946623
610.000000	-141.300699
610.976000	-133.823664
611.952000	-100.405896
612.928000	-101.474044
613.904000	-75.228126
614.880000	-52.949614
615.856000	-35.401471
616.832000	-18.463698
617.808000	-7.324442
618.784000	30.518509
619.760000	36.011841
620.736000	47.914060
621.712000	70.955535
622.688000	67.903684
623.664000	86.977752
624.640000	100.405896
625.616000	103.152562
626.592000	104.983673
627.568000	117.038484
628.544000	106.357006
629.520000	130.771813
630.496000	117.954039
631.472000	133.671072
632.448000	125.888852
633.424000	124.057741
634.400000	126.499222
635.376000	127.567370
636.352000	115.207373
637.328000	98.117008
638.304000	107.425153
639.280000	93.997009
640.256000	77.974792
641.232000	72.634053
642.208000	65.919980
643.184000	59.053316
644.160000	43.336283
645.136000	31.281472
646.112000	17.395550
647.088000	18.311106
648.064000	-4.577776
649.040000	-22.431104
650.016000	-29.297769
650.992000	-21.668142
651.968000	-48.982208
652.944000	-51.423688
653.920000	-65.919980
654.896000	-56.764428
655.872000	-77.059236
656.848000	-79.348125
657.824000	-70.192572
658.800000	-89.724418
659.776000	-93.234046
660.752000	-88.503677
661.728000	-79.500717
662.704000	-93.234046
663.680000	-97.659230
664.656000	-102.084414
665.632000	-105.136265
666.608000	-94.912564
667.584000	-110.171819
668.560000	-71.260720
669.536000	-96.743675
670.512000	-84.688864
671.488000	-91.097751
672.464000	-69.429609
673.440000	-52.949614
674.416000	-73.397015
675.392000	-75.380718
676.368000	-69.429609
677.344000	-40.437025
678.320000	-41.810358
679.296000	-40.131840
680.272000	-42.573321
681.248000	-13.428144
682.224000	-20.447401
683.200000	-30.060732
684.176000	-11.902219
685.152000	-16.632588
686.128000	-1.525925
687.104000	19.379254
688.080000	13.885922
689.056000	13.428144
690.032000	-0.610370
691.008000	-0.305185
691.984000	12.970367
692.960000	11.902219
693.936000	24.109622
694.912000	22.888882
695.888000	17.700735
696.864000	27.161473
697.840000	14.496292
698.816000	15.106662
699.792000	21.362957
700.768000	27.924436
701.744000	21.820734
702.720000	19.989624
703.696000	13.885922
704.672000	16.937773
705.648000	-6.103702
706.624000	10.071108
707.600000	19.074068
708.576000	3.662221
709.552000	0.305185
710.528000	-9.308145
711.504000	-19.226661
712.480000	-8.850368
713.456000	-0.915555
714.432000	-2.746666
715.408000	-3.814814
716.384000	-21.973327
717.360000	-42.725913
718.336000	-17.700735
719.312000	-22.278512
720.288000	-18.921476
721.264000	-36.011841
722.240000	-17.548143
723.216000	-32.807398
724.192000	-25.482955
725.168000	-36.317026
726.144000	-37.385174
727.120000	-31.434065
728.096000	-41.962951
729.072000	-31.586657
730.048000	-51.728874
731.024000	-41.199988
732.000000	-32.349620
732.976000	-27.008881
733.952000	-31.281472
734.928000	-35.706656
735.904000	-31.586657
736.880000	-20.447401
737.856000	-27.008881
738.832000	-15.717032
739.808000	-18.311106
740.784000	-32.807398
741.760000	-13.580737
742.736000	-27.008881
743.712000	-19.074068
744.688000	-28.077029
745.664000	-9.460738
746.640000	-21.210364
747.616000	-17.700735
748.592000	-13.733329
749.568000	-1.983703
750.544000	-7.934812
751.520000	-19.074068
752.496000	-16.022217
753.472000	-14.954070
754.448000	-9.613330
755.424000	-5.798517
756.400000	-19.531846
757.376000	1.678518
758.352000	1.525925
759.328000	6.256294
760.304000	-6.714072
761.280000	-4.425184
762.256000	-27.314066
763.232000	-11.902219
764.208000	-11.139256
765.184000	-2.594073
766.160000	-8.392590
767.136000	-20.142216
768.112000	-12.359996
769.088000	-10.986663
770.064000	-22.431104
771.040000	-19.989624
772.016000	-14.648885
772.992000	-10.071108
773.968000	-13.580737
774.944000	-15.411847
775.920000	-30.060732
776.896000	-10.986663
777.872000	-11.139256
778.848000	-18.158513
779.824000	-9.155553
